0.35735613 0.08898672 0.06597156 0.6346304 0.61216253 0.4723248 -0.082868084 0.76951903 -0.051489238 0.6533162 0.45875883 0.5598479 0.60425234 -0.10673603 0.6586454 0.80776227 0.57260317 0.79497683 0.82328016 0.21819447
0.5679842 0.7118796 1.0310317 0.10479674 0.15801974 1.0168248 0.12181977 0.7934032 0.69925714 0.623446 0.24020329 0.8970703 0.4143274 0.6619125 0.2875406 0.49198943 0.40027073 0.29150346 0.8373026 0.9693345
0.9281135 0.017566204 0.23209105 0.77863115 0.5421562 0.69916177 0.36451238 0.76455706 0.5683626 0.2696164 0.72468185 0.583881 0.012872309 0.53102124 0.8139651 0.21573952 0.7012488 0.5364587 0.6293337 0.28276908
0.2110373 0.93103427 0.3193829 0.9945506 0.93982744 0.09660029 0.12980688 0.9885244 0.14249733 0.90794295 0.94235176 0.35876954 0.78736144 0.82290846 0.40753552 1.018571 0.8659647 0.6504528 0.3254159 0.8311513
0.04814611 0.37590152 0.37510264 0.6837207 0.9163678 0.5002457 0.49833742 0.12861328 0.8339969 0.7305135 0.5543044 0.14571144 0.640207 0.9842113 0.275602 0.21490917 0.77297544 0.9296049 0.2251913 0.182507
0.26155466 0.8061391 0.59471875 0.8390018 0.8994471 0.45719713 0.033149417 0.081817314 0.0022064433 0.17113788 0.42529097 0.4271414 0.75609714 0.2590361 0.09548909 0.56667626 0.06279031 0.89815784 0.5845045 0.5019658
0.19765002 0.30184147 0.70151633 0.79882497 0.4742151 0.9279083 0.17660907 0.3557323 0.21441214 0.555983 0.5396208 0.3025069 0.43294936 0.08706792 0.79326856 0.9180726 0.9711551 0.9245664 0.19101626 0.35231715
0.69949335 0.85777426 0.41291046 0.75547856 0.18203937 0.15889114 0.4420763 0.6506945 -0.006764953 0.83413136 0.7643492 0.011867123 0.50446856 0.21151215 0.76730144 0.29490328 0.49549952 0.82080436 0.24777879 0.80802506
0.73441815 0.604423 0.2687248 0.7132027 0.323048 0.58569527 0.2527882 0.8008808 0.059761275 0.18674847 0.3278305 0.5609757 0.899566 0.70148695 0.5496551 0.83695304 0.14596196 0.5475286 0.78665674 0.16089596
0.28552866 1.0217382 0.7420343 0.23534788 0.60447496 0.7492053 0.90140736 0.19254646 0.9575796 0.86999285 0.67701066 0.26182342 0.93030256 0.49256325 0.6489087 0.37762013 0.119233124 0.31251904 0.49781284 0.5377173
0.5362373 0.17336975 0.6940781 0.12932707 0.03700395 0.21167693 0.18659385 0.00857502 0.71556467 0.5923893 0.72372144 0.79175436 0.84433526 0.20487995 0.31922656 0.7418677 0.7105017 0.7355506 0.22100198 0.12829742
0.3022903 1.0830374 0.89768016 0.14102349 0.63715875 0.8432937 0.19584838 0.9433212 0.87081236 0.95836514 0.18387392 0.7942699 0.24532478 0.9511762 0.43107218 0.48075667 0.37424922 0.1725557 0.3301032 0.78727865
0.42849323 0.64759666 0.61595714 0.11389803 0.07523044 0.79043716 0.42588043 0.53492993 0.750143 -0.008099553 0.17886588 0.19850388 0.10718785 0.3744175 0.18194486 0.53488654 0.77149385 0.26559916 0.087886766 0.14414482
0.3861048 0.78111994 0.6789977 0.30185694 0.19108841 0.23005679 0.49371317 0.18726186 0.80087966 0.4526621 0.27496722 1.0007524 0.58268166 0.31190267 0.8671712 1.0515441 1.0400265 0.17996274 0.5652766 1.1265587
0.83444506 0.42586526 0.92911875 0.21181251 0.66475147 0.832459 0.7610233 0.45181215 0.26708367 0.548577 0.6492202 0.26517826 0.25942492 0.6096296 0.6904529 0.8316096 1.1021141 0.20718433 0.528055 0.27041468
0.41260576 0.3228441 0.53336054 0.7436033 0.3826853 0.43949318 0.5599538 0.7476526 0.09670039 0.5763313 0.036620177 0.13001513 0.82355005 0.3536575 0.9357035 0.30337286 0.32300517 0.6660916 0.80323774 0.97416407
0.7394261 0.7981296 0.62874234 0.5964123 0.08004988 0.040145975 0.8101894 0.6468713 0.7393313 0.08373409 0.3914204 0.907737 0.7053527 0.61615926 0.29984173 0.42549285 0.17737037 0.5965565 0.7780072 0.21610373
0.33731586 0.35907224 0.021494199 0.7977955 0.59811765 0.89008963 0.5363537 0.5221735 0.030041464 0.3357785 0.76658756 0.3493408 0.5932935 0.5994823 -0.00916433 0.82599837 0.83160967 0.49986663 0.5972151 0.5748501
0.5990406 0.33617032 0.08939195 0.7949587 0.7274755 0.6481463 0.43478063 0.7439237 0.86249113 0.18874657 0.6759253 0.1847875 0.39373577 0.47122893 0.28522924 0.19262995 0.6045611 0.6433995 0.7217316 0.31700328
0.18114857 0.14311582 0.63690215 0.4567665 0.22720507 0.44771394 0.6118987 0.41124487 -0.020359064 0.80346876 0.16637714 0.59399253 0.52459514 0.14247473 0.16730645 0.5093839 0.4261317 0.76785046 0.76687896 0.81316924
0.52197677 0.20400782 0.8592719 0.0081708655 0.8435836 0.357187 0.3274463 0.2393295 0.43686816 0.09389619 0.6963451 -0.021697188 0.50472564 0.7560602 0.82213795 0.56996155 0.5537302 0.8655186 0.73672444 0.5976351
0.080607906 0.4617568 0.77999115 0.00071106 0.4995866 0.5593606 0.5904248 0.48920235 0.5779114 0.88893557 0.38306952 0.25584134 0.21705367 0.5896621 0.8538202 0.08213556 0.58138967 0.607981 0.11350204 -0.0008716442
0.26846883 0.16955703 0.33360398 0.39852276 0.7463035 0.63699126 0.94645435 0.5207986 0.32624495 0.86221784 0.7136327 0.37760618 0.46609738 0.8382 0.80022675 0.9241346 0.13799818 0.44187 1.0598035 0.3648497
0.4392294 0.7357867 0.62369025 0.9946975 0.29018068 0.63935214 0.9520286 0.6348149 0.62543356 0.3882177 0.4149593 0.6458672 0.91451657 0.1961638 0.21356189 0.79150563 0.5380681 1.0123129 0.17415917 0.20610267
0.23312426 1.0641904 0.7412514 0.4385087 0.2217852 0.5392142 0.88699853 0.7801447 0.79702836 0.3604069 0.329702 0.42243284 0.6880061 0.2577551 0.31344107 0.44198743 0.5654451 0.5406692 1.0024638 0.8909766
