0.33476496 0.13003233 0.4516223 0.5277998 0.24373944 0.46196413 0.2520656 0.0787667 0.07195942 0.95771 0.27592778 0.9257643 0.09938012 0.5230443 0.9741605 0.1544506 0.35430914 0.9117599 0.16255718 0.7261112
0.31796697 0.32755253 0.840401 0.22397803 0.802456 0.3304553 0.044443026 0.029334338 0.8289609 0.7568162 0.6992596 0.88810736 0.5044196 0.5442143 0.8306041 0.64697886 -0.018205926 0.15124047 0.6653579 0.63454497
0.8327788 0.1714996 0.7615337 0.7210598 0.3991502 0.57635033 0.40700015 0.35948464 0.41930786 0.2751435 0.7398461 0.24109356 1.072507 0.58255357 0.79456794 0.21383426 0.3680921 0.66863275 0.8194923 0.9899499
0.76961166 0.34277502 0.26203936 0.083770305 0.17669994 0.91845983 0.9420275 0.30482876 0.67619026 0.71791196 0.13567947 0.16762848 0.35953707 0.5480641 0.46748316 0.70243186 0.6356831 0.9325292 0.30863762 0.7371432
0.27096343 0.13379988 0.7494483 0.59466976 0.50539327 0.5010952 0.45914853 0.5282307 0.5730294 0.3404847 0.42681307 0.4233102 0.34352434 0.386847 0.78467506 0.6776954 0.86172 0.4969786 0.2083305 0.65614384
0.5001168 0.645642 0.7981571 0.9315033 0.32856652 0.4906875 0.5599696 1.0504943 0.58057547 0.21299592 0.14761814 1.0028785 0.7809954 0.36455277 0.37039173 0.825073 0.26586103 0.5861821 0.17798588 0.6619661
0.890921 0.269572 0.7810039 0.84514433 0.3393027 0.6856692 0.66090214 0.7088091 0.13541754 0.6370477 0.11302692 0.9396428 0.2519036 0.45911336 0.3468676 0.15908188 0.39484262 0.56782687 0.6116104 0.28259513
0.6734608 0.0837804 0.2902471 0.72512114 0.6266363 0.8443515 0.21258812 0.34038842 0.42430767 0.26641506 0.88429636 0.3145043 0.95400095 0.4931162 0.71229434 0.03552656 0.67693514 0.73727953 0.8918864 0.10388148
0.70769984 0.9888142 0.80264986 0.4410498 0.982347 0.7319652 0.43254724 0.4497574 0.21324134 0.09953048 0.121994235 0.3027631 0.24195604 0.48562524 0.28652856 0.24818854 0.22045179 0.29678 0.78561735 1.0049006
0.18554744 0.5536115 0.526185 0.4722328 0.84462374 0.52881145 0.5710041 0.7559397 0.89384687 0.6993389 0.7988668 0.3543579 0.7032807 0.1127993 0.31198236 0.86951816 0.625677 0.2787891 0.6520599 0.7291195
0.8838848 0.74551046 0.74692124 0.78787667 0.30832982 0.56685746 0.492032 0.20857975 0.35284677 0.3178228 0.64525145 0.31674403 0.6980315 0.082239084 0.33513835 0.40522814 0.69854254 0.33781192 0.22512183 0.85856897
0.6385131 0.7205191 0.18394826 0.68373984 0.12985629 0.03676711 0.47880846 -0.083594754 -0.11248587 0.71742 0.45897484 0.5386459 0.28448346 0.68725115 0.66269815 0.72306097 0.23706359 0.17592639 0.67577624 0.7644828
0.1493071 0.2103281 0.7797546 0.081613146 0.78097814 0.46235725 0.40629175 0.98434055 0.8130629 0.4832132 0.5909796 0.15186714 1.0100219 0.15284005 0.77378404 0.39761683 0.13500455 0.6188822 1.0391777 0.20254
0.21910948 1.1347944 0.8868922 0.81371903 0.5861965 0.7713184 0.23664042 0.49835086 0.23247567 0.7169372 0.6965217 0.5633237 0.30874994 0.54196906 0.2612905 0.9956631 0.37442496 0.79372805 0.19192208 0.5300573
0.2851368 0.23420939 0.55255777 0.67781097 0.62381345 0.48167634 0.9130807 0.18964882 0.6447527 0.06927647 0.23219785 0.8592921 0.19727296 0.84055233 0.19153816 0.1604087 0.048397474 0.096756995 0.5308114 0.7849188
0.7533016 0.19978361 0.620504 0.56091213 0.6044726 0.7649165 0.9241169 0.90182686 0.6645122 0.026601754 0.50265634 0.0268924 0.10319389 0.4833906 0.54444534 0.35369468 0.3438937 0.6585254 0.30811554 0.48869607
0.33451506 0.15633284 0.26119828 -0.19999951 -0.12070256 0.28580552 0.6605948 0.6191635 0.5096538 -0.1351874 0.4110018 0.3373745 0.25110286 0.118418895 0.2893025 0.7109941 0.20121513 0.4980144 0.49158573 0.42699695
0.8154669 0.17340831 0.053599454 0.41174334 0.67439246 0.5538016 0.22914 0.47590077 -0.064565025 0.76130235 0.07344483 0.541874 0.72636384 0.06046861 0.33136266 -0.045467142 0.32696334 -0.007208579 0.78714377 0.44671926
0.8255726 0.22020671 0.30892974 0.9474142 0.3317545 0.28265664 0.46319002 0.087859124 0.94288665 0.40656254 0.5044094 0.51406044 1.0031099 0.07203162 0.9571385 0.8595352 0.1013118 0.35000768 0.41866013 0.63335264
0.516473 0.6278318 0.56063575 0.5038545 0.45532817 0.7421808 0.2564421 0.4031892 0.9238424 0.22155488 0.19293895 0.31100145 0.65910786 0.47300413 0.5650015 0.16928418 0.8674542 0.3613736 0.16544312 0.8900224
0.4682488 0.61655235 0.66365874 0.3099948 0.44596738 0.18948545 0.93973607 0.21741597 0.33528897 0.57454896 0.43940276 0.26288182 0.6425638 0.041419663 0.656178 0.37486193 0.88310194 0.47887847 0.5524102 0.86924326
0.9211841 0.12614766 0.3255003 0.46745068 0.3853105 0.9767352 0.33725005 0.59223014 0.6902684 0.78489643 0.87591875 0.8674421 0.23761934 0.5734831 0.42993477 0.5061724 0.13875185 0.29278204 0.86310863 0.9526287
1.05675 0.23797725 0.83539 0.3267611 0.44605845 0.40236837 0.6622176 0.6053661 0.76438624 0.17566851 1.0087047 0.89480764 0.6618795 0.25907478 0.6564112 0.5013639 0.35461566 0.31639087 0.9370279 0.5844442
0.79349816 0.8435607 0.39678282 0.9671532 0.50308263 0.1913533 0.2654574 0.6227744 0.27200463 0.40441808 0.13478503 0.83143306 0.5802157 0.8924384 0.2543393 0.2663248 0.40918076 0.8511809 0.8443851 0.95215666
0.12349041 0.43455487 0.68800145 0.6075418 0.9879494 0.40645012 0.13065165 0.6997306 0.13891365 0.33297318 1.0650306 0.60135573 0.34059334 0.6618378 0.35700285 0.45591584 0.93779546 0.63472766 0.74651974 1.0055362
