0.56404585 0.5914067 0.893179 1.1035274 0.935313 0.78455764 0.63695294 0.22004604 0.39170134 0.5569176 0.19844404 0.49454707 0.5533833 0.25747395 0.56551975 0.33404067 0.24521685 0.49648592 1.1333545 0.32362103
0.27397496 0.5402774 0.1814955 0.63720113 0.9184977 0.39627787 0.5759506 0.8461317 0.41032538 0.77303153 0.756109 0.5897858 0.3138418 0.21247895 0.577353 0.96323466 0.4176071 0.7557412 0.89188427 0.3462383
0.8174147 0.553329 0.19027397 0.67928606 0.4127038 0.19404908 0.45126247 0.4525108 0.4711333 0.75675094 0.5277382 0.9618979 0.59195304 0.7172997 0.27943632 0.2315719 1.0858642 0.965265 0.59798175 0.34349442
0.4068169 0.5181488 -0.004895078 0.89105874 0.6241866 0.201907 0.7246792 0.03611112 0.42278877 0.5154256 0.39564675 0.27463052 0.42144743 0.29901987 0.85106814 0.5926011 0.5748169 0.3224048 0.87655044 0.93607664
-0.028911648 0.72114855 0.6242025 0.76597273 0.46200582 0.39228743 0.69121486 0.1284797 0.45410967 0.061163746 0.7481435 -0.07749298 0.3592831 0.6017058 0.6346168 0.4257159 0.6844781 0.35150522 0.5708436 0.16098508
0.5053748 0.9113645 0.108419195 0.35209182 0.4020394 0.73723364 0.57212293 0.4530846 0.0057836217 0.8720203 0.6142902 0.14491926 0.25863844 0.590391 0.4206672 0.26440242 0.11703019 0.14113015 0.5548088 0.6795713
0.55527514 0.792228 0.6686856 0.46623957 0.21038699 0.3579512 0.47152156 0.82299066 0.4083343 0.80000645 0.29132766 0.38011003 1.0472486 0.21202688 0.96603006 0.84456235 0.61536497 0.37113026 0.24303997 1.0673449
0.50912255 0.4262922 0.39114776 0.737332 0.7711764 0.22050017 0.2619117 0.7041127 0.4271596 0.4309232 0.2505854 0.341641 0.49173856 0.27890855 0.47621873 0.60580355 0.4438226 0.39495432 0.10901754 0.2855002
0.6676283 0.33018127 0.97260386 0.6959232 0.749527 0.58085537 0.7239859 0.07985809 0.6401476 0.48764366 0.9070391 0.5916004 0.1323606 0.94825023 0.50411177 0.5145429 0.9165259 0.024171406 0.7333358 0.3997689
0.3858952 0.7057681 0.53552914 0.59936327 0.6485764 0.65880203 0.4480527 0.94842184 0.52113444 0.2844476 0.9011419 0.692631 0.535617 0.06800952 0.7445834 0.5684859 0.45280173 0.120499514 0.7656908 0.6556912
0.5998537 0.39756244 0.54498965 0.24443793 0.21101089 0.70099 0.61541414 0.6908405 0.7878103 0.2939761 0.9914873 0.3948025 0.994378 0.6458625 0.4858897 0.3103403 0.3552967 0.36186114 0.826173 1.0150735
0.93897337 0.4587514 0.08071222 0.30576357 0.33867705 0.9003455 0.48568502 0.34283406 0.3248784 0.07971408 0.5505697 0.39977843 0.35029987 0.8435159 0.85506785 0.32055658 0.69286025 0.3429814 0.5170673 0.8452738
0.7289644 0.89000344 0.08930331 0.098188505 0.20009242 0.029808212 0.38024437 0.654456 0.23085465 0.31982026 0.5020986 0.90499884 0.22071324 0.40484726 0.60811985 0.31191063 0.6490197 0.47211364 0.32263806 0.58006895
0.46920323 0.30731598 0.678742 0.17226137 0.7773526 0.7392046 -0.05275279 0.424241 0.09981662 0.25197056 0.8454216 0.34459093 0.7966007 0.50229025 0.20437203 -0.010664431 0.3073634 0.5495846 0.8074359 0.6131829
0.84637296 0.3207165 0.1403962 0.7231635 0.88480437 0.828553 0.4444034 0.28106347 0.6072559 0.5296354 0.93107384 0.25910988 0.95679504 0.09014279 0.38809985 0.058348857 0.21844481 0.4355479 0.3501295 0.759416
0.61771464 0.55108225 0.26678565 0.94373304 0.33312908 0.6534371 0.13419232 0.3739024 0.72291195 0.54229224 0.33833703 0.9521018 0.07452697 0.91268843 0.27027318 0.5027538 0.75063044 0.14641543 0.54215056 0.2792132
0.28846014 1.006981 0.6550663 0.15810421 0.97469884 0.15750208 0.9494489 0.48181415 0.30015427 0.69222915 0.40044197 0.6543081 0.2566606 0.85752845 0.47210264 0.91453975 0.32068604 0.42179805 0.37507328 0.9891598
0.0900038 0.79658663 0.41426557 -0.061702326 0.5991921 0.6975221 -0.054226466 0.6464336 0.532095 0.66336554 0.59986657 0.78766435 0.23891717 0.05331418 0.47012532 0.038460016 0.5010367 0.49792486 0.7014563 0.38531762
0.2975391 0.24977173 0.27712056 0.3943936 0.16913407 0.67728096 0.5853926 0.1790727 0.08133917 0.88668334 0.8024345 0.2556733 0.5993591 0.58697474 0.79992646 0.2763187 0.60202056 0.792376 0.70191085 0.79634947
0.46550435 0.3873005 0.4769301 0.27187437 0.3619475 0.5317966 0.6124184 0.07845758 0.65124613 0.655222 0.30064747 0.6696936 0.62861764 0.8794957 0.16461484 0.8617628 0.3176501 0.32079607 0.50592715 0.8695654
0.06301455 0.5343773 0.5325558 0.4112624 0.81023425 0.24075417 0.044526573 0.7360761 0.76751393 0.022178467 0.23917334 0.3473594 0.34481743 0.27822295 0.4546253 -0.03138965 0.21941617 0.49004468 0.28115696 0.45767948
0.6819461 0.50426567 0.40942097 0.8654404 0.45854595 0.5294307 0.6442458 0.87037075 0.45569253 0.6524127 0.50031143 0.35702974 0.82044625 -0.021001799 0.85571253 0.7060194 0.100718886 0.07912924 0.41468605 0.040866747
0.60533744 0.24045292 -0.05632058 0.22943144 0.25744173 0.5840777 0.35954002 0.6748317 0.32778868 -0.18299837 0.25464612 -0.0058556492 0.6904698 -0.08655254 0.11674936 0.25884092 0.53146607 0.2416453 0.47488186 0.4452006
0.5696113 0.256554 0.27415764 0.73971546 0.055322014 0.6754397 0.25255135 0.25290358 0.11521845 0.22714813 0.093566105 0.75477743 0.73644876 0.30739486 0.55733734 0.74037385 0.24833971 -0.11503221 0.3883054 0.12066058
0.3803123 0.049455352 0.68703794 0.7079716 0.5300722 0.66623855 0.31184804 0.78130525 0.5915036 0.5282071 0.76070297 0.31979755 0.6551464 0.08306665 0.24030317 0.21324466 0.19751316 0.05574641 0.79170984 0.0016915859
