0.32992515 0.6609624 0.19449204 0.6690088 0.7307612 0.046282757 0.6199697 0.41471642 0.82892436 0.5318075 0.4202237 0.18508925 0.8634804 0.95040405 0.32478893 0.022466216 0.46524763 0.2695872 0.7505025 0.713316
0.2538097 0.20166223 0.19167413 0.19819112 -0.19015428 0.3476955 0.44017306 0.7302729 0.63388246 0.7194653 0.01871566 0.59929085 0.41867715 0.42371482 0.47611782 0.47565824 0.06322707 0.16934544 0.36982378 0.56559306
0.63225466 0.5979888 0.235114 0.71887785 0.19102906 0.54781014 0.7547088 0.4278019 0.51734036 0.7256256 0.12782922 0.4370801 0.61102754 0.91800874 0.5409832 0.41263583 0.7303382 0.3920404 0.17412074 0.22445597
0.5392149 0.21498956 0.37944943 0.27215374 0.090676926 0.29770634 0.6872526 0.8798598 0.29393867 0.71947885 0.40852475 0.7020459 0.7548459 0.54201156 0.13580447 0.99771106 0.7246031 0.4054265 0.6217493 0.4777674
0.7756646 0.8088073 0.34509072 0.48470384 0.6851717 1.003607 0.15711673 0.3986624 0.24298954 0.44930285 0.8488946 0.5301409 0.54277 0.2021505 0.21660548 0.482827 0.6116311 0.7770582 0.21724685 0.21756499
0.17746757 0.5479947 0.6484028 0.9633536 0.85299945 0.8141113 0.9796899 0.8656347 0.26340294 0.54965943 0.5733467 0.56559974 0.5833833 0.5301109 0.54369646 0.7657551 0.7473287 0.88301754 0.6753268 0.12935938
1.0037026 0.68261755 0.065942355 0.1552705 0.23004122 0.76221466 0.47052044 0.6885675 0.4936469 0.5844813 0.9099202 0.9298826 0.82934254 0.4820344 0.32618636 0.81859404 0.42319363 0.10630612 0.88272196 0.7856836
0.81062037 0.46917585 0.5762082 0.15423973 0.48588797 0.35454994 0.3635936 0.75799674 0.62263566 0.8406325 0.8626939 0.13475896 0.22571594 0.16944148 0.35680756 0.38231716 0.6652836 0.53074944 0.055333216 0.095288545
0.6884468 0.7633793 0.57007027 0.7012807 0.9210717 0.6426303 0.76361364 1.0018823 0.6812633 0.21238206 0.25436938 0.121467054 1.0619156 0.13760571 0.8341564 0.8515246 0.14803469 0.9878302 0.51686907 0.8886116
0.78104746 0.9654437 0.25912187 0.8129843 0.16585322 0.41250703 0.43499523 0.46774986 0.7390537 0.06258373 0.4328901 0.91626424 0.09813567 0.9617352 0.97509533 0.23618856 0.14270541 1.0238621 0.6384137 0.8336043
0.064436875 0.24608524 0.38094223 0.13094777 0.46528056 0.42090577 0.7906148 0.8131746 -0.0016231283 0.676303 0.27030355 0.740922 0.34256184 0.75416917 0.36532256 0.40730575 0.64957875 0.76867807 0.45288634 0.090681836
0.40938482 1.0753374 0.7923082 1.0008547 0.9554705 1.0933394 0.30494317 0.53264093 0.3945794 0.8640335 0.53967255 0.26323313 0.8802797 0.39586523 0.3965816 0.81632125 0.34034145 0.27208692 0.5438052 0.77855986
0.42982042 0.4721847 0.8753089 0.124131545 0.08880549 0.4283178 0.6931224 0.12908876 0.73700166 0.45499194 0.9001198 0.1322398 0.8883563 0.1802112 0.3540967 0.551332 0.73231363 0.55196935 0.62548476 0.5451423
1.0399587 0.48925194 1.0523256 0.82417125 0.86847514 0.81595826 0.9198341 0.26622966 0.6745837 0.35201094 0.39951903 0.85057145 0.3305483 0.96760607 0.26453963 0.30670267 0.5817833 0.7609239 0.813589 0.21631335
0.8126107 0.123097606 0.35630566 0.61435527 0.24412079 0.5491476 0.53104943 0.42123863 0.2367134 0.75307477 0.4898344 0.4908615 0.82423234 0.3024381 0.027960451 0.14698277 0.20826404 0.021070551 0.037219543 0.2498689
0.02114249 0.6842866 0.6144124 0.6254443 0.057261232 0.9168484 0.7283764 0.28289732 0.3158611 0.20963983 0.78538823 0.13341054 0.6465203 0.1664566 0.36808336 0.28288558 0.33780456 0.49127015 0.90836346 0.050983984
0.96197814 0.72636724 0.3660105 0.15297383 0.72481614 0.6985217 0.06831019 0.3199401 0.5749942 0.9181264 0.7252287 0.43590754 0.3988432 0.4946838 0.70811945 0.71857256 0.85089374 0.44321802 0.700917 0.5760004
0.47965488 0.57129735 0.5676948 0.5319632 0.7930191 0.4226169 0.48891252 0.5921627 0.13207151 0.95783097 0.3627173 0.26430312 0.6595335 0.74175036 0.8816533 0.094180934 0.69609916 0.11831114 0.6855409 0.12959729
0.46868312 0.48144418 0.7734542 0.2560842 0.58376336 0.72879356 0.7177958 0.18753704 -0.0466697 0.6122936 0.542043 0.17004107 0.56303066 0.41620123 0.8376244 -0.043767642 0.7507434 0.8225629 0.34516624 0.8383345
0.82817656 0.26796812 0.78675276 0.35725096 -0.07531783 0.6351861 0.7046979 0.10847315 0.6822638 0.03803626 0.75474644 0.5974307 0.75119597 0.6201476 0.6046922 0.21431533 0.37140003 0.35109362 0.7460392 0.8885251
0.72756743 0.62749946 0.37243047 0.86271405 0.28310275 1.0719874 0.7234714 0.8486137 0.2785684 0.9283447 0.48598447 0.8965815 0.7000004 0.16200152 0.6483039 0.5098873 0.18026097 0.28441292 0.48147652 0.4611979
0.44738 0.61332434 0.24658169 0.3635723 0.98428744 0.5800346 0.77809125 0.93811506 0.29225877 0.05939034 0.279007 0.6235062 0.8736447 0.22825143 0.24528919 0.12210776 0.6785378 0.6152177 0.16221425 0.9694506
0.33837295 0.88305926 0.031071864 0.22913991 0.106845915 0.91193783 0.59626985 0.5491463 0.8108725 0.85359263 0.94997823 0.83411026 0.3158761 0.72103906 0.9040481 0.9042545 0.40708953 0.5914692 0.69111615 0.04807915
0.9096786 0.5513867 0.41348028 0.5863145 0.29863334 0.19321659 0.26779175 0.95627505 0.84955305 0.871295 0.4381083 0.15412003 0.84042066 0.89631057 0.23980974 0.40101904 1.00587 0.5010993 0.7254013 0.5070431
0.40559694 0.038447764 0.43892163 -0.0793279 0.45608613 -0.1275928 0.12945648 0.67025125 -0.0054780794 0.17558391 0.33974984 0.20868361 0.73240775 0.6375977 0.681525 0.43460575 0.7641656 0.36073586 0.29793498 0.5015131
