0.33689162 0.6550844 0.15859236 0.51268774 0.35839617 0.24315792 0.17809592 0.18364656 1.0452974 0.19274159 0.70965123 0.5274018 0.93644506 0.3791967 0.43884084 0.9531791 0.35478193 0.6331254 0.12941463 0.98615044
0.24249792 0.60672325 0.40121326 0.46717343 0.28463876 0.108074486 0.8995622 0.4798172 0.5580445 0.38140374 0.38658306 0.0887901 0.6099532 0.9008689 0.251772 -0.0023128393 0.15269254 0.55057776 0.6158134 0.5995283
0.40963745 0.7429467 0.30690193 0.10776638 0.7093681 0.38740888 0.18103756 0.32841218 0.24271178 0.38304037 0.7769045 0.49762782 0.21370225 0.50318336 0.7006061 0.4467116 0.004701792 0.61553127 0.3174955 0.8431261
0.83999836 0.20314686 0.06323211 0.25565574 0.65062475 0.113848746 0.23095094 0.0736418 0.7813868 0.36580724 0.66672325 0.484294 0.24395512 0.63650405 0.473627 0.87652194 0.9161555 0.79681814 0.50705147 0.87781745
0.6163469 0.2976415 0.4293274 0.26433685 0.7253492 0.75773627 0.6477424 0.3915136 0.49606264 0.20970252 0.74129194 0.7784588 0.2817906 0.109429084 0.18941371 0.4692749 0.49523836 0.3009288 0.10273635 0.43148357
0.59314734 0.7652525 0.345243 0.803246 0.73316324 0.1679842 0.27375728 0.23688431 0.75589496 0.68279684 0.31867978 0.3030279 0.48779714 0.11435677 0.16027261 0.12994206 0.6631439 0.2981967 0.7805163 0.018661017
0.1567504 0.44814932 0.34699833 0.98754084 0.36926785 1.002608 0.116308235 0.8735252 0.7456573 0.30629897 0.28455222 0.7616426 0.46934083 0.80123687 0.3724431 0.40966564 0.13078824 0.76353866 0.3707933 0.29944238
0.15445796 -0.0073926956 0.56062204 0.30365685 -0.004103042 0.3994415 0.68495315 0.812579 0.7504131 0.015061248 0.011473199 0.39339286 0.5019425 0.30404675 0.73781353 0.78699744 0.8110913 0.4060116 0.18037964 0.7496543
0.13167891 0.89625967 0.22268815 0.13244548 0.88698006 0.4834549 0.94443446 0.12167064 0.26806295 0.026707487 0.37001905 0.7580253 0.83258754 0.034786765 0.7850837 0.75160384 0.80585146 0.22259286 0.53140944 0.9463954
0.49596885 0.82007945 0.4553068 0.8491678 0.255989 0.62982726 0.27714005 0.565408 0.6356632 0.5488583 0.8529312 0.4909523 0.4037542 0.73860407 0.42863333 0.29524902 0.10404852 0.09203498 0.680789 0.29986534
0.8646077 0.6726697 0.91720665 0.79427683 0.48069388 0.49196008 0.60441065 0.48020506 0.69787693 0.4714873 0.66340154 0.15701947 0.21037419 0.10920904 0.8209118 0.04520344 0.9376533 0.089726046 0.16333842 0.52262855
-0.05911085 0.34868017 -0.09443574 0.8347074 0.78082025 0.8244706 0.56373465 0.25167704 0.27263188 0.48114923 0.56334424 0.15142764 0.660957 0.83207095 0.7909206 0.5730627 0.70255244 0.40940726 0.75422835 0.30770063
0.08916526 0.6031643 0.52542776 0.049171757 0.6999054 0.58816016 0.07716865 0.69521344 0.05702465 0.6401815 0.37654653 0.03925045 0.48089164 0.44199482 0.4250378 0.03796663 0.6380221 -0.10486514 0.30263487 0.39409474
0.4069761 0.5847932 0.22431934 0.7006884 0.42385632 0.61912346 0.49019268 0.11230654 0.26724425 0.1421946 0.49937156 1.0493175 0.4771153 0.53431237 0.6461763 0.117593616 0.119174294 0.9983934 1.0005462 0.8110721
0.2717477 0.51688945 0.29943654 0.38960862 0.8258137 0.7957214 0.36529565 0.28298378 0.5052235 0.32800496 0.40768674 0.5720419 0.30742565 0.30674642 0.51721 1.149543 0.30752608 0.9832802 0.35288712 0.67056084
0.917098 0.1788516 0.24780373 0.5189814 0.3970717 0.46061063 0.20366693 0.9457038 0.5504113 0.4819824 0.84512246 0.38082418 0.52004087 0.53346175 0.92668945 0.35539287 0.47683942 0.20001067 0.279564 0.77026516
0.8530659 0.22550088 0.70245683 0.31511733 0.5157152 0.14235 0.057502642 0.8288204 0.6388042 0.1616079 0.731987 0.7102779 -0.049802523 0.30253044 0.42977887 0.8710075 0.6368575 0.6635449 0.6466869 0.57476974
0.5025952 0.35714364 0.6723021 0.62651294 0.7345826 0.27111787 0.62219805 0.56946355 0.6146985 0.9085702 0.32464287 0.95477664 0.58213514 0.38105518 0.15821488 0.19876373 0.25973088 0.34255597 0.86578476 0.26558155
0.16482894 -0.016348269 0.73553747 0.8757315 0.7874497 0.39880702 0.43158644 0.07270388 0.24105746 0.7247257 0.8993526 0.6869249 0.16551484 0.04437296 0.60626715 0.07324301 0.7027284 0.6725383 0.47118863 0.03141083
0.88540125 0.19765642 0.983977 0.14452626 0.6516278 0.89337164 0.5081951 0.9200823 0.44031066 0.455156 0.14519237 0.49596307 0.5943553 0.99548525 0.7439687 0.9680203 0.6681429 0.37782195 0.044896543 0.54477245
0.011940874 0.67349356 0.35511982 0.77975637 0.2061987 0.33810088 0.83632684 0.44206783 0.5495326 0.010134497 0.39706525 0.83321625 0.49279884 0.12077538 0.1958813 0.8050089 -0.07914568 0.034355097 0.27165556 0.14340553
0.33072495 0.7573772 0.6229369 0.51175714 0.7532372 0.5685039 0.6571278 0.1613005 0.21413554 0.8364776 0.2263961 0.5224758 0.59684694 0.2688191 0.05812464 0.9095677 0.47596353 0.22927256 0.6866147 0.7743899
0.57214284 0.6130407 0.4072824 0.3104573 0.19152679 -0.06008931 0.5472387 0.36901942 0.6448739 0.015376726 0.06398659 0.7515308 0.28617615 0.4498981 -0.104899704 0.8035215 0.39809036 0.36035135 0.19604668 0.48012385
0.42956135 0.66705173 0.8787332 1.0247892 0.42303672 0.69184464 0.8945999 0.7052628 0.35148722 0.4302392 0.38594615 1.0532035 0.70323247 0.71271497 0.24074903 0.24886246 0.26522183 0.67501765 0.25227436 0.38733912
0.73884 0.49612173 -0.03307968 0.7320524 0.19402902 0.5413455 0.5109327 0.86752784 0.33276847 0.90803653 -0.033903267 0.4416618 -0.0013277483 -0.028707156 0.35680965 0.6158387 0.35347468 0.4973493 0.6761965 0.53585505
