0.28515 0.77341557 0.33289754 0.6857345 0.039071776 0.04766129 0.9503743 0.14179367 0.10569689 0.6742517 0.50704056 0.5281095 0.53259325 0.49087378 0.5169332 0.45467 0.019729568 0.59771276 0.27104592 0.8287495
0.1432314 0.5485549 0.49906245 0.7099644 0.8741712 0.8981867 0.3231764 0.31317976 0.45764568 0.12323527 0.79477745 0.96364343 0.9170918 0.23291631 0.8585715 0.6021634 0.89435 0.5464409 0.776022 0.14552012
0.14309722 0.4931619 0.8839916 0.80035824 0.18400325 0.8901618 0.34636664 0.44823855 0.694056 0.5841228 0.8199385 0.93088263 0.45668367 0.66631323 0.14687476 0.14872864 0.26955223 0.5741846 0.90010667 0.9301644
0.6599203 0.3988523 0.6827056 0.10975708 0.957797 0.80788785 0.514196 0.3810353 0.7361528 0.8125936 0.8134899 0.9418188 0.6667518 0.7691699 0.4097544 0.2814323 0.9982618 0.13306665 0.7820939 0.90435964
0.09762844 0.87442315 0.4532513 0.22922921 0.5530448 0.5364942 0.24253792 0.82049453 0.61659545 0.35641813 0.1258312 0.11276992 0.61095417 0.65486073 0.6119698 0.1214252 0.21259934 0.09317542 0.7536963 0.43738705
0.6722735 0.3447062 1.027177 0.7099331 0.842338 0.21477988 0.7008737 0.39312723 0.17260347 0.58929276 0.5647013 0.5227815 0.7605614 0.14336109 0.64796567 0.6462407 0.98793477 0.08629546 0.9334711 0.65571636
0.7261077 0.7657778 0.84641904 0.044100475 0.5101779 0.7210615 0.9150654 0.08269983 0.9369138 0.45125216 0.88826495 0.2894169 0.9475041 0.36251822 0.8554686 0.15907566 0.53935623 0.76723 0.28179297 0.33449924
0.3027218 1.1070211 0.59581536 0.1832165 0.6057766 0.8460716 0.9320308 0.5518069 0.92855203 0.25863773 0.18353476 0.6546158 0.20056427 1.1361898 0.52750885 0.71486855 0.6104178 0.36454532 0.856139 1.1374068
0.14393568 0.7564337 0.337476 0.47562617 0.587295 0.5142203 0.15397045 0.66861665 0.20196496 0.82056725 0.1734994 0.94137496 0.44754288 0.6309235 0.064586446 0.9895737 0.2920127 0.87313956 0.3814448 0.5556807
0.60379684 0.9297638 0.8602537 0.66555554 0.90444934 0.81227803 0.25053623 0.09217414 0.68243784 0.5170893 0.89430106 -0.014555813 0.15271464 0.5811626 0.32208472 0.34458792 0.041196067 0.43674332 0.27929196 0.84874374
0.52720875 0.85805416 0.26848066 0.70299834 0.22276218 0.3307905 0.80734694 0.22951779 0.1770886 0.54443294 0.5150041 0.37411115 0.8286617 0.84737974 0.5633502 0.6921076 0.40345693 0.49348202 0.3741164 0.12506007
0.51174676 0.6619206 0.26044708 0.82021767 0.6314121 0.676129 0.60437757 0.64309126 0.48369414 0.18683307 0.39475694 0.79550356 0.09277186 0.05350141 0.71556115 0.6684955 0.80889034 0.5731206 -0.051443033 0.53926724
0.45553243 0.7765385 0.336759 0.33510527 0.55573773 0.8506446 0.782337 0.4377361 0.49785918 0.6989458 0.650469 0.1367525 0.881381 0.8506511 0.17558226 0.79061127 0.5386995 0.7981396 -0.01569071 0.72955954
0.8726738 0.58073074 0.89887995 0.93072385 0.48201883 1.0062104 0.5887004 0.27184823 0.585729 0.6368862 0.98462963 0.18159547 0.8557316 0.12428312 0.20385644 0.2659723 0.2421887 0.7867814 0.41266283 0.42863983
0.2899907 0.8610514 0.5207721 0.17691064 0.048756316 0.74988514 0.7542496 0.33697304 0.7291448 0.6194992 0.1843085 0.56577474 0.5989052 0.97925013 0.7953963 0.23422728 0.44605002 0.15107629 0.44573513 0.63308465
0.9413523 0.6085611 0.52166355 0.7527194 0.5255489 0.40737563 0.31029785 0.83868045 0.60908467 0.48589942 0.52433187 0.89739937 1.0854205 0.48793623 0.707968 0.20714232 0.41252258 0.6293977 1.1134521 0.6132751
0.1596606 0.19834326 0.5517511 0.14672299 1.0635592 0.39251578 0.28341693 0.6237892 0.6468564 0.5881335 0.3024213 0.76515716 0.7942554 0.7686202 1.0095263 0.4936271 0.71861035 0.6204642 0.35788104 0.83466494
0.21620065 0.5760022 0.8746008 0.43686518 0.9205502 0.43006077 0.14475629 0.023576966 0.5177788 0.790495 0.25266054 0.6620809 0.5024368 0.7272969 0.42904398 0.891796 0.3740716 0.0604778 0.47706568 0.85155964
0.50246274 0.44675735 0.42133266 0.89228076 0.7023305 0.16453734 0.66869056 0.5347441 0.70093954 0.6157831 0.8011556 0.3094264 0.5148559 1.0494967 1.0446187 0.22045098 0.18103255 0.13919903 0.2886632 1.0578666
0.16725978 0.9543312 0.5855055 0.15648763 0.31882232 0.5679925 0.60516375 0.3835781 0.7173857 0.19444406 0.86203533 0.7863313 1.0560163 0.91848713 0.72287554 0.15421547 0.72559536 0.3107431 0.9421598 0.5026069
0.36325213 0.09070906 -0.043483004 0.33749774 0.6743618 0.30551207 0.34495762 0.38006213 0.26055974 0.5821637 0.65247595 0.33628163 -0.052281294 0.4270491 0.614437 0.7775842 0.8407028 0.15453933 0.22639447 0.033149645
0.8450774 0.0581399 0.8661114 0.45127353 0.7052036 0.39087325 0.3898041 0.8412639 0.43167582 0.52465415 0.0775036 0.9379492 0.57950735 0.59697264 0.40503514 0.6957841 0.33925277 0.65833175 0.9272307 0.9092384
0.02010768 0.6255228 0.8100985 0.33248544 0.21448351 0.40445393 -0.1305766 0.6191778 0.81034833 0.45114803 0.5711134 -0.107283615 0.7483225 0.4961453 -0.013340566 0.6729611 0.6294539 0.67199236 0.2957552 0.7608312
0.32903615 0.68196696 0.43193743 0.49974048 0.42058727 0.9852843 0.4417131 0.9743944 0.78098434 0.3655423 0.5758266 0.32550687 0.42727625 0.37578154 0.7039283 0.81754684 0.48733705 0.47255984 0.7655041 0.48702967
0.43798795 0.95732486 0.24091417 0.6122288 0.3294775 0.94645184 0.7858837 0.9689669 0.16126487 0.9068511 0.7903925 0.21783945 0.13753532 0.6606152 0.9871274 0.49711418 0.7155482 0.29171476 0.1436289 0.63635
