0.34050882 0.3043425 0.8882728 0.46652335 0.034769118 0.14673841 0.36298966 0.24037017 0.75204074 0.44564837 0.4622927 0.06560844 0.5641115 0.3966044 0.33151767 0.7003586 0.8903759 0.3343504 0.7395843 0.12806393
0.67699 0.4105195 0.7382986 0.6381279 0.6075258 0.31507263 0.72231424 0.5278639 0.3914192 0.5100691 0.22492042 0.64228284 0.09553213 0.13538752 0.6964329 0.35948282 0.22064808 0.9505476 0.07776879 0.95789933
0.6832463 0.16395038 0.16458537 0.9405257 0.7435199 0.22764957 0.74503404 0.4956234 0.5166291 0.40147614 0.91421205 1.0149269 0.26053536 0.4828428 0.20609647 0.17568098 0.20446086 0.1914855 0.7084052 1.0574049
0.15326671 0.20188002 0.82847136 0.48936802 0.2690667 0.32098624 0.31945664 1.0202543 0.7565228 1.0143824 1.0906208 0.15282576 0.84344584 0.7500774 0.24504004 0.9341335 0.57766765 1.0441241 0.37254074 0.19850351
0.37853685 0.64073783 0.24838628 0.4410589 0.3536079 0.82707715 0.64083576 0.6054012 0.83239806 0.15814482 0.24689041 0.6898469 0.1880278 0.22067273 0.60048145 0.6505708 0.3706586 0.592205 0.64747345 0.6997326
0.54242384 0.07182673 0.846693 0.0029711148 0.41598973 0.7585706 0.7514323 0.768786 0.66187334 0.18036966 0.6858221 0.55733705 0.8408274 0.5344188 0.12901427 0.7873433 0.8164655 0.5545934 0.16307281 0.014407556
0.10969842 0.64226794 0.7880251 0.54973423 0.2565713 0.7504414 0.28889963 1.0369205 0.3586302 0.40703824 0.5105756 0.7572629 0.13269547 0.5029355 0.25873306 0.09360319 0.75436795 0.81759405 0.8005027 0.22903855
0.5668664 0.27856508 0.63316023 1.0851841 0.32793114 0.6188002 0.96197736 0.8805611 0.2546634 0.5710578 1.1156521 0.3258641 0.7117711 1.0328212 0.22702733 0.4359933 0.42653972 0.8912519 0.80159813 0.57077897
0.76480407 0.4731588 0.4932565 0.3998806 0.031638764 0.9420434 0.8469686 0.6415709 0.72529715 -0.0016238239 0.37884346 0.16185202 0.6710132 0.38264272 0.52563584 0.38529688 0.2589864 0.90971863 0.9289622 0.24822763
0.9734403 0.83666706 0.5073935 0.4434311 0.62203723 0.343401 0.71820724 0.11462444 0.91308117 0.23745097 0.47181025 0.9984905 0.6495103 0.11876951 0.8800137 0.87370455 0.43729696 0.70933276 0.08591996 0.5395658
0.719362 0.73908323 0.95573205 0.7531365 0.57058537 0.40892005 0.17232254 0.6223008 0.56244737 0.8007376 0.19889012 0.31647512 0.3903043 0.16222706 0.20353664 0.6805947 0.54960614 0.46337137 0.8038639 0.09461336
0.3908816 0.6166338 0.40776828 0.611536 0.28324673 0.40000764 0.36926714 -0.025377797 0.06784805 0.45907667 0.6642233 -0.06847963 0.51614565 0.014101411 -0.13107567 0.20559853 0.5898681 0.35226288 0.08459415 -0.15247636
0.7075399 0.62063783 0.9246754 0.6305166 0.83093286 1.0234525 0.21593949 0.71601784 0.27833986 0.5118628 0.5189993 0.5624634 0.6252007 0.76929265 0.64570457 0.9870411 0.92345375 0.50174195 0.23028511 0.45335367
-0.09596764 0.76795626 0.6768367 0.07720103 0.41291487 0.5809747 0.2587435 0.45192888 -0.028665032 0.44890615 -0.018878173 0.7092009 0.5963606 0.04436153 0.017262893 0.05246784 -0.010227355 0.18584083 -0.046696246 0.774626
0.6157819 0.6658883 0.44190452 0.62270343 -0.19425058 0.56690335 -0.031440865 0.74528116 0.37423855 0.50561625 0.21672313 0.0011777012 0.6035413 0.3444813 0.57378507 -0.158258 0.29594982 0.1522554 0.73087037 0.07119909
1.0161377 0.29915586 0.54943466 0.73257565 0.9915793 0.31973177 0.36557803 0.49851063 0.89146525 0.15777744 0.15045375 0.93828124 1.0280211 0.14257583 0.46377566 0.42826203 0.33813038 1.0839962 0.8168567 0.4458671
0.47012895 0.4654265 0.07290962 0.852824 0.363266 0.6924671 0.8177493 0.78664714 0.82294744 0.60113 0.60735977 0.28582734 0.26196685 0.26026785 0.59670776 0.84938425 0.6317735 0.7308787 0.016050283 0.11172715
0.73313487 0.19716829 0.47898623 0.21796255 0.8480376 0.36925277 0.38798088 0.7657608 0.3891952 0.90293926 0.95324135 0.9164696 0.31725985 0.6531807 0.97825825 0.63943505 0.6137481 0.20703529 0.65868694 0.20267284
0.81884646 0.21255744 0.71322834 0.3928851 0.15617408 0.2697275 0.24017563 1.0071551 0.4067561 0.884416 0.25614136 0.35193244 0.6086554 0.463839 0.5145024 1.0200024 0.29517898 0.699798 0.3620626 0.4597523
1.0752234 0.4441753 0.8244286 0.26700222 0.8822425 0.16816041 0.3738676 0.9267783 0.6613765 0.92686003 0.81152433 0.33599785 0.16642743 0.39946935 0.6927841 0.61866343 0.51664233 0.13821141 0.58288056 0.62950313
0.49544364 0.85466796 0.24464637 0.3682414 0.9983493 0.59214354 0.21268445 0.5437027 1.0257031 0.17898397 0.90357906 0.3141064 0.31741422 0.4470149 0.3398259 0.58750117 0.773276 1.037908 1.0360641 0.37580907
0.1990471 0.6835752 0.7686253 0.45611408 0.23332006 0.29249638 0.81146425 0.60039204 0.9260456 0.9018187 0.9887832 0.4319735 0.34315273 1.0086236 0.5576821 0.19982655 0.9657213 0.6456811 0.2086082 0.3282669
0.762094 0.36675248 0.4788208 0.78803384 0.6878235 0.5122956 0.9267294 0.3930348 0.81905806 0.61649674 0.29579738 0.87279403 0.664639 0.2842366 0.4137077 0.43833563 0.6024484 0.6909671 0.37952188 0.32306713
0.25229982 0.19424476 0.32182333 0.50983524 0.9375452 0.6180943 0.9322197 0.6272625 0.68133265 0.89737743 0.66645163 0.7530841 0.3449013 0.51890916 0.68169415 0.37482285 1.133282 0.94352984 0.51603836 0.93235356
0.020946277 0.23994921 0.42874572 0.2295311 0.8815498 0.51230997 0.96314216 0.5043094 0.25328514 0.88653487 0.35894594 0.6255938 0.7955196 0.41834214 0.5164449 0.050696272 0.87426287 0.7385185 0.42003056 0.29742762
