0.3319365 0.30679607 0.223023 0.20738396 0.7266432 0.38133752 0.3218373 0.47515297 0.7739415 0.62401736 1.039221 0.3300989 1.0106746 0.6719259 0.47204396 0.93865806 0.76231885 0.9499458 0.6499045 0.46135512
0.762387 0.73409307 0.59567285 0.4179206 0.51415926 0.3324921 0.9453234 0.168373 0.31845552 0.013803746 0.39631453 0.38880852 0.8313315 0.45196676 0.68955743 0.4976405 0.70604014 0.6233756 0.12920125 0.6207831
0.4011713 0.9683122 0.7477778 0.8353831 0.23334515 0.1932077 0.49267727 0.49580547 0.706092 0.42957768 0.35134313 0.79892284 0.76248944 1.0219268 0.121623546 0.30348018 0.42039782 0.40491068 0.81761837 0.8977528
0.29621997 0.20641766 0.36319187 1.0568508 0.95890677 0.26633206 0.60148203 0.7472037 1.0531476 0.5178507 0.16359931 1.0716192 0.6625333 0.84812456 0.48218936 0.5465637 0.68815607 0.25917974 0.25400373 0.496709
0.3466356 0.21829621 0.41318893 0.35114393 0.20190692 0.51024145 0.8062119 0.79989135 0.29671136 0.100448 0.60197085 0.89502716 0.37681252 0.6906467 0.65924406 0.0047895913 0.645102 0.08060365 0.041100014 0.6561432
0.3909178 0.7462077 0.93359995 0.6704278 0.4351545 0.68371135 0.47465438 0.59939796 0.6834625 0.5123164 0.5630312 0.9985454 0.22473745 0.48646575 0.2957082 0.36343262 1.0632685 0.45433104 0.41945425 0.38733432
0.36723888 0.7500848 0.35080063 0.9584023 0.80213577 0.84406894 1.0065031 0.32798144 0.36055478 0.40222615 0.4302971 0.28421968 0.5525982 0.42466217 0.94056565 0.13481797 0.23221609 0.31440994 0.17573695 0.553903
0.89776075 0.3331494 0.59912276 0.7227364 0.12593892 0.17419183 0.33755332 0.9199079 0.928524 0.47184753 0.015918307 0.9180324 0.3408744 0.1722145 0.3375788 -0.025253167 0.46125707 -0.024179488 -0.007936563 0.8448859
0.19539979 0.81570846 0.5244778 0.28072217 0.67277557 0.39164576 0.7032758 0.39518017 0.18419103 0.94884545 0.05407342 0.88010603 0.8054707 0.5539475 0.55928916 0.6193046 0.82147384 0.6170953 0.4126836 0.80744517
0.57476324 0.7292916 0.8010139 0.46850455 0.279718 0.390616 0.8349733 0.6729602 0.3144676 0.47923297 0.13226888 0.61485076 0.62531286 0.5113899 0.2444198 0.83496284 0.1384462 0.9022289 0.0018391968 0.6856314
0.101235226 0.15781672 0.40716067 0.75508165 0.24760021 0.49875298 0.7395038 0.6169156 0.35562572 0.5130788 0.22510251 0.49892145 0.30517212 0.8655262 0.97752655 0.10609299 0.70423716 0.019585675 0.6004456 0.009414425
0.119542174 0.82968956 0.25703898 0.41547787 0.054063365 0.82177067 0.8691928 0.41228244 0.4981541 0.22808452 0.30283946 0.41423824 0.057425015 0.56051743 0.10741376 0.29681414 0.09725473 0.9466761 0.82098687 0.40575892
0.9768002 0.6334155 0.38694823 0.69342417 0.36834428 0.762132 0.98819 0.4675987 0.5928783 0.54543614 0.2834364 0.2710981 0.17524032 1.0214746 0.37833077 0.3044264 0.12930022 1.0544275 0.864736 0.39045733
0.6574386 0.63144886 0.21952508 0.55736077 0.7640974 0.5765966 0.7823333 0.6230176 0.54449975 0.20962495 0.42042732 0.84162897 0.7754287 0.20113206 0.8051843 0.7237775 0.6974922 0.42616257 0.3392855 0.5519887
1.025213 0.51905787 0.26658398 0.5332799 0.44745746 0.5046098 0.63864225 0.51338553 0.90954244 0.19616649 0.1543452 0.36619118 0.83144987 0.7671402 0.5681471 0.5529496 0.7119596 0.7056024 0.77089626 0.31222928
0.855466 0.6728078 0.82711315 0.74771166 0.47596884 0.510998 0.98074204 0.47939134 0.37942556 0.642818 0.104230516 0.46782038 0.89961684 0.81609595 0.38461688 0.20824806 0.620155 0.66461456 0.08619258 0.5713087
0.25713956 0.7583995 0.24561125 0.8082017 0.91138226 0.35164762 0.25281554 0.75363183 0.6531232 0.44732144 0.14035526 0.4168435 0.8836785 0.32570854 0.6834396 0.36899015 0.49051923 0.4829253 0.73115075 0.13500421
0.10071551 0.80073607 0.5665153 0.95217896 0.31335688 0.7258553 0.12407682 0.97525686 0.87189806 0.080185845 0.87535083 0.58907735 0.32613254 0.9382912 0.97610235 0.7085986 0.41637745 0.07664146 0.9574134 0.06983254
0.90415686 0.15137859 0.14508753 0.36734107 0.30245125 0.13001508 0.64846385 0.8785972 0.98440105 0.83056694 0.9074816 0.1692898 0.3835788 0.6012405 0.19716293 0.4405253 0.35333174 0.26709324 1.0236579 0.3001067
0.83540076 0.02887632 0.5598662 -0.0045858216 0.11607667 0.21054855 -0.064909704 0.4910954 0.21797553 0.3140653 0.75022304 0.38688675 0.0708748 0.4845836 0.45782396 0.67240417 0.635502 0.47368687 0.3589341 0.4870817
0.6324646 0.9196069 0.98807186 0.47279784 0.49002478 0.5723201 1.0459806 0.17525788 0.31260723 0.87754524 0.9090228 0.25588614 0.37461588 0.18580443 0.823883 0.86885124 0.33172283 0.11085806 0.5451606 0.68842906
0.26301053 0.58726406 0.5719034 0.77951163 0.6195992 0.3538144 0.7932003 0.6229456 -0.027508324 0.8729492 0.44630563 0.56041056 0.5731825 0.6056053 0.36465836 0.801816 0.17118414 0.22160445 0.9143139 0.17113087
0.68239564 0.9672314 0.58938724 0.59151304 0.67595935 0.12258312 0.46656415 0.4905682 0.15988927 0.48501506 0.1760136 0.5552769 0.7472086 0.95565987 0.63486505 0.8802004 0.81406057 0.23564036 0.52417016 0.5717334
0.44238824 1.0875952 0.32250208 0.3335294 0.24261014 0.45443526 1.1447147 0.24032255 0.6378371 0.5642166 0.25918427 0.85775447 0.85127294 0.8852663 1.1023676 0.90281016 0.30470884 0.27107373 0.28132832 0.3659592
0.66924036 0.44597125 0.6584305 0.6978438 0.061797775 0.5621893 0.8544731 -0.031582434 0.8756716 0.7336412 0.6302799 0.3213307 0.7178384 0.46049723 0.7124029 0.5346389 0.6879761 0.049918 0.40152737 0.016975647
