0.062220197 0.20402266 0.38607195 0.58951414 0.72073567 0.3943538 0.24122095 0.77767265 0.18271533 0.6047842 0.3016757 0.6006467 0.8782829 0.13017373 0.15197356 0.20322073 0.56399906 0.41518855 0.43992034 0.90582585
0.5559783 0.9130503 0.3742832 0.33702248 0.7940016 0.6529093 0.3122061 0.50128067 0.8487187 0.045407403 0.765739 0.62154204 0.1569561 0.8238707 0.1325078 0.602043 0.8993503 0.5298811 0.71234316 0.909803
0.37657303 0.14732334 0.29192185 1.0022506 0.25658846 0.48426136 0.21246243 0.62427187 0.9278521 0.09676017 0.77355766 0.841278 0.5149061 0.94110125 0.2932086 0.7768303 0.20222521 0.09338968 0.35343486 0.9760709
1.024421 0.33965448 0.4743891 0.53614205 0.4563971 0.55705607 0.78738236 0.62989855 0.9542878 0.47395018 0.35749546 1.008393 0.25324097 0.7487115 0.14558867 0.5872127 0.24984252 1.0493106 0.45633918 0.31645268
0.29828045 0.30037367 0.796461 0.66314775 0.2391512 0.29422268 0.25857493 0.13885885 0.68706185 0.32306916 0.28905624 0.46959278 0.95382804 0.7936772 1.0090986 0.5909621 0.93500304 0.82794124 0.52588177 1.0833629
0.31763723 0.55050415 0.6266602 0.46501368 0.022764156 0.18919438 0.81731236 0.94739556 0.82066983 0.7787393 0.20278107 0.7151029 0.17464958 0.1779084 0.2854416 0.5634644 0.41406628 0.34467584 0.07010476 0.21043137
1.0106677 0.79245704 0.3032895 0.73794204 0.48114517 0.21865053 0.8012303 0.78403497 1.1104069 0.57825553 0.6524539 0.74696046 0.85327685 0.19426148 0.17083803 1.0985934 0.3569018 0.3527537 0.8085057 0.6152638
0.4671987 0.76984984 0.19895625 0.92124176 0.15480606 0.190115 0.18384129 1.0092762 0.95550644 0.8171771 0.91098815 0.30148718 0.35345876 0.29822177 0.6345418 0.5901593 0.9229664 0.9066385 0.42481712 0.51369554
0.9283967 0.45289543 0.45528728 0.9290529 0.1511634 0.7701566 0.04355332 0.6813563 0.101784274 0.013054257 0.03387091 0.78313744 0.56020826 0.41225153 0.7080967 0.59727997 0.8268169 0.14441603 0.7376412 0.83231646
0.6816588 0.6358444 0.8601399 0.68505 0.13240704 0.0025082917 0.73965025 0.044324912 0.6698509 0.6247826 0.3757979 0.7925306 0.7573441 0.73948395 -0.046530936 0.25272998 0.6272114 0.67734635 0.11894677 0.50914407
0.8433253 0.14881858 0.39084026 0.09870727 0.015684037 0.9368638 0.36526123 0.91959625 0.38809904 0.50672597 0.9584639 0.18021934 0.20926808 0.4546014 0.38741 0.82937413 0.2906249 0.4810064 0.87714756 0.73340946
0.073724516 0.89554405 0.8151743 0.3267432 0.6028362 0.63099825 0.3879707 0.117175765 0.2707577 0.37685066 0.86654 0.65146637 0.7097418 0.15646179 0.6575888 0.6846757 0.8199589 0.68254197 0.3083322 0.2932082
0.9505748 0.47776905 0.21564834 0.710632 0.21386924 0.7360202 1.0088526 0.41623846 0.110183835 0.800387 0.36501282 0.58035415 0.38674313 0.36315307 0.5308617 0.5618172 0.64615697 1.0012985 0.5787832 0.86037743
0.74917626 0.47607112 0.20262136 0.5451235 0.11498172 0.47667032 0.6908303 0.49526083 0.8001489 0.17500459 0.6174164 0.8336511 0.2870492 0.8775861 0.93430287 0.46993744 0.8431141 0.34194145 0.63499266 0.7356639
0.43673074 0.64333034 0.49054533 0.25480103 0.85262734 0.7139415 0.8200201 0.4922398 0.16025372 0.6354875 0.23509362 0.057446472 0.4934292 0.6676782 0.841 0.8183198 0.21200792 0.41402346 0.09065429 0.59774995
0.701801 0.47477454 0.59355223 0.23000698 0.39351955 0.17577082 0.8592336 0.13075045 0.5644606 0.7227455 0.47357205 0.45685443 0.65700495 0.13352016 0.8691511 0.04980942 0.8363555 0.35963187 0.70548874 0.67567736
0.84110415 0.61183494 0.77348936 0.23686536 0.65098244 0.41773096 0.471432 0.59723705 1.0598435 0.6604178 0.59697527 0.17845173 0.8484484 1.1068379 0.4625007 0.30618367 0.25417966 0.17594787 0.3039864 0.9368976
0.35953838 0.24363174 0.78286594 0.34002882 0.2710293 0.63524264 0.32519826 0.48055762 0.20355533 0.25836903 0.6211598 0.17150533 0.40352988 0.8845404 0.6633523 0.07855819 0.1593226 0.8985992 0.4741188 0.53170097
0.7591719 0.72882223 0.7744237 0.23402567 0.097019464 0.38703853 0.5172148 0.71719235 0.7256905 -0.14235815 0.40473676 0.29233268 0.7941024 0.4145966 0.45993933 0.795525 0.017141094 0.20875269 0.53370905 0.035739053
0.5170721 0.13775928 0.37538 0.31583756 0.11235801 1.0253453 0.96562576 0.69811356 0.33034003 0.9288576 0.40005636 0.7543837 0.83489925 0.4011749 0.2871006 0.76008505 0.25340712 0.6366137 0.28384998 0.120687634
0.44036707 0.99807477 0.3953167 0.72616696 0.9139052 0.78053236 0.08323281 0.7681539 0.09204012 0.24958669 0.16038543 0.90135044 0.32424262 0.8213737 0.8468953 0.43753165 0.14097762 0.98637325 0.72120935 0.5670931
0.17202765 0.20094253 -0.035673685 0.09467846 0.15538928 0.4388522 0.22088456 -0.040545184 0.6895362 0.21884494 0.34495676 0.158108 0.5676196 -0.033127744 0.29988396 0.6590169 0.37413177 0.12917262 0.55892515 0.50854033
0.14689851 0.5780248 0.71889645 0.76804036 0.72058123 0.89169955 0.1470212 0.5148359 0.29566264 0.43971083 0.8854383 0.56360006 0.43091524 0.43403402 1.0231733 0.23615094 0.28980166 0.5288533 0.10546609 0.48966387
0.62317634 0.31789345 0.6241716 1.007669 0.93128014 0.36563718 0.3073025 0.9024976 0.3326929 0.53697443 0.34083802 0.70404524 0.5658012 0.33381447 0.8977291 0.78653663 0.78047246 0.74089867 0.26455683 0.24240027
0.939777 0.9091031 0.20116454 0.9336153 0.3007894 0.9522943 0.1767393 0.593819 0.7755292 0.17954314 0.9231467 0.567562 0.15726271 0.35565993 0.81613344 0.22704494 0.7325359 0.76435554 0.54789007 0.667705
