0.49333414 0.0661032 0.63534653 0.22148766 0.312764 0.5962401 0.6732711 -0.07411132 0.5124939 0.79467106 0.673669 0.15104768 -0.09077033 0.68247205 0.50571376 0.5989008 0.49259484 0.40930054 0.49876216 0.4672252
0.2542647 0.40057638 0.8505853 0.70785356 0.2396133 0.28673366 0.95511264 1.0187178 0.3107677 0.2694435 1.0017316 0.3940197 0.6307922 0.2008362 0.96154445 0.674015 1.0706218 0.59091884 0.40071824 0.22216433
-0.058347456 0.6011901 -0.042072527 0.28638542 0.6505396 -0.029423567 -0.051270857 0.7675529 0.85660154 0.50502205 0.1974327 0.39034253 0.46160662 0.55720365 0.6498172 0.56759214 0.15421501 0.55231094 -0.033289637 0.06934599
0.64698327 0.40990797 0.8725966 0.8514118 0.51766 0.8147891 0.48927847 0.19212177 0.47437978 0.7372782 0.38355207 0.9811056 0.81074935 0.72510356 0.42916027 0.3446443 0.5905994 0.82448554 0.070490785 0.1724198
0.32832488 0.1770565 0.4623328 0.277512 0.23966588 0.056737322 0.8022638 0.74745953 0.68297285 0.26227796 0.0036116585 0.046032723 0.00025704945 0.44574267 0.48129013 0.71400464 0.2683484 0.84835076 0.89109075 0.9351961
0.93865854 0.53153276 0.3213848 0.49225783 0.53164774 0.21653569 0.89695585 0.8848839 0.94256926 0.42168766 0.49839595 0.9598829 0.38599622 0.50291204 0.4608559 0.5693809 0.8762024 0.26157558 0.3305975 0.46946365
0.19629148 0.20227176 0.743347 0.6549278 0.46497664 0.8007471 0.811791 0.98396504 0.95645916 0.36942396 0.95965177 0.29962087 0.59120566 0.7476428 0.6992995 0.08894994 0.48298985 0.4960192 0.48218971 0.4615947
0.3720879 1.0501447 0.5075517 0.49357763 0.84771675 0.68309 1.0042434 0.4820595 0.4910502 0.4415587 0.17849915 0.36702436 0.2710862 0.65069026 0.62473387 0.9478656 0.30219087 0.92933977 0.691406 0.09091193
0.4166742 0.10582768 0.6092233 0.16695635 0.52828413 0.6856212 0.19011869 0.7866434 0.40705386 0.08930138 0.6608468 0.4147343 0.46071273 0.06279086 0.9700979 0.59268004 0.534915 0.25622296 0.063583754 0.6420356
0.85126007 0.61097777 1.0370507 0.40252253 0.2934022 0.5553708 0.24107938 1.0027975 0.694067 0.2690474 0.2141954 0.5540673 0.4371183 0.16768856 0.93411136 0.68881696 1.0636613 0.6710092 0.48696277 0.31169564
0.6918707 0.82540506 0.3703595 0.41834202 0.90330666 0.72195274 0.6537119 0.6542839 0.61257267 0.3890522 0.09461921 0.21421583 0.7970826 0.35077792 0.07009319 0.43215218 0.0057142796 0.20815448 0.30072248 -0.03172228
0.6082793 0.21328133 0.6875579 0.6340453 0.9568951 0.67888176 0.74125135 0.47632134 0.63194317 0.8184907 0.6705851 0.38483587 0.48437053 0.48538783 0.5962257 0.4560766 0.6179082 0.586149 0.32454905 0.2965834
0.7376245 0.6225763 0.84218085 0.9322976 0.7763223 0.069086395 0.9137684 0.82833683 0.6965285 0.68343955 0.95799154 0.7843721 0.93010956 0.37225395 0.45360222 0.22244449 0.28196868 0.08186057 1.0009302 0.48787805
0.81130606 1.1630292 0.38263407 0.3258035 0.2636553 0.74750334 0.2503177 0.9286399 0.47664362 0.43431643 0.6110636 0.32036656 0.5836614 0.3407835 0.9504326 0.42018217 0.3783172 0.501835 0.65845186 0.7662854
0.82949376 0.9314327 0.1335571 0.9633367 1.0638571 0.6954467 0.86493915 0.95805067 0.9110459 0.27901426 0.19050406 0.27121124 0.15798478 0.92564416 0.55534405 0.8105545 0.16907738 0.25293553 0.3875855 0.20039679
0.02769981 0.29960313 0.3699758 0.11597472 0.04167413 0.2996279 0.78283316 0.51359135 0.2071411 0.30023968 -0.013638685 0.7878753 0.79922223 0.21882011 0.49451894 0.54502565 0.7616295 0.23273054 0.60562927 -0.03477767
0.52377504 0.04083432 0.704406 0.5143908 -0.0021533268 0.03859637 0.75286114 0.8741621 0.5526986 0.08096024 0.7524729 0.61100644 0.29058158 0.7024275 0.03282333 0.53040946 -0.025329852 0.66699046 0.33543253 0.6965773
0.45098692 0.22890282 0.8909461 0.5395589 0.6599027 0.6010208 0.8266586 0.27128536 0.72856134 0.16951898 0.7492626 0.98672384 0.9335786 0.3113749 0.27499166 1.0256357 0.4694677 0.74088055 0.37942886 0.33921397
0.6207986 0.33259016 0.52490366 0.77260625 0.60879976 0.8998552 0.008415492 0.13705234 -0.03352718 0.29011634 0.63992995 0.44892266 0.5818485 0.40184018 0.6018271 0.1643395 0.3659384 0.68485856 -0.008720729 0.7723181
0.49153185 0.30816984 0.11716212 0.6384703 0.7889607 0.4045107 0.23611169 0.19144587 0.13078736 0.2798055 0.48798212 0.3167395 0.7180758 -0.14596507 0.6550612 0.35650688 0.20891328 0.27542108 0.71008664 0.0662137
0.6625703 0.6857387 1.0189056 0.54256886 0.6883569 0.7196308 0.11612657 0.41140392 0.99441856 0.3513551 0.15494813 0.218495 0.49547154 0.7681653 0.48763442 0.8878414 0.47253886 0.5997184 0.3138916 0.7459218
0.5933379 0.15876268 0.64295477 0.7671065 0.23242609 0.18254079 1.0337594 0.20180675 0.74908125 0.16145173 1.0276986 0.24448438 1.0463523 0.19369544 0.86140305 1.0067598 0.6580629 0.48474714 0.54195535 0.8177802
0.20637819 0.5050956 0.21870328 0.71662205 0.29025224 0.59665537 0.10718306 0.68315333 0.8112134 0.7023933 0.22024351 0.54489756 0.7689846 0.6564987 0.5631218 0.8647959 0.6378802 0.73031497 0.47636205 0.9418862
-0.07356392 0.8049646 0.6835184 0.1230991 0.44253498 0.64694625 0.45697138 0.5875866 0.21714152 -0.12852412 0.3693518 0.5709158 0.31793663 0.40992635 0.82168704 0.27316988 0.39061156 0.65687466 0.604315 0.69516265
0.6578451 0.7048292 0.6966233 0.08656622 0.5004943 0.47408816 0.35111687 0.42483312 0.7696358 0.71822226 0.33287174 0.110883035 0.5390608 0.34020922 0.38824612 0.048009723 0.32778978 0.7083096 0.4560422 0.0054840497
