1.0306865 1.028167 0.20405236 0.7576129 0.9193998 0.15208946 0.96476394 0.42152902 0.574854 0.72948796 0.7333901 0.45623344 0.13678467 0.66161853 0.21104182 0.21530317 0.69756985 0.45657444 0.39544985 0.84270024
1.0561213 0.3181473 0.319829 0.22933976 0.6122421 0.85655826 0.83120155 1.1084628 0.46880543 0.19033211 0.7672274 0.45282045 0.9678437 0.35359892 0.26814708 0.20586294 0.918854 0.35323268 0.6833425 0.6264889
0.7022118 0.37935898 0.2820751 1.0269132 0.8289917 0.5352132 1.0380074 0.59574544 1.0577506 1.0195618 0.55095506 0.13468303 0.23607704 0.6486332 0.32313687 0.9438725 0.43023404 0.78548944 0.4964467 0.8113663
1.0105927 0.7349178 0.4109139 0.22837955 0.83786446 0.39730734 0.28589332 0.5142957 0.28839096 0.41931054 0.61180013 0.34404007 0.97313803 0.73153037 0.40390092 0.15590172 0.46476907 0.6490346 0.09165836 0.43681216
0.30619845 0.07778367 0.9759973 0.8013964 0.90514505 0.38870746 0.64673835 0.49699005 0.13782942 0.7411503 0.8181403 0.37919217 0.42912486 0.8583192 0.6183865 0.812729 0.82568157 0.738704 0.095568255 0.39348087
0.0838243 0.8183254 0.83572984 0.5329011 0.56779325 0.5260689 0.14950098 0.14076018 0.40389502 0.55579937 0.39411616 0.2792384 0.5953869 0.51469696 0.33701155 0.5790334 0.6865833 0.6480205 0.48127028 0.75806004
0.041707397 0.344173 0.12712164 0.8785621 0.5497279 0.20400643 0.78617364 0.5627199 0.6757147 0.7591269 0.29950988 0.94222313 0.8000346 0.9697585 0.5224056 0.23070866 0.3790755 0.28398222 0.6650419 0.08435526
0.81957495 0.2577955 0.9440887 1.0028518 0.20986201 0.08876009 0.60044104 0.09833444 0.41128743 0.7732207 0.8250114 0.2990767 0.7752316 0.44022658 0.2205712 0.57973903 0.36633047 0.08705866 0.20680273 0.9858894
0.068318285 0.3048347 0.7674835 0.47765383 0.27512184 0.8286697 0.22949214 0.68347484 0.4224534 0.17262146 0.8808618 0.6229228 0.7866971 0.1347381 0.06765387 0.021567341 0.7851865 0.85935277 0.7407425 0.74165684
0.6232151 0.98090225 0.50341755 0.3354186 0.53388387 0.40204006 0.9552951 0.70075804 0.64999557 0.7234167 0.78068393 0.7325167 0.29985836 0.34937227 0.21672712 0.60182095 1.1001055 0.24773236 0.69196504 0.20356038
0.378466 0.15408163 0.4186551 0.22424392 0.14708552 0.0771411 0.6506413 0.09563561 0.041511502 0.13728565 0.26919305 0.85765064 0.76908034 0.08567293 0.265766 0.25353283 0.8765165 0.9101954 0.45178878 0.07811013
0.8048299 0.92223066 0.6089975 0.37598842 0.57392824 0.21913539 0.7460225 0.8749915 0.8061672 0.11576766 0.5452799 0.2802969 0.92848045 0.4255697 0.5687273 1.0186572 0.6356124 0.5811058 1.0527244 0.6803785
0.83794737 0.1573931 0.4769785 0.2480072 0.3514738 -0.0062195626 0.29086706 0.20459585 0.18161248 0.41639984 0.31087607 0.44326127 0.16028023 0.05219759 0.89696413 0.61436707 0.5012778 0.5769367 0.03457728 0.60334957
0.8271053 0.2505321 0.015464563 0.22625363 0.87449163 0.45085007 0.5096761 0.38083318 0.86427987 0.9224075 0.8689132 0.027199747 0.69173837 0.11757139 0.9166155 0.25739932 0.60884196 0.1695882 0.66739374 0.5646291
0.6322499 0.85519725 0.9148913 0.15370779 0.16232103 0.59598666 0.3667978 0.91998684 0.78293544 0.42562097 0.12535372 0.2944824 0.40780962 0.7411676 0.528336 0.8796993 0.27955753 0.50359213 0.10348002 0.3134484
0.32173777 0.8236935 0.8020022 0.5157883 0.26024225 0.6255267 0.61138326 0.27124292 0.6285727 0.8288932 0.45842096 0.7767172 0.62317264 0.45995715 0.3598497 0.5527614 0.44731414 0.71732354 0.6534391 0.812325
0.5172802 0.99668664 1.0060945 0.30068386 1.0623517 0.8905345 0.40399152 0.6729039 0.7739423 0.42838767 0.30583513 0.33289853 0.9510451 0.7326362 0.2914459 0.46773392 0.7354722 0.72641987 0.96869606 0.2812726
0.70790476 0.89161956 0.5464079 0.82552207 0.57734346 0.24932063 0.65579826 0.004108152 0.04812817 0.3580768 0.012934433 0.41854754 0.41937461 0.4483016 0.45328143 0.39452547 0.4648918 0.16143548 0.55633694 0.5247442
0.24379727 0.9585963 0.38862193 0.71310663 0.7370405 0.96949387 0.16718823 0.5565987 0.25363287 1.0776911 0.25540125 0.7578313 0.9129237 1.0873281 0.9028919 0.6594563 0.33236873 0.8899357 0.51576567 0.31968942
0.71170974 0.39096978 0.67533624 0.6518234 0.71018416 0.2984665 0.5603319 0.21367747 0.39991802 0.41730967 0.2543442 0.6910598 0.55318403 0.62517387 0.57148725 0.07064251 -0.06683621 0.12195565 0.5270119 0.49277493
0.63445157 0.5076792 0.8345181 0.80743307 0.4431263 0.6892427 0.77320945 0.21253338 0.3219267 0.87626374 0.52395654 0.90252185 0.05619957 0.18860029 0.90378517 0.83844215 0.43038327 0.6385896 0.13247582 0.80745965
0.6192694 0.75081956 0.73458606 0.19369967 0.3288581 0.65602756 0.49210063 0.7768263 0.9505261 0.23487812 0.29258126 0.32602236 0.68170434 0.29913348 1.0660307 0.898428 1.0581659 0.6847376 0.69795 0.9144352
1.005095 0.33319053 0.56337017 0.5178549 0.60023266 0.97055334 0.067755796 0.66656303 0.7797327 0.14518254 0.5988524 0.8204185 0.39624292 0.7022414 0.7029371 0.8155852 0.9682253 0.57381433 0.082294986 0.15237771
0.44411856 1.0489434 0.69686085 0.3285457 0.5528261 0.47197336 0.8427781 0.78734106 0.59999305 0.6404232 0.38758576 0.21536769 0.9033231 0.7059919 0.97935814 0.21925335 0.675809 1.0631931 0.71630067 0.45038453
0.9445194 1.05017 0.9943317 0.35100403 0.97351176 0.2697778 0.1952953 0.67339367 0.6813906 0.99282825 0.35378617 0.2852739 0.1460465 0.6874617 0.22704485 0.46690717 0.7580057 0.32955953 0.6627637 0.42870528
