0.8641125 0.4333177 0.9755448 1.1308069 1.0037179 0.71002483 0.39054525 0.77628416 0.43201798 0.8264841 0.16993903 1.1030523 0.2121341 0.8285166 0.92844146 0.35205823 0.5199211 0.377201 0.40567678 0.3670825
0.44542614 0.2281258 0.4639049 0.2473024 0.26935238 0.44117647 0.4106902 0.26457328 0.19320069 0.27642003 0.7591396 0.23314457 0.49660563 0.18151826 0.79532987 0.4522011 0.17837705 0.48340666 0.9808965 0.7655704
0.20010686 0.3901663 0.54745376 0.22887944 1.0540829 1.133291 0.4167591 0.26911193 0.7767238 0.69988483 0.5353794 0.7709872 0.3470601 0.8702949 1.0060982 0.29713327 0.8649153 0.5151877 1.1195227 0.78188825
-0.02571486 0.68547076 0.7364464 0.4635649 0.6393802 -0.04554806 0.009470448 0.15831542 0.7890151 0.082347386 0.097885534 0.7711574 0.74283147 0.68458676 0.15478396 0.22655511 0.5623762 0.4049863 0.133309 0.10659854
0.34776896 0.25890964 0.72500885 0.79643595 0.5851483 1.0077507 0.56408054 0.23475836 1.0739988 0.22280514 0.56595105 0.56514066 1.1139175 0.7700393 0.3806409 0.23261112 0.18880011 0.9248747 0.18444812 0.5920202
0.8604794 0.07592635 0.7403136 0.11145611 0.27315614 0.24383005 0.92236674 0.91664577 0.79316276 0.9022969 0.8108583 0.7504968 0.102715746 0.73654693 0.86696553 0.8985913 0.47656026 0.54396814 0.4780119 -0.017281586
0.9150878 0.45630386 0.4642343 0.5127636 0.50878537 0.27000317 0.40513515 0.7924698 0.8655374 0.93862724 0.43818504 0.8081766 0.102858126 0.36799285 0.29408616 0.8756956 0.39852 0.39431128 0.6454022 0.90022475
0.6040591 0.1622417 0.8472143 0.7032466 0.28278655 0.56913227 0.13030086 0.65288943 0.08164782 0.17284338 0.5193425 0.71357363 0.22990723 0.47248217 0.68006086 0.9594939 0.21292755 0.3905003 0.92079514 0.7558513
0.47920322 0.34620848 0.99112666 0.63397497 0.41867876 1.0332998 0.1287085 0.98843634 0.14901917 0.2510122 0.9853152 1.0011624 1.0183774 0.3715186 0.6776123 1.0309076 0.646294 0.40393603 0.40627745 0.8495904
0.18643078 0.46794596 1.037887 0.24399814 0.7375312 0.45968288 1.0401555 0.5019966 0.95852476 0.947292 0.28658637 0.4277358 0.6824671 0.4981894 0.87803346 1.0740372 0.25632012 0.6459652 0.7981217 0.67307353
0.7502517 0.6953167 0.4442439 0.69960856 0.43633768 0.30985177 0.6076359 0.48464185 0.21541399 0.0037303586 0.44538996 0.553246 0.81903756 0.17559043 0.35625908 0.27336666 0.7383048 0.8460278 0.9130423 0.21042353
0.51653075 0.17373884 0.44507167 0.5648183 0.9538553 0.5524253 0.18240626 0.39717695 0.9930752 0.2482389 0.28532422 0.80600125 0.967973 0.93884116 0.33671343 0.7341541 0.20597064 0.27719876 0.13799976 0.27968588
0.69167846 0.9342415 1.0928967 0.41526157 0.7102156 0.27204305 0.9271824 0.4580456 1.0675908 0.37728655 0.8647885 0.6412753 0.7038411 0.593889 0.3979565 0.45608416 0.35480472 0.48988155 0.53278166 0.7627199
0.2914443 0.3374563 0.75274974 0.35980445 0.7284873 0.58133346 0.7979721 0.161442 0.9444213 0.4320493 0.89974535 0.5749593 0.5839112 0.6300749 0.6066865 0.50427645 0.38591745 0.45695156 0.8004359 0.688756
0.3068007 0.73909456 0.3632665 0.65554076 0.7972304 0.2208402 0.19503257 0.7014714 0.1860931 0.17784972 0.7213579 0.81603545 0.6105713 0.42627445 0.096223034 0.30089387 0.17578936 0.065470405 0.29878828 0.80030173
0.9528083 0.3337954 0.7556791 0.6847422 0.9252821 0.5033527 0.8030028 1.0339706 0.111474015 0.6331109 0.59666055 0.7913869 0.7950459 0.18682875 0.6337276 0.6582049 0.7761385 0.40185675 0.23505448 0.93477154
0.5479964 0.8913857 0.3340081 0.006096802 0.47649547 0.5921873 0.7345602 0.63800925 0.8435654 0.5428531 0.5960355 0.90089387 0.91721207 0.17952335 0.4190377 0.78051215 0.8470384 0.16932873 0.18323472 0.80460036
0.18598372 0.72208357 0.11387788 0.11806987 0.75043446 0.7764866 0.7915524 0.7545236 0.15872541 0.06555533 0.4615387 0.18487974 0.35060006 0.5119193 0.58139986 -0.052726254 0.5211605 0.89171356 -0.056046724 0.7192526
0.7910087 0.4892167 0.19227652 0.45987323 0.5509017 0.5473994 0.7202952 0.58190626 0.21734095 0.9537789 0.7868679 0.12539876 0.34719473 0.218976 0.6435126 0.3147504 0.51849014 0.21338095 0.98457813 0.50608313
0.2870094 0.5751307 0.82357615 0.50570434 0.68501276 0.62932485 0.5653793 0.68910015 0.88999903 0.06476205 0.74255764 0.5426931 0.745169 0.47644043 0.39103124 0.9992668 0.6639801 0.07867567 0.814568 0.4131686
0.75956625 0.7410777 0.5816998 0.89351517 0.39824265 0.3531048 0.64384276 0.82365686 0.23504305 0.20753115 0.30028838 0.5694934 0.64691174 0.6956345 0.37725425 0.3127713 0.43206355 0.55278194 1.0076165 0.78500104
0.19096579 0.3837399 0.39340466 0.74412256 0.8370397 0.49248216 0.25562435 0.95298517 0.50218445 0.62271875 0.13634418 0.28129348 0.4560647 0.92368704 0.58726645 0.91208243 0.7748532 1.0062525 0.2213015 0.6150557
0.6110549 0.72540617 0.3372364 0.35189492 0.37127814 0.8448131 0.448562 0.30642158 0.8436198 0.3858957 0.7777847 0.2912302 0.33933476 1.1148255 0.37663233 0.554413 0.9220683 0.89753956 0.6362931 0.24762303
0.6956005 0.32562292 0.7196366 0.7972509 0.59749204 0.9239137 0.7715917 0.6399654 1.0156448 0.8769419 0.6840107 0.37514567 0.5398636 0.5347933 0.8176738 0.52918863 0.41078123 0.472615 0.3917435 0.5191868
0.16336688 0.5059435 0.21230486 0.5047399 0.66650176 0.1982959 0.37669203 0.76322305 0.9043259 0.8687688 0.4596811 0.27937773 0.5891591 0.6350076 0.14002013 0.069510974 0.5954343 0.8121025 0.85848135 0.64197236
