0.5833615 0.5871742 0.14092726 0.4429111 0.64610606 0.52263445 0.27282804 0.26161426 0.6987212 0.7547118 0.6057599 0.30823216 0.35360733 0.087295175 0.60721505 0.102433555 0.40979072 0.20442219 0.73667926 0.41243932
0.52268964 0.748882 0.61946017 -0.0037249597 0.13443416 0.676845 0.48571548 0.2594795 0.79772466 0.33757457 0.0010574895 0.82928205 0.3880789 -0.075021 0.42051056 0.7293188 0.6979946 0.7228531 0.019484393 0.28955266
0.551941 0.16835724 0.63720834 0.3826541 0.86682284 0.5221787 0.5352696 -0.011548019 0.7529769 0.87454927 0.28205845 0.6465175 0.80902225 0.80495435 0.89821494 0.035652887 0.11623094 0.7592263 0.30314976 -0.018592698
0.43964708 0.24423611 0.9029923 0.6148858 0.3070878 0.91366065 1.0383466 0.7534839 0.5416768 0.8387397 0.2835283 0.73833317 0.404956 0.7831756 0.48541772 0.80269575 0.26444212 0.37887052 0.23657425 0.41618776
0.80351907 0.14023647 0.60524154 0.6688434 0.50143707 0.39275485 -0.074266024 -0.06681021 -0.015147309 0.019523505 0.58885926 0.2600272 0.03307838 0.65060335 0.69807595 0.12184039 0.29286683 0.76953894 0.79168093 0.1506292
0.16642058 0.16467986 0.6555617 0.3997776 0.56591195 0.2660397 0.90212315 0.9075437 0.6244334 0.12214532 0.59476024 0.87349486 0.44609526 0.7997068 0.63098335 0.5001003 0.17746371 0.6378204 0.14460745 0.45161098
0.48291686 0.80234915 0.45777994 -0.053021178 0.03070713 0.40820572 0.5485129 0.44692868 0.5945872 0.56247365 0.73283994 0.2983297 0.78963494 0.6171003 0.63424224 0.32489792 0.8404811 0.7183586 0.2501591 0.6005265
0.5493248 0.30519933 0.56272185 0.4051114 0.06464659 0.8316382 0.631571 0.3570727 0.2484976 0.25459892 0.23274244 0.007448357 0.06283175 0.9268995 0.5296615 0.46520916 0.7324575 0.2197676 0.80759615 0.23030703
0.74115324 0.49796057 0.89543146 0.13536398 0.834445 0.73464835 0.5038464 0.3910547 0.4851909 0.70351017 0.4618815 0.09736194 0.772776 -0.025341269 0.41341498 0.10569297 0.8005816 0.48917106 0.061486468 0.7671078
-0.08565864 0.37158695 0.110436216 0.02531951 0.017948389 0.63476247 0.21382184 0.8276523 0.37062642 0.55552125 0.70598483 0.83443254 -0.10806595 0.67450947 0.49181238 0.35607475 0.3529888 0.79487187 0.29932898 0.0098123215
0.956826 0.6067258 0.45820335 0.3855167 0.4998245 1.0660212 1.0834547 0.27250963 0.47011837 0.5689106 0.901477 0.5208824 0.9438113 0.44835624 0.7042523 0.24987316 0.39526764 1.0995855 0.7535597 0.39843744
0.54064757 0.37715867 0.29909983 0.98018914 0.38452774 0.9258502 0.53853136 0.75216556 0.18767285 0.85494244 0.6359777 0.39663592 0.056373082 0.91447467 0.66832876 0.62087834 0.45746276 0.93883365 0.25086638 0.7552906
0.4998733 0.6166746 0.38482937 0.58576345 0.17660038 0.89024365 0.2603517 0.7048732 0.33367673 0.37283784 0.83634037 0.8441157 0.76755923 0.32165563 0.15612526 0.36255434 0.4562532 0.9718094 0.9866441 0.81494284
0.0051421127 0.29644585 0.1149249 0.5341695 0.48827368 0.18083301 0.50596106 0.4541691 0.8065886 0.47870454 0.89830637 0.2454077 0.3242723 0.70028436 0.34280744 0.20975536 0.3594834 0.08333316 0.88200796 0.6521805
0.649388 0.17504875 0.5223514 0.85844946 0.23594101 0.61674905 0.7603822 0.15723416 0.60123914 0.13863616 0.7094478 0.27653682 0.8721489 0.18923685 0.4367128 0.43833056 0.29404312 0.3628383 0.3592163 0.05399453
0.31188318 0.1808693 0.47522417 0.405141 0.87380505 0.07675551 0.68517065 0.1285655 0.45798013 0.7407882 0.36890647 0.6437202 0.6964935 0.13091388 0.06819006 0.78394085 0.81945825 -0.014176988 0.47378957 0.43401742
0.40453336 0.88177747 0.46309626 0.49322826 -0.049817976 0.6903407 0.90341234 0.5864878 0.39035928 0.8933364 0.740527 0.18103416 0.85568285 0.4278699 0.2875007 0.297889 0.8699903 0.7668332 0.5121232 0.74665725
0.44105306 0.78525424 0.7132125 0.018424788 0.48755577 0.16935872 0.4452415 0.5826014 0.27787894 0.43525973 0.2613768 0.62240446 0.7374357 0.7628319 0.9335179 0.13091241 0.60951376 0.47172278 0.9349169 0.028852487
0.09764583 0.218928 0.7964497 0.8521132 0.7936433 0.37782517 0.44884908 0.9674983 0.7679619 0.43129632 0.08258427 0.10068165 0.028218431 0.30344477 0.2616279 0.86615485 0.3057524 0.15235735 0.55086267 0.3281679
0.26216954 0.659063 0.20208934 0.5089442 0.33280224 0.20702167 0.6203961 0.44076616 0.5748755 0.25381342 0.5293484 0.29295105 0.6704118 0.81473345 0.897729 0.941636 0.27124116 0.39249167 0.9057965 0.36331728
0.23175973 0.6288489 0.6563197 0.41810045 0.3807238 0.852053 1.0330734 0.36672586 0.9939192 0.16278693 0.4115034 0.40657726 0.18412225 0.30945107 0.58955956 0.76099145 0.25844678 0.9211691 0.19337577 0.21753873
0.52639574 0.11051075 0.699239 0.49534947 0.47348434 -0.000166621 0.43453017 0.62697184 0.024310367 0.37298098 0.25410095 0.5315576 0.008730054 0.18791898 0.050186574 0.50416183 0.6663424 0.60731006 0.5987668 -0.06758493
0.26919788 0.25068545 1.0803413 0.3296697 0.7418345 0.7369525 0.42537645 0.41608098 0.7756556 0.45223147 0.54366875 0.8386587 0.5102823 0.15101896 0.83150035 0.6382624 0.36401603 1.044327 0.4802314 0.44846928
0.721716 0.6946103 0.18912086 0.8751963 0.30084845 0.7820215 0.12781619 0.059094492 0.67244166 0.78898555 0.7209902 0.4449466 0.6701169 0.932759 0.24156868 0.42957333 0.20634787 0.2357632 0.26960465 0.66536796
0.33226258 0.05255581 0.27556345 0.3120659 0.2568065 0.36704344 0.40495536 0.110088825 0.34036776 0.86426723 0.7146051 0.8447124 0.16578625 0.7810056 0.07833986 0.8558926 0.82446814 0.3462734 0.55217457 0.03623438
