0.79731435 0.49783725 0.35951528 0.594204 0.40942395 0.19916347 0.27123362 0.68836224 0.7012446 -0.015993731 0.8207358 0.09222177 0.5601637 0.5805124 0.0043437053 0.5582511 0.35059088 0.33552507 0.65778315 0.2157821
0.98622066 0.20874158 0.39145336 0.22644709 0.7520917 0.8036225 0.521897 0.5742767 0.20946276 0.22798407 0.3333262 0.38715148 0.60503376 0.471346 0.40327954 0.44097504 0.8143588 0.6359311 0.4192663 0.478662
0.8029437 0.50037014 0.012280187 0.9000546 0.023069646 0.03332974 0.47632077 0.39248827 0.17314607 0.38913918 0.8641683 0.89318043 0.66903186 0.19035017 0.65828454 0.27076113 0.1382256 0.43225235 0.22258952 0.49644908
0.42026788 1.0415664 0.9729785 0.4336724 0.95469606 0.89289683 0.5918191 0.93027717 0.38777417 0.74053335 0.15722416 0.61549217 0.6824463 0.16424347 0.48738295 0.27725184 0.80999225 0.487583 0.37519124 0.114878945
0.24172585 0.7009997 0.5056075 0.5546598 0.30233663 0.18999763 0.5597698 0.31363022 0.06279574 0.87429017 0.13147007 0.31215447 0.87924635 0.5862927 0.8422551 0.027360704 0.49145642 -0.029399628 0.29029554 0.9050574
0.7703753 0.7465586 0.63950217 0.21550988 0.8466313 0.56245744 1.1190786 1.0115441 0.4373571 0.7685795 0.24785118 0.40582004 0.22721969 0.9625406 0.86371976 0.57600886 0.4017489 0.7136714 0.6514415 0.6148066
0.12654333 0.13090351 0.56075984 0.49743196 0.2611103 0.23541646 0.8050389 0.4681581 0.5454065 0.9837388 0.71042967 0.20688465 0.3707331 0.6208473 0.8688157 0.70221215 0.9603352 0.21676584 0.16349787 0.5049749
0.5930571 0.70989054 0.788366 0.42294776 0.6367149 0.83661705 0.2354329 0.06941111 0.17956583 0.7560608 0.13734595 0.37438792 0.7493043 0.033362467 0.4043902 0.013492555 0.23246984 0.41150355 0.5518375 0.47893542
0.108145066 0.27595276 0.588073 0.77307117 0.2009318 0.49810478 0.9009548 0.48099905 0.60224754 0.7187253 0.5294122 -0.024052959 -0.035580706 0.8794309 0.39527383 0.05724805 0.021266729 0.49748942 0.7428342 0.5959728
0.25613382 0.20334244 0.41523227 0.939124 0.3244115 1.0010475 0.68465614 0.8582203 0.071224086 0.6061645 0.31880888 1.0049036 0.26647004 0.09603555 0.91285425 0.18170407 0.085978635 0.85736495 0.50105727 0.37856287
0.7522957 0.51683044 0.81412446 0.11545363 0.019172786 0.8112363 0.30455825 0.34084904 0.51425326 0.3939084 0.056277193 0.04993818 0.8538072 0.5072419 0.82264334 0.3215547 0.5649639 -0.03309286 0.7989155 0.26504916
0.47142303 0.23219189 0.9626614 0.5018858 1.0063113 0.40926364 0.7987539 0.21820822 0.14252993 0.62040424 0.51425046 0.15438254 1.0177572 0.9230362 0.3360692 0.83659536 0.5037384 0.6527692 0.69582176 0.4674864
0.080360904 0.423493 0.7018761 0.31193545 0.44847342 0.5651864 0.36712968 -0.06492903 0.44304737 0.3645693 0.39408177 0.46020484 0.6137729 0.22520782 0.14769053 0.4118511 0.6242683 0.55343455 0.29168993 0.06350178
0.20665078 0.8645348 0.22128814 0.26839495 0.56246275 0.59916466 0.39230374 0.8513839 0.9666522 0.7560799 0.950694 0.2733692 0.22308101 0.23650102 0.66997933 0.51752234 0.2008394 0.4610508 0.5011755 0.32957003
0.3468553 0.63556343 0.852697 0.9803656 0.5156981 0.7152886 0.8435764 0.82306516 0.5483402 0.33514738 0.9454964 0.8100607 0.64622426 0.7143736 0.15902601 0.64683634 0.08071107 0.53707844 0.30636057 0.11012755
0.8712056 0.16428524 0.064403 0.5620082 0.7520354 0.83354443 0.8102272 0.8457027 0.856848 0.61425835 0.66980845 0.1922791 0.46367747 0.69615245 0.4174381 0.91176707 0.72002995 0.534989 0.3603774 0.37619978
0.52124614 0.3309307 0.7997977 0.16578785 0.18304454 0.30463758 0.66505235 0.49405885 0.5298916 0.20658416 1.062154 0.8088874 0.34224817 0.6414477 0.31009063 0.41452911 0.42552152 0.35135257 0.67074424 0.8330348
1.070449 0.26737908 0.18983246 0.28359607 0.6491093 0.2713231 0.3450115 0.66218674 0.3505995 1.0755349 0.93580073 0.88049114 0.6550771 0.34272966 0.40338245 0.44958013 1.0406346 0.43386692 0.8040169 0.4219488
0.7254801 0.70749617 -0.013454216 0.24431078 0.09110299 0.68581474 0.12688991 0.4349738 0.23541215 0.14032187 0.6383483 0.7058619 0.49125051 -0.091522 0.5785088 0.42500803 0.6704489 0.5609762 0.5479212 0.6351061
0.5423984 0.05665207 0.0792052 0.72358316 0.17157598 0.41264153 0.5822968 0.57769513 0.7492507 0.7675773 0.94356376 0.7943041 0.19385411 0.26662648 0.94561684 0.5307469 0.90696037 0.5553626 0.09329693 0.302732
0.26232794 0.8713738 0.86167526 0.5699163 0.38639092 0.2658782 0.39813158 0.1935071 0.16912995 1.0768659 1.102748 1.0772089 0.5554017 0.8625042 0.20242149 1.1282616 0.86477613 0.41518307 0.7027573 0.8285133
0.8099688 0.82121193 0.5789449 0.6391665 0.29680133 0.5642328 0.36347663 0.307488 0.18621379 0.12817696 0.49887472 0.27738032 0.11635344 0.14088945 0.9074954 0.19460934 0.86489564 0.49067527 0.5742502 0.11197072
0.4653806 0.25837928 0.021033602 0.7384577 0.15592392 0.2721718 0.9076527 -0.03252622 0.16035534 0.61190313 0.10399656 0.26513702 0.7500156 -0.034375165 0.53886306 0.83523154 0.35613006 0.49992758 0.22000852 0.012046922
-0.04673697 -0.015704375 0.6454096 0.13264975 0.87382907 0.19768904 0.3456051 0.3248565 0.21049947 0.6178917 0.77060574 0.56432253 0.86425287 0.26777092 0.5413426 0.28445134 0.8272361 -0.07635737 0.50505096 0.69727874
0.31851608 0.06031212 0.5658797 0.46212146 0.68833923 0.5891199 0.54049957 0.58783334 0.28442812 0.333553 0.021689193 0.05684181 0.16345435 0.91191894 0.5304813 0.742101 0.5437963 0.13859175 0.32701972 0.7773114
