0.89655447 0.6809039 0.3932445 0.16675825 0.44951987 0.81346864 0.38397563 0.57700723 0.84748465 0.5684169 0.269349 0.472544 0.5650678 0.6715806 0.4804836 0.9149726 0.31192708 0.4615899 0.37166837 0.9424571
0.29534274 0.55488986 0.74093 0.72311825 0.81278324 0.8411914 0.1828139 0.6517738 0.27044228 0.72642696 0.9092355 0.6509038 0.53645027 0.85049593 0.93999845 0.1962143 0.94966817 0.42681584 0.13079242 0.2555762
0.8014596 0.55126894 0.0027081887 0.35973185 0.41633576 0.004090603 0.6775597 0.7077614 0.8235152 0.8356317 0.8452676 0.15740404 0.21735667 0.48963854 0.8521301 0.734255 -0.0001822142 0.50255895 0.43114242 0.7894614
0.36942658 0.85144013 0.62519944 1.0647398 0.41045624 0.9950977 0.55407095 0.77076316 0.3132803 0.5281565 0.6260597 0.5361326 0.4847094 0.47003537 0.40099227 0.3230274 0.32064095 1.1933824 0.44214478 0.32900903
0.30083728 0.531127 0.091029644 0.8065422 0.89345276 0.23694329 0.6301761 0.4991217 0.3264927 0.18891299 0.42390555 0.13049403 0.98346406 0.29027978 0.56804603 0.7491055 0.1869712 0.96624494 0.7653788 0.5518079
0.49830145 0.5906846 0.66744804 0.92408687 0.70949703 0.27615082 0.6556731 0.50140613 0.6594397 0.7668994 0.2552725 0.4150752 0.43015778 0.8731689 0.5432562 0.50006866 0.45136046 0.93057126 0.9243403 -0.01390596
0.31889468 0.48779652 0.87309873 0.31323463 0.7031868 0.85496247 0.28698298 0.66096216 0.8579409 0.9382829 0.20445086 0.97249466 0.2797082 0.77859485 1.0011222 0.20396622 0.79519117 0.448311 0.13836263 0.5195105
0.22685707 0.3857159 0.25780168 0.7518722 1.1202034 0.7794353 0.773528 1.0062568 0.25172043 0.48606044 0.79089534 0.74675643 0.4992035 0.62271565 1.071967 0.5808547 0.572016 0.528648 0.4869962 0.7863764
0.84248555 0.19683553 0.6379291 0.15674976 0.65432936 1.0254886 0.48051706 0.17556405 0.51411146 0.38918754 0.43194604 1.0587244 0.35262886 0.17847946 0.36472625 0.3586519 0.5229795 1.0054722 0.22660774 0.43734464
0.7062585 0.6221525 0.41244197 0.20476778 0.20712614 0.678056 0.5468483 0.2694007 0.9114617 0.17570058 0.58496064 0.28524852 0.13654135 0.4398451 0.09164246 0.57254475 0.32152694 0.7941245 0.23205507 0.4799235
0.6777369 0.4653236 0.2844418 0.15954651 0.80361485 0.76742816 0.52325577 0.62549335 1.0124502 0.24279048 0.9712664 0.13100165 0.6402532 0.78254753 0.87745523 0.1935717 0.63981277 0.44355813 0.57269907 0.7350185
0.24065241 0.94894725 0.33416605 0.6817731 0.30944413 0.18918051 0.9160791 0.23981172 1.0962445 0.7113141 1.0041773 0.9427259 0.30385408 0.375806 0.23123242 0.9606444 0.9480855 0.22742802 1.118635 0.9057522
0.9072375 0.26504397 0.9857818 1.0089753 0.5610434 0.23326197 0.36588255 0.2789485 0.2616518 0.5656723 0.6573113 0.94499075 0.55089176 0.5809549 0.85279167 0.95045984 0.2249991 0.26969188 0.26817498 0.76343346
0.23764215 0.8444206 0.25835034 0.61082554 0.7972305 0.29220715 0.8223598 0.7194631 0.90786517 0.6328038 0.6195156 0.24280801 0.45784858 0.6300367 0.9732689 1.0639055 0.7777043 1.0649035 0.27181408 0.584688
0.018997017 -0.062404603 0.41369635 0.289578 0.7069536 0.74324733 0.43495116 0.5448259 0.0802648 0.8258366 0.72446525 -0.017359264 0.5857149 0.057330724 0.32214937 0.43862018 0.24617572 0.11388925 0.4004717 0.5257486
0.54641235 0.44663018 0.47719094 0.8602973 0.5274615 0.81257594 0.38947737 0.122146204 0.82638174 0.5800876 0.4106719 0.55254334 0.2859575 0.5570147 0.62191576 1.0127863 0.87 0.4661071 0.34499693 0.7225192
1.0339153 0.95463264 0.37840906 0.7655963 0.87233037 0.17766473 0.76334846 0.76172197 0.15721928 0.7942167 0.9613756 0.50069094 0.5315185 0.43011016 0.28966677 0.14735077 0.7129771 0.34291345 0.2097991 0.87369597
0.61749136 0.16431275 0.6189388 0.6147083 0.7401939 0.630246 0.26510403 0.8980724 -0.036915984 0.29793537 0.0978473 0.68891495 0.40777865 0.022526613 0.9151836 0.58064103 0.2389273 0.74855554 0.8580819 0.5822921
0.27160397 0.21780197 0.91044766 0.43060002 0.51731586 0.46710885 0.3892546 0.28828442 0.2576474 0.657637 0.5866044 0.337777 0.56510204 0.07901216 0.14069803 0.12870225 -0.0022682871 0.47227582 0.30099162 0.22979054
0.32815596 0.46133974 0.20277895 0.9010348 0.36297798 0.60786813 0.7324388 0.49933824 0.3620526 1.0400138 0.17011599 0.49960697 0.9798525 0.52643436 0.8528197 0.8461537 0.5462532 0.7300152 0.634105 0.24581046
0.33844978 0.17332204 0.70980614 0.37404558 0.4464041 0.25754803 0.6978518 0.35294896 0.6868244 0.62419933 0.8289145 0.77580184 0.3495047 0.17337874 0.17383 0.1665397 1.019351 0.5376609 0.7013809 0.78781706
1.0097864 0.49380198 0.37333685 0.31563413 0.4122187 0.84702593 0.21531872 0.6177704 0.29934606 0.18736695 0.7108193 0.41265777 0.28260317 0.8660406 1.0121325 1.0417649 0.49247882 0.88230175 0.71642405 0.15257527
0.027211826 0.08198431 0.4840745 0.008031489 0.7312055 0.7449857 0.58926284 0.8297256 0.3864724 0.12689795 0.44723988 0.8283249 0.0957463 0.08385274 0.6006397 0.19592223 0.68124145 0.6785212 0.15231213 0.7180233
0.642444 0.34628478 0.86290765 0.46983537 0.61125344 0.42093834 0.27271703 0.731328 0.010075352 0.48780322 0.38115126 0.72369146 0.5183383 0.55240923 0.29133707 0.6546287 0.5044616 0.39241502 0.6106747 0.68340707
0.6184269 0.5809254 0.9014181 0.72975147 0.75598425 0.36689094 0.11344704 0.7258355 0.38597518 0.4256295 0.321297 0.17429349 0.0767775 0.42732504 0.5249326 0.5733657 0.14185375 0.5854188 0.09214497 0.3007704
