0.37017506 0.3987888 0.24103004 0.5114744 0.23604049 0.30926317 0.922575 0.8599348 0.3136015 0.5639593 1.1193151 0.3321317 1.0657053 1.031161 0.83264524 0.5897607 0.58552945 0.88781357 0.9052323 0.61793643
0.94845325 0.09824641 0.6925473 0.8285625 0.85126066 0.5716977 0.22062513 0.1488058 0.05396356 0.20725432 0.3973195 0.1677169 0.69496906 0.30763513 0.1906853 0.639528 0.37228578 0.8458598 0.18876514 0.33419612
0.12203653 0.57681215 0.997143 0.4507597 0.3380643 0.5276673 0.60113466 0.5383526 0.794731 0.18199426 0.4446648 0.68759876 0.8920903 0.6424827 0.18424888 0.82486576 0.46722093 0.2351698 0.9622886 1.0429568
0.7440901 0.7720804 0.35453507 0.8745465 0.22169258 0.096434355 0.37626043 0.7690844 0.101966836 0.61179686 0.65249795 0.8048586 0.62719077 0.90680695 0.06456267 0.78579617 0.47148806 0.0761578 0.10435366 0.7856895
0.44795603 0.14528356 0.45926744 0.9913975 0.10434007 0.89243084 0.40917 0.93219036 0.3465845 0.82896376 0.2689446 0.10386525 0.9840278 0.41097102 0.25093034 0.48923013 0.9388119 0.30044165 0.65238214 0.22471417
0.515852 0.77123654 0.6849871 0.70528674 -0.03802339 0.81825423 -0.06014732 0.08515163 0.020388374 0.09835063 0.009836456 0.69928336 0.16979049 0.11833054 0.18843262 0.8764447 0.20908657 0.7545015 0.3238849 0.26773733
0.22318223 0.5353145 0.31469584 0.7685111 0.3326701 0.3214315 0.16845419 0.3747738 0.63565224 0.7528028 0.43808067 0.75128025 0.7231333 0.82782423 0.08792844 0.37798154 0.108065575 0.052112713 0.70887953 -0.02137651
0.35646212 0.9726751 0.53397435 0.6569085 0.5684375 0.47145998 0.31027827 0.47742826 0.8247033 0.41118577 0.5271971 0.48666528 0.8632767 0.4694946 0.8173874 0.82465214 0.3110857 0.678327 0.5154808 0.35054964
0.013090966 0.2590544 0.8462254 0.2198085 0.07798615 0.9717934 0.5961885 0.7936555 0.48614743 0.586937 0.13081394 0.57422507 0.9013042 0.5771371 0.0032181803 0.95611954 0.18166527 0.2730092 0.79474163 0.81259394
0.37851742 0.7798127 0.4182043 1.0076679 0.6079442 0.2732223 0.3462925 1.0628741 0.4509865 1.0495931 0.25915983 0.764463 0.72483945 0.18351823 0.32616627 0.66940874 0.565765 0.30257303 0.44669288 0.87917894
-0.14351737 0.2972464 0.56451297 0.7140904 0.4960863 0.45245615 0.31812534 0.00089817797 0.33993593 0.7829807 -0.0570777 0.15129423 0.65301716 0.33654103 0.79128796 0.34725043 0.5615377 0.1858337 0.6300851 -0.06263326
0.9784577 0.7561678 0.13354144 0.2620103 0.8630275 0.72793657 0.6109703 0.36219355 0.23368615 0.09213072 0.26882976 0.52199423 0.57085174 0.74599075 0.9994434 0.52439386 0.9509363 0.77116054 0.7919856 0.3351761
0.2850994 0.16490713 0.052562162 0.40315333 0.8139514 0.37261853 0.41005334 0.79151374 0.3602283 0.80054545 0.9272412 0.52800316 0.9756658 0.27205208 0.933944 0.6333653 0.1321779 0.57560945 0.5466528 0.2954558
0.723642 0.88291377 0.7271444 0.69333845 0.95397687 0.8488414 0.8679521 0.42141157 0.23406987 0.9384512 0.04731169 0.5623207 0.59937394 0.3289009 0.81377727 0.3780455 0.2891904 0.277914 0.6543453 0.1746732
0.5179098 0.49028298 0.7802879 0.5855766 0.35322812 0.8530486 0.23516132 0.8227875 0.720442 0.076901376 0.9297123 0.7244311 0.3841112 0.68254894 0.7043202 0.580917 0.042956434 0.7549431 0.43896952 0.8318162
0.45126435 0.3347961 1.0449384 0.5030624 0.90128773 0.26961893 0.5387033 0.76992846 0.67261976 0.9140374 0.13557923 0.18835716 0.58640844 0.4593864 0.38964495 0.5965496 0.75394416 0.90864676 1.0160483 0.15375349
0.8548016 0.9261385 0.21172167 0.9103404 0.6630164 0.16746764 0.62820184 0.6501006 0.6810687 0.3627708 0.82780707 0.46513945 0.57970977 0.060726535 0.39076966 0.34197253 0.5677438 0.8558368 0.86256003 0.6381708
0.9579411 0.58610374 0.3876937 0.13828243 0.9044589 0.27579802 0.16274345 0.6635208 0.42767063 0.8457386 0.2767455 0.7888644 0.78299826 0.5439505 0.37967545 1.0386539 0.1671496 0.41631874 0.90547234 0.71099776
0.3029549 0.7107181 0.46995598 0.55695724 0.17566697 0.40246478 0.7437203 0.74955416 0.7723995 0.27080056 0.11547617 0.094745755 0.3293644 0.8647544 0.8421624 -0.05068455 0.5466359 0.69563 0.8483467 0.5995082
0.34780934 0.108516656 0.8677062 0.6558292 0.7530643 0.07891097 0.4402165 0.9625394 0.44501254 0.4847593 0.068159945 0.6531255 0.7141379 0.6698854 0.33223566 0.7362101 0.4000292 0.19828343 0.5210275 0.5309195
0.90107685 0.43575588 0.40149772 0.87605304 0.053906508 0.21212083 0.3694916 0.06779155 0.5315609 0.28278577 0.9612726 0.7987375 0.03334524 0.18779631 0.09907903 0.933138 0.46258986 0.12013076 0.40976486 0.68196785
0.2422764 0.2289521 0.3131147 0.9221989 0.028453581 0.7408305 0.082089126 0.82872736 0.9042847 0.35046315 0.47819906 0.7877027 0.43713963 0.07069817 0.51436716 0.87220955 0.44765007 0.44373965 0.47004205 0.8604137
1.120082 0.5246902 0.46996397 0.27589116 0.76773524 0.3266707 0.5794076 0.16513541 0.2275979 0.6354089 0.3597773 1.0504671 0.64390033 0.8471461 0.652361 1.0684819 0.19178198 0.97070813 0.63093543 1.129917
-0.025171611 0.6795089 0.37309167 0.47084305 0.40235424 0.03872673 0.58249635 -0.044388782 0.3482222 0.48726934 0.6998678 0.19291766 0.65042996 -0.049086615 0.2977423 0.2505808 -0.059788305 0.6613526 -0.15513623 0.05963274
0.085693106 0.36983147 0.40186426 0.7164234 0.17919059 0.8805441 0.77673626 0.48661214 0.8050239 0.85644907 0.45938846 0.8757538 0.520208 0.67536765 0.45181313 0.1915833 0.51374424 0.09398252 0.20359002 0.4026084
