1.0900285 0.26637435 0.23339264 0.82352734 1.1260308 0.6960804 0.67437255 0.8849739 0.63167703 0.7057026 0.20479672 0.79446304 0.31189495 1.0963434 0.48789364 0.38081306 0.27254525 0.35987157 1.083717 0.46099722
0.0023284068 0.21266381 0.59628254 0.42957935 0.16191106 0.26077217 0.66714007 0.75704414 0.5067764 0.09315896 0.26330787 -0.016877674 0.069775715 0.8331392 0.8019146 0.83488774 0.32653886 -0.10470389 0.17786238 0.42643955
1.0314213 0.6777997 0.28485212 0.6313128 0.6188112 0.35189846 0.5792321 0.87684625 1.009029 0.7320313 0.7939189 0.40101296 0.796068 0.6501764 0.25824207 0.450609 0.4934013 0.70118207 1.1289767 0.22540025
0.6253609 0.95027083 0.6786708 1.0529248 0.26013356 0.50699383 0.2568113 0.8382765 0.4123025 0.5426492 0.43510723 0.22097218 1.0169275 0.1885349 0.8379728 0.4117444 0.6491403 0.8709339 0.17626451 0.5391817
-0.08095495 0.23341754 0.7721961 -0.051778693 -0.10683981 0.5546781 0.7588532 7.798502e-05 0.4439663 0.52401763 0.26950306 0.45747083 0.7482282 0.07681433 0.41176072 0.22179149 0.3852294 0.76665276 0.43698362 0.31241286
0.41290522 0.44236144 0.14620276 0.70643294 -0.028631285 -0.0007472718 0.92277724 0.8268733 0.41176108 0.9064109 0.24596158 0.11215375 -0.02111547 0.43324214 0.29734892 -0.028572183 0.41729224 0.35677075 0.41473258 0.4474464
0.77806896 0.148714 0.88673365 0.43391928 0.9568729 0.3643859 0.9278503 0.40860164 0.36833656 0.74869126 0.28204963 0.6288537 1.0202148 0.6530796 0.44883075 0.2832931 0.7353234 0.3314987 0.5193968 0.39238364
0.5282907 0.2909721 0.8465634 0.633874 0.14707395 0.17256124 0.32607067 0.38558084 1.0172617 0.46824265 0.7179198 0.5537371 0.49786144 0.32083866 0.73407394 0.1791723 0.43663207 0.25808093 0.7671655 0.9420554
0.46939722 0.66003126 0.37297377 0.31187034 0.22957557 0.2604071 0.037390642 0.27464414 0.29061753 0.83878386 0.4948683 0.3144429 0.6994564 0.90354496 0.4821322 0.8825482 0.68129265 0.8278813 0.36582005 0.45492184
0.23873913 0.8824784 0.19467098 0.3942016 0.7007211 0.19409466 0.6877024 0.39877796 0.123414986 0.4365955 0.57314926 0.21061647 0.6578648 0.06424609 0.8484471 0.6340993 0.7597003 0.71292806 0.66729116 0.6753251
0.3785723 0.28947216 0.80999005 0.5697655 0.6656129 0.24382393 0.5811645 0.28075522 1.0577279 0.30173674 0.43853074 0.54053617 0.576023 0.7848256 0.13530248 0.6459017 0.73665017 0.98142415 0.5925139 0.71049625
0.8097485 0.86200964 0.77099603 0.53073645 0.20744735 0.7275833 0.49830294 0.37034634 0.64073855 0.8155961 0.3587858 0.90034574 0.36479965 0.43231374 0.21230851 0.38783255 0.5154155 0.3532234 0.031555478 0.109576404
0.433188 0.21822642 0.36981392 0.71346617 0.81403774 0.0005779929 0.11796178 0.41855788 0.56362975 0.3265815 0.16889463 0.18565571 0.8664249 0.031557262 0.6044294 0.47643885 0.6146908 0.29895923 0.14938425 -0.051874258
0.4092578 0.82682693 0.43772483 0.28567845 0.63069683 0.90379006 0.6822796 0.86437637 0.4800197 0.8857714 0.8507939 0.069452785 0.9387414 0.4478637 0.74869835 0.8565275 0.87180555 0.29759133 0.49949965 0.7934453
0.9513358 1.0441395 0.5222146 0.18053229 0.5769495 0.7204612 0.4137932 0.36364004 0.4070017 0.76430964 0.6741414 0.43186164 0.21232472 0.39068118 0.87805396 0.24140641 0.96714514 0.5134896 0.31295598 0.83980364
0.01572047 0.08404577 0.79912513 -0.09450179 0.46842432 0.044098757 0.860511 0.4625127 0.651049 0.44785762 0.7513105 0.6125829 0.34476545 0.07195086 0.74926955 0.20826049 0.5665429 0.45374617 0.54774433 0.692024
0.024012009 0.3574739 0.80695593 0.3797369 0.3878783 0.124648094 0.83235955 0.6125426 0.26237828 0.09711108 0.27625334 0.19577092 0.07877367 0.51773524 0.8717201 0.77170193 0.8460631 0.036943913 0.69625014 0.45831215
0.5516535 0.94474334 0.8503829 0.7157227 0.8820414 0.702751 0.31375265 0.52165437 0.36322019 0.23093937 0.6760033 0.8823972 1.036569 0.17883748 0.68150395 0.2869944 0.6912561 0.13914305 0.12518455 0.62899506
0.048210215 -0.07895215 0.18138084 0.8142771 0.7418199 0.29457706 0.6864379 0.15552853 0.75687814 -0.13087744 -0.019743312 0.8052607 0.6603031 0.34691757 0.38052648 0.073097564 0.38632575 0.784692 -0.05930864 0.5762372
0.34591252 0.87758934 0.5142817 0.71966124 0.110174574 0.43908784 0.3358883 0.17231384 0.78446335 0.93696934 0.07205046 0.7219219 0.8199788 0.13062657 0.5515814 0.39048895 0.5374319 0.39947712 0.60998464 0.7309118
0.31466243 0.25511762 0.25706756 0.8339127 0.41454145 0.14197446 0.47706777 0.22752133 0.8654883 0.9520149 0.1750479 0.13233769 0.8089882 0.37143454 0.5052381 0.1624592 0.8710602 0.5870949 1.0340866 0.69965965
0.2622587 0.33634588 0.8410712 0.5671806 0.1991964 0.9065305 0.35125056 0.7997873 0.34508923 0.9939543 0.51483667 0.7992128 0.47971836 0.30159074 0.95447004 0.9150591 1.0641462 0.40946725 0.6460687 0.992721
0.009540545 0.38313144 0.8839028 0.52460515 0.85990494 0.8753903 0.70999753 0.45085514 0.14967301 0.3364379 0.66655034 0.48899296 0.7264699 0.91642666 0.091468446 0.25558612 0.6839802 0.14875095 0.26816323 0.5106752
0.2697122 0.11946118 0.30491775 0.3491632 0.5144061 0.32015097 0.7245999 0.5391634 0.42253 0.04776378 0.95239055 0.7034746 0.82906955 0.2708227 0.5834026 0.7654646 0.029180577 0.4788421 0.6493701 -0.0054049287
1.0112334 0.22854337 0.32295892 0.6374515 0.9246564 0.6972545 0.82020897 0.30802548 1.0715685 1.0387958 0.66067874 0.5068562 0.68562025 0.2849802 0.93507266 0.1897444 0.89829457 0.58654064 0.45733112 0.4564622
