0.4045022 0.61859024 0.7781956 0.70037895 0.8132996 0.6802463 0.21494032 0.6195137 -0.11808131 -0.011759387 -0.010752921 0.60450244 0.7244135 0.42391938 -0.04345524 0.24766812 0.8219787 0.11875422 0.48588258 0.60383636
0.07484566 0.8230022 0.69452083 0.7349042 0.7918109 0.21283741 0.83171815 0.63931763 -0.006368061 0.15813433 0.3211375 0.04274257 0.67023075 0.7315824 0.24580097 0.6583506 0.5485584 0.59013003 0.59828234 0.44216517
0.51056206 0.5347408 0.22537762 1.0334413 0.64002526 0.106211 1.0287153 0.46880332 0.79706544 0.1254026 0.2015899 1.0083332 0.65342504 0.7077128 0.5977886 0.72599083 0.8404241 0.4302827 0.30833972 0.45712203
-0.13184124 0.27871975 0.25406045 0.6023788 0.6818711 0.66845876 0.5150251 0.48021016 0.65239006 0.27536798 0.46341923 0.10884409 0.4158659 -0.022327544 0.6674447 0.70671225 0.2980886 0.052480724 -0.03711611 0.49322155
-0.040421393 0.82925045 0.7501973 0.26676875 0.6504406 0.14386642 0.2791012 0.31197214 0.6837771 0.318644 0.6741585 0.75897896 0.3140691 0.10444019 0.85209614 -0.02547476 0.18942618 0.6092559 0.25249636 0.7731606
0.7091736 0.6141414 0.50144696 0.4389538 0.72890687 0.8000713 0.2656227 0.46208897 0.06739086 0.6745559 0.10612121 0.7009612 0.82615006 0.4082121 0.7718897 0.59176433 0.7088613 0.7059784 0.83424294 0.37644273
0.14630751 0.22257097 0.9582431 0.64403945 0.6674584 0.20192924 0.26684877 0.92077446 0.8137761 0.5189995 0.30686936 0.7655392 0.09444399 0.59793276 0.17851755 0.8628171 0.14700896 0.9418345 0.68189365 0.15303141
0.0196674 0.10448831 0.47224504 0.5075232 0.610047 0.059655424 0.089970775 0.77623326 -0.02838644 0.26810828 0.5853005 0.84977293 -0.04409691 0.7965129 0.008700517 0.51580715 0.65943503 0.36691076 0.0796416 0.43168977
0.25440496 0.2618984 0.82877445 0.91607165 0.6980399 0.6358606 0.44539228 0.591363 0.38589373 0.9821771 0.16592327 0.045310266 0.20511147 0.5196639 0.27876005 0.7120495 0.7453094 0.2563858 0.36623037 0.8970214
0.9397101 0.14573212 0.9437442 0.40089574 0.5165066 0.81573313 0.45657915 0.24367735 0.7329029 0.12206961 0.69165957 0.81375325 0.5709213 0.15223444 0.05467355 0.054903064 0.47318095 0.36828354 0.653114 0.96886194
0.60449713 0.7601943 0.62380856 0.059663802 0.57961696 0.12269051 0.56505877 0.4062025 0.74841565 0.19847053 0.7325902 0.13485004 0.6324506 0.5090394 0.9066725 0.51384884 0.7202083 0.21673104 0.6236012 0.22049062
0.44241184 0.7990367 0.4911961 0.92696047 0.27392328 0.7577251 0.6507983 0.42037454 0.14628364 0.39741224 0.27405176 0.29896757 0.23989293 0.565414 0.27792832 0.7908083 0.017748315 0.40769255 0.04975414 0.30590168
0.6986259 0.15105562 0.18699352 0.35634407 0.32664275 0.8846272 0.5384541 0.19014761 0.78618175 0.83535737 0.88719106 0.26544464 0.26933956 0.36309686 0.1052771 0.5930661 0.10408982 0.030276466 0.34510288 0.5337075
0.83248395 0.17417149 0.65321857 0.8672452 0.6116552 0.53272367 0.94772035 0.15552859 0.033562504 0.74117136 0.6725939 0.5840462 0.7388153 0.6653605 0.34748802 0.62149584 0.16694188 0.5771948 0.83221966 0.6671558
0.4227927 0.479048 0.90633315 0.13934147 0.24318261 0.8766763 0.4746252 0.6044 0.24304798 0.15925409 0.5255374 0.35544157 0.49300927 0.21335484 0.8954212 0.86787915 0.39131266 0.9002401 0.5432183 0.38018385
0.44188243 0.43004286 0.8021381 0.19983587 0.838204 0.96852386 0.23959826 0.12599128 0.9571428 0.26994234 0.79940957 0.6098073 0.8396679 0.25851774 0.08433665 1.0285863 0.97663766 0.23105672 0.97819567 0.56370044
0.3088651 0.7692341 0.37423337 0.77972066 0.81302845 -0.03822843 0.5698095 0.16067566 0.21204679 0.68966514 0.6033663 0.71312064 0.57046777 0.46433893 0.91632175 0.60023797 0.13652125 0.5022871 0.23648164 0.8205849
0.45027414 0.56693995 -0.046942465 0.6528859 0.49217778 0.44013909 0.44391638 0.65322065 0.10355025 0.52456194 0.6604621 0.06540177 0.26187196 0.054608077 0.11837582 0.8552613 0.8031206 -0.027082313 0.25723693 0.056926765
0.84050626 0.27228707 0.40541807 0.91528046 0.33063427 0.046016198 0.77286935 0.85244226 0.19008058 0.79038507 0.6551849 -0.020410443 0.85234976 0.85626185 0.8135661 0.023621654 0.39249077 0.32468155 0.3057122 0.5775386
0.8038519 0.133361 0.14302328 0.81328094 0.56710815 0.13273114 0.4562011 0.4506012 0.5066572 0.27698725 0.5731664 0.97390956 1.0054553 0.40662804 0.60990894 0.53157836 0.53835315 0.3667865 0.4147203 0.41853562
0.935294 0.66898304 0.8454034 0.7035739 0.2696908 0.30409113 0.78677964 0.91610026 0.31082374 0.86571735 0.88734376 0.50264645 0.2942794 0.31206033 0.60729444 0.11477868 0.7007348 0.7797773 0.5224397 0.023427896
0.6755138 0.9989488 0.99908316 0.3338848 0.6542429 0.5790384 0.65935874 0.66727024 0.6092276 0.31311807 0.7377084 0.993283 0.4148477 0.9161795 0.17963284 0.09704114 0.46438363 0.53191096 0.24586776 0.48749214
0.2564801 0.3855657 0.21416312 0.7626775 0.17025442 0.7748838 0.37747782 0.88230765 0.34018323 -0.03436054 0.44927177 0.44734067 0.90685916 0.93044066 0.5180353 0.1693642 0.44037905 0.017980024 0.57571715 0.025224824
0.35290122 0.95940745 0.25280344 0.654957 0.19039492 0.6992691 0.30393815 0.5676405 0.14728707 0.9989676 0.3358457 0.9617067 0.5362101 0.4277298 0.48547158 0.30300394 0.29917368 0.40723428 0.47523838 0.8071493
0.8660952 0.71459514 1.0549492 0.195489 0.40012255 0.15169697 0.5537179 0.4974874 0.548755 0.32137346 0.77499825 0.68576676 0.38462308 0.40878072 0.46832365 0.38609046 1.0018036 1.0383415 0.9644686 0.24056819
