0.56328034 0.25332648 0.41755596 0.85985136 0.5271862 0.79386127 0.4359201 0.4468831 0.9049347 0.8297458 0.9229402 0.8133386 0.105866134 0.78963953 0.24669892 0.5154771 1.0028619 0.2553172 0.4403131 0.38848603
0.6716837 0.28186312 1.022173 0.69835514 0.7269896 0.4392274 0.15552658 0.883786 0.77341557 0.21058415 1.0558691 0.3704105 0.37617746 0.30881804 0.6103486 0.5171205 0.34526187 0.48063433 0.6877911 1.0048193
0.51596165 0.782021 0.7466508 0.8261011 0.65993667 0.42741182 0.8703699 0.6540435 0.6439501 0.5728214 0.5458102 0.17399503 0.24198836 0.26034388 0.89170176 0.28029686 1.0130615 0.2013933 0.8294887 0.18397127
0.3221832 0.34273708 0.108718894 0.16921838 0.8474734 0.6408504 0.4624394 0.43162167 0.53254175 0.54631466 0.42421737 0.3324224 0.44650015 0.80899894 0.35200113 0.4931641 0.61644375 0.34423178 0.014666324 0.5598318
0.78354174 0.06503314 0.50725037 0.4413647 0.8498373 0.064753585 0.5316996 0.35381964 0.2113773 0.37550396 0.47281986 0.5865613 0.5214851 0.10312884 0.74857086 0.79705364 -0.05145834 0.48769704 0.044865485 0.7486906
0.36207333 0.26549628 0.628347 0.79962575 0.90464306 0.62024885 0.41693187 0.44349757 0.6949585 0.7303018 0.93476945 0.50462866 0.965678 0.57919705 0.26664737 0.30276874 0.6061379 0.9132704 0.5034569 0.24475579
0.2095032 0.41563532 0.99156916 0.526194 0.28274116 0.4940501 0.8520412 0.7593238 0.71163416 0.6994106 0.26306063 0.76749086 0.97872 0.19265747 0.4235664 0.8764703 0.54905707 0.14624529 0.4676605 0.8637332
0.991446 0.54990005 0.1813149 0.83754665 0.77317846 0.6232491 0.52853215 0.13700421 0.76411515 0.33508262 0.4108546 0.5851383 1.0118179 0.92339927 0.19605048 0.37595886 1.0114789 0.9863886 0.5654272 1.0091296
0.84645927 0.92272735 0.7709824 0.69968766 0.42416027 0.5056936 0.73145866 0.30938295 0.2223641 1.1409782 0.8379566 0.2402111 1.055415 0.2728101 0.24254566 0.87780744 0.5201112 0.34912297 0.7689256 0.96682876
0.6021817 0.30593044 0.9898665 0.96616924 0.17019743 0.14023079 0.39957917 0.7214606 0.89606386 0.41690013 0.47102597 0.52797574 0.68713343 0.3615661 0.6022316 1.0420295 0.4247354 0.7271817 0.518928 0.66887397
0.3896835 0.33769634 0.50511205 0.92628646 0.48574254 0.23507114 0.3965403 0.43698895 0.9216401 0.7211551 0.89486104 0.7586632 0.16126135 0.77129936 0.7256808 0.8753128 0.86368334 0.17929876 0.794365 0.043974705
0.79863554 0.95634145 0.68142104 0.92866904 0.33585137 0.36391735 0.47109237 0.57009214 0.42090565 0.9123765 0.5982328 0.075966135 0.8597144 0.81918144 0.2252516 0.98333853 0.19396542 0.2193259 0.55444044 0.42164892
0.96930283 0.19817457 0.97193384 0.6131045 0.65570295 0.5174865 1.0386727 0.109787434 0.58956075 0.9421422 0.52608955 0.9945001 0.5161752 0.6103995 0.7144977 0.18048964 0.26638615 0.44567734 0.24882661 0.1460966
0.9534051 0.7102411 0.2522676 0.58570427 0.4714335 0.50443447 0.32862133 0.43978283 0.5919772 0.6356772 0.49696633 0.16060087 0.15129614 0.59272313 0.92028826 0.8081775 0.6905192 0.804119 0.45131883 0.9451734
0.5328967 0.38176557 0.6708809 0.2884996 0.7592592 0.31522804 0.501656 1.0418993 1.0486181 0.58003414 0.94908017 0.73693514 0.34226766 1.1012037 0.77871335 0.48478404 0.64510155 0.5425297 0.32675365 0.72976875
0.09649221 0.89965886 0.5979683 0.18286876 0.9545978 0.1820612 0.9789397 0.7583243 0.3660211 0.8842168 0.15368566 0.22149836 0.552184 0.93088275 0.63352907 0.1781262 0.5593565 0.47399792 0.11421168 0.3770485
0.12740527 0.76574636 0.54733723 0.5443349 0.32369184 0.39430928 0.44312295 0.7566572 0.83460623 0.9752972 0.9661865 0.46885866 0.30476123 0.4320217 0.3940292 1.0117881 0.8713862 0.18769184 1.0073119 0.21798111
0.2763285 0.5951309 0.19856027 0.13914764 0.7438035 0.8268127 0.70230186 0.5122231 0.15637822 0.9242319 0.7883657 0.36508507 0.20810471 0.21448538 0.55833167 0.0013123901 0.17398977 0.2524087 0.78078526 0.44713208
0.36708266 0.03503527 0.5183005 0.33103493 0.69023806 0.60917366 0.8780657 0.71287334 0.65889317 0.49236837 0.70693886 0.7300736 0.7911194 0.327358 0.3288551 0.14131224 0.7363819 0.9525554 0.1639606 0.019230245
0.7583056 0.53641105 0.29160938 0.45589304 0.91986144 0.37243444 0.5516899 1.0995729 0.30534497 0.5463321 0.51488596 0.9104019 0.64562845 0.4397773 0.5745222 0.93944514 0.5323766 0.33492076 0.32239783 0.537451
0.90614456 0.39518026 0.20045929 1.0365727 0.3838456 0.35594106 1.0449969 0.22740448 0.7055868 0.8246629 0.3485699 0.97371984 0.56254977 0.62719166 0.48671123 0.76218736 0.15511924 0.8809081 0.15121222 0.44656336
0.79514945 0.6701994 0.84007233 0.76031077 0.058093905 -0.0025237456 0.33656815 0.5843615 0.17524466 0.725115 0.81691056 0.8307489 0.67368054 0.8448124 0.666356 0.7769972 0.29500252 0.48479894 0.18032235 0.83555204
0.6229045 0.7605951 0.7775451 0.21722803 0.49546793 0.02366214 0.8326214 0.6722374 0.6716213 0.7616046 0.4341922 0.9507833 0.93062055 0.588573 0.20764144 0.4668062 0.8952806 0.9200118 0.7693689 0.8330641
0.9020855 0.86975485 0.49584767 0.6352389 0.34668282 0.45039213 1.1329914 0.35347244 0.99213827 1.1077477 0.3126451 0.4876004 0.41312066 0.8359724 0.42656863 0.47638494 0.48763236 0.21748069 0.77227145 0.9652859
0.25790995 0.70095915 0.3658035 0.30807728 0.35500184 1.0479927 0.42041036 0.27035156 0.34692067 0.64585835 0.25215298 0.72967243 0.8726435 0.77537227 0.37899733 0.2343139 0.74886847 0.8941121 0.57698494 1.0470539
