0.36235183 0.28302976 0.6032372 0.63426393 0.88418835 0.37825942 0.6279342 0.9392153 0.7568682 0.60746616 0.47399178 0.27714184 0.5069076 0.74381185 0.6620504 0.7631446 0.2440489 0.41392824 0.24424054 1.1014643
0.6451785 0.5713013 0.5924361 0.41816282 0.68544793 0.7558753 0.65313894 0.4115889 0.6769137 0.13042293 0.71456975 0.11854313 -0.15873973 0.17001227 -0.026598744 -0.1326188 0.44323948 0.66140807 -0.13750951 0.19055876
0.6725082 0.84506184 0.040370822 0.5962909 0.3171806 0.21966662 0.75825566 0.16699404 0.8717084 0.38256103 0.22396377 0.78812265 0.8234534 0.84859943 0.12964495 0.37481633 0.09993277 0.11064495 0.27216372 -0.0041544815
0.9376697 0.5402805 0.55193794 0.2578557 1.0226195 1.0748296 0.9404905 0.45894605 0.33054307 0.3675012 0.43719247 0.5421728 0.3811497 0.2239261 0.52561665 0.1793005 0.67718613 0.24500702 0.69692403 1.1135715
0.1485548 0.427112 1.0460474 0.6924983 0.8233904 0.13741219 0.40441006 0.31504342 0.90992624 0.7459717 0.22311722 0.20263843 0.5229759 0.13868847 0.3758063 0.5313642 0.19251989 0.70866406 1.0700275 0.41229573
0.60615206 0.31389707 0.9941927 0.2659283 0.9084764 0.89413774 0.27184176 0.98959225 0.9954262 0.8451313 0.82839847 0.8146082 0.2015947 0.20218608 0.39439946 0.8375005 0.40390795 0.16398382 0.85809946 0.98095983
0.2684033 0.69190806 0.8670239 0.5623934 0.29534584 0.36620027 0.20040958 0.12952574 0.4000144 0.5898544 0.50998867 0.088789634 0.79162866 0.4921147 0.9939713 0.80324745 0.46654734 0.64326036 0.21821612 0.571876
0.71343005 0.12708145 0.32644656 0.049757242 0.7362936 0.22605462 -0.03244796 0.56956214 -0.028543726 0.8232409 0.6321407 0.102179945 0.35809013 0.34279037 0.091901325 0.3357428 0.63287276 0.80010974 0.113435365 0.1165077
0.48805118 0.022206124 0.95426255 0.21207348 0.84366107 0.7471458 0.1812045 0.8671591 0.9596366 0.17105328 0.2611054 0.9409074 0.2776261 0.4130634 0.1566481 0.5879274 0.82234883 0.12040668 0.59142596 0.6017321
0.2548239 0.7752136 0.40294582 0.24081649 0.44108742 0.0694125 -0.16764812 -0.11506409 0.6893903 0.3901011 0.5360572 0.71797407 0.7518248 0.4828483 0.5767204 0.028198542 0.6641474 -0.16003023 -0.127098 0.61365974
0.3833265 0.31024095 0.4341234 0.5281639 0.36049947 0.9160036 0.47788095 0.5174292 0.8986561 1.1271526 0.22452247 0.7434623 0.28842202 0.2920418 0.31720105 0.5278146 0.6625148 0.5849652 0.9415195 0.9443603
0.5182076 0.23221304 0.6953199 0.92310333 0.53280723 0.40816155 0.44147652 0.84676576 0.6988466 0.3406495 0.06290019 0.7316719 0.55083925 0.08263229 0.47931468 0.10925363 0.53668785 0.80304873 0.09116953 0.84767985
0.44018573 1.0322347 0.63678813 0.16727649 0.57679397 0.95140696 0.61780757 0.9206548 0.9563807 0.5268812 0.77993006 0.3799844 0.18938804 0.45848215 0.7403685 0.7751491 0.19656388 0.18317573 0.49959216 0.306279
0.50759095 0.52112246 0.40156153 0.26976165 0.098484635 0.3718711 0.9020926 0.59964377 0.31127396 0.40617794 0.7189875 0.49646193 0.8623133 0.3060992 0.34114364 0.5962867 0.67193764 0.72371304 0.6946957 0.38127422
0.9509006 0.53063416 0.19368501 0.17200972 0.94312036 0.18668886 0.39880717 0.9443686 0.44868848 0.293065 0.61530066 0.3740501 0.8380643 0.27300364 0.42154646 0.8391725 0.5973779 0.35359317 0.30565417 0.38222075
1.0283756 0.8181205 0.27647018 0.37634423 0.32184398 0.31118107 0.42723003 0.4660336 0.87007725 0.39613798 0.6003653 0.45520753 1.0726575 1.0403932 0.7191871 0.29962397 0.452548 1.0782577 0.310778 0.24162708
0.81893754 0.5396867 0.19653544 0.23714752 0.8108547 0.23836185 0.3968758 1.0617219 0.7429054 0.20406415 0.84735334 0.13948478 0.31606263 0.8882178 0.20365989 0.39018893 0.4980073 0.20620342 0.90474206 0.4954225
0.06767883 0.5077422 0.7298879 0.39779055 0.78536266 0.96169305 0.44130257 0.41155946 0.24072413 0.31914747 0.42910728 0.054122515 0.924573 0.59500647 0.8446603 0.8553541 0.6960327 0.056096688 0.25897494 0.3129762
0.28485298 0.22853863 0.08758303 0.35135913 0.87578845 0.22140871 0.17645334 0.55363446 0.17223163 0.64101356 0.92754465 0.64658237 0.88957286 0.21894914 0.5758476 0.030179802 0.04495239 0.35660613 0.6249476 0.6569639
1.0457582 0.9065118 0.3983965 0.60562736 0.72683764 0.5976869 0.34412998 0.6216439 0.44643977 0.995023 0.6720083 0.31188565 0.5500259 1.0019262 0.9445424 0.29614878 0.57856727 1.0193484 0.3179152 0.34719148
0.30014467 0.14793885 0.42228374 0.13170803 -0.012509583 0.14376864 0.53210676 0.4369929 0.26378757 0.62968475 0.6175995 0.83542055 0.843854 0.30719385 0.6611776 0.5970973 0.43193215 0.1309416 0.8416353 0.43370336
0.8743146 0.8608025 0.79039884 0.091970086 0.28552225 0.30028147 0.6517403 0.8085797 0.8472151 0.110844955 0.11376349 0.50107366 0.58483857 0.5915088 0.2504662 0.14883563 0.22572963 0.60519606 0.8271195 0.70985204
0.103122495 0.36134535 0.2956691 0.15591541 0.94366026 0.6535847 0.32691732 0.49762383 0.7336112 0.9190834 0.13769089 0.26733458 0.95885605 0.54805255 0.42482582 1.015518 0.45646888 0.8762124 0.28435683 0.2371919
1.006984 0.81190497 0.60543525 0.11877278 0.592434 0.5388607 0.4493374 0.55785626 0.587997 0.22651187 0.6057896 0.5510543 0.41104457 0.55433846 0.64474887 0.99284273 0.8163333 0.22314343 0.93098027 0.2123818
0.18208285 0.09766637 0.55244994 0.9487485 0.19266707 1.0068092 0.7518365 0.82933235 0.69973266 0.08009769 0.48656964 0.42546317 0.46800497 0.64137596 0.633065 0.96511 0.09476485 0.5969592 0.061705332 0.5377428
