0.87470245 0.5005846 0.6093927 0.032981545 0.3218317 -0.057776134 0.5584218 0.89717686 0.87558323 0.51530355 0.14229153 0.25684443 0.1506708 0.06459718 -0.027173592 0.77320176 0.6040821 0.8475396 0.63908476 0.2272656
0.26091027 0.2732741 0.90276444 0.13549183 0.26560396 0.43558246 0.5335981 0.42463225 0.10206171 0.48598558 0.29417163 0.4266216 0.12331362 0.85677105 0.9144018 0.2589845 0.7174926 0.14715049 0.459547 0.4589537
0.076322444 0.2007355 0.560926 0.27443126 0.6128245 0.70285976 -0.011031834 0.80309707 0.5141369 0.780297 0.36565486 0.52451986 -0.01215056 0.5328671 0.78461987 0.16129604 0.54571325 0.2400508 0.74372417 0.25803053
0.85353804 0.57370037 0.69376194 0.97138846 0.60554314 0.5299753 0.5933903 0.35505584 0.491617 0.62752956 0.68965495 0.94109356 0.12623513 0.2854533 0.89596 0.17389399 0.34051913 0.7680521 0.8064002 0.3308488
0.06886176 0.038060453 0.6801268 0.9515678 0.412071 0.053811353 0.6913568 0.35028702 0.15401116 0.5995326 0.22700523 0.85904074 0.1797389 0.93520635 0.81812775 0.22406846 0.52063644 0.9703056 0.7222019 0.6551777
0.9099836 0.5490973 0.74787116 0.9853715 0.31950954 0.39509854 0.34222996 0.62159413 0.13563226 0.7500029 0.33436775 1.0011506 0.2938665 0.5337811 0.58348614 0.69578767 0.32217523 0.46170813 1.070193 0.45994988
0.38279703 0.30554602 0.056156073 0.32987472 0.43941846 0.5666794 0.4683118 0.77826387 0.05441503 0.8657138 0.6768569 0.21926416 0.875563 0.54239935 0.1127921 0.74766016 0.010159849 0.25783157 0.24366066 0.761461
0.14269885 0.5404466 0.41891202 0.32981387 0.4121537 0.13608368 0.2957408 0.73471683 0.5661022 0.5232813 -0.0276892 0.9211984 0.4146349 0.2610923 0.5101613 0.39345244 0.5863371 0.92175204 0.032973297 0.3934291
0.4213755 0.6433632 0.63416725 0.18985641 0.56103593 0.44934767 0.70400906 0.48172516 0.2362372 0.9314974 0.6710252 0.7085208 0.64976823 0.6081383 0.2657785 0.0016673004 0.109438226 0.9000194 0.41170698 0.617359
0.4360799 0.39744872 0.24715349 0.32658976 0.6123642 0.17245416 0.79298425 0.459262 0.9210458 0.43334195 0.27054307 0.56351954 0.3719735 0.66017765 0.72755206 0.70213574 0.2644288 0.36307272 1.0665475 0.4685492
0.7115735 0.5830835 0.7157595 0.36515784 0.18338983 0.6381481 0.07219142 0.6525868 0.6535887 0.21770479 0.7071564 0.56417483 0.26806962 0.24384066 0.00049968576 0.012608814 0.77318954 0.15603748 0.7756868 0.5332411
0.7244243 0.43949276 0.7970635 0.4361015 0.5432218 0.67813134 0.26378712 0.7941156 0.24678601 0.5180592 0.5513084 0.7239243 0.8848018 0.39122283 0.30333394 0.8388724 1.0511103 0.45716524 0.7437726 0.19818766
0.95021796 0.13371836 0.34475672 0.0998967 0.6288477 0.10303616 0.72334015 0.14634232 0.31061038 0.122776225 0.580732 0.52788806 0.9254328 0.9098568 0.41662258 0.6116308 0.86644506 0.5327385 0.28044143 0.92499655
0.62922466 0.5568455 0.7177709 0.23322116 0.09094889 0.57626414 0.47449714 0.5881017 0.9346513 0.72979146 0.94280636 0.12264046 0.7273614 0.4021872 0.6939223 0.26890522 0.80696535 0.19841132 0.91110635 0.9493197
0.21545091 0.779151 0.82768726 0.12291084 0.32854152 0.06859024 0.27319723 0.16921356 0.7994012 0.46948284 0.39884827 0.581714 0.35153973 0.8692068 0.22205758 0.37699416 0.17664038 1.0005072 1.019192 0.888106
0.7703659 0.6435641 -0.06927949 0.46510997 0.6856933 0.7764215 0.38281766 0.0076245014 0.55336773 0.81068105 0.35701305 0.23690437 0.3050721 0.6037447 0.7427741 0.08416847 0.42586136 0.4479445 0.0022287304 0.24785568
0.3826124 0.43604898 0.17903216 0.48745596 0.71931326 0.91596884 0.9629435 0.037048943 0.5110679 0.69784856 0.09656611 0.11804507 0.28047967 0.8494158 0.93246424 0.30056104 0.648057 0.48985803 0.31552497 0.8673217
0.4074381 0.31294814 0.79317033 0.7977345 0.6844682 0.13382736 0.49128228 0.7679267 0.16542137 0.1593015 0.18429086 0.13598941 1.0174812 0.3218639 0.37693733 0.15685327 0.32301888 0.2554721 0.6863894 0.58711374
0.82304966 0.09652075 0.9957858 0.89420664 0.816936 0.5211446 0.23952523 0.6937756 0.24138404 0.27897546 0.16310397 0.5651538 0.45390865 0.110616244 0.7203191 0.686586 0.80078286 0.15536937 0.7769991 0.11780938
0.92332566 0.05457083 0.1047366 0.9287667 0.38418692 0.10910245 0.73636454 0.78378075 0.68291736 0.56568164 0.4448304 0.06999575 0.40040773 0.70426774 0.6669396 0.29746976 0.6072817 0.47075173 0.5980256 0.4146911
0.42660317 0.530991 0.4811899 0.30121076 0.2693589 -0.1469994 0.21341792 0.6531937 0.5848097 0.27506477 0.37778425 -0.17643389 0.6283489 0.418637 0.4997873 0.01634142 0.61217153 0.37292743 0.42186207 0.33941713
0.63326174 0.5319167 0.5051492 0.17439538 -0.0111691505 0.25810272 0.8126719 0.45520642 0.35077924 0.47859025 0.6511986 0.5541012 0.67843753 0.68499684 -0.04522497 0.07507033 0.78466856 0.48003635 0.5351548 -0.052628916
0.8274285 0.10037125 0.2095137 0.32989272 0.21125822 0.4909623 0.072715744 0.054045703 0.46464372 0.090045474 0.25817814 0.4845894 0.24925962 0.7374058 0.7556533 0.89878464 0.6975066 0.47930238 0.536492 0.8377604
0.07716093 0.332887 0.16755469 0.5898865 0.37819755 0.14348117 0.58652085 0.7512844 0.47571295 0.91780066 0.089774 0.5297531 0.86665654 0.021611687 0.5079338 0.19327542 0.44435516 0.8624265 0.06821453 0.87617195
0.6921216 0.58961153 0.6854663 0.7056616 0.2332515 0.69755816 0.29814273 0.1818905 0.81418794 0.1760599 0.29270884 0.4056949 0.3614082 1.0452852 0.8542558 0.45285386 1.0022999 1.019092 0.75554407 0.35197452
