0.7518967 0.45689148 0.47487867 1.0706446 0.32711506 0.88222706 0.882434 0.27029353 0.5072824 0.17840634 0.86207 0.80943644 0.63264114 0.75477856 0.47489434 0.5887424 0.64773595 0.32646692 0.44988084 0.23779817
0.85179335 0.21935034 0.53010726 0.42610165 0.55432606 0.10292274 -0.03234141 0.39610252 0.6191765 0.7843466 0.2915969 0.24757294 0.668566 0.7933384 0.6343779 0.24182172 0.5551289 0.62772393 0.8073585 0.7087114
0.41849145 0.7760077 0.12480106 0.7492026 0.53496325 0.19737919 0.50321496 0.06294135 0.48419508 0.7947393 0.6587956 0.54482025 0.45032546 0.72617215 0.22069092 -0.009452258 0.54428375 0.14386843 0.80407125 -0.079561904
0.26591468 0.82972616 0.81718266 0.9783502 0.12262372 0.15856026 0.99833095 0.988579 0.36275485 0.87099946 0.7034448 0.66055155 0.6090128 0.20885572 0.88389325 0.9069055 0.17633128 0.3715133 0.33489946 0.369745
0.44201833 0.42081434 0.37336335 0.8008274 0.36060905 0.16255693 0.82762516 0.65591836 0.26045987 -0.038167678 0.44332457 0.40010896 0.77776754 0.17403321 0.4262314 0.279948 0.7618937 0.33732662 0.90063536 0.04365143
0.42682675 0.21260607 0.3154407 0.5451006 0.57866895 1.0134996 0.3970796 0.96313256 1.0456362 0.8600167 0.6909562 0.5479758 0.6181111 0.81095815 0.7359565 0.70173144 0.45735437 0.2531448 1.0094157 0.6854302
0.11397894 0.72640294 0.8458483 0.46154293 0.32921374 0.66725254 0.5296776 0.6091356 0.5155033 0.5318666 0.1083816 0.3026568 0.8648311 0.50707877 0.8828261 0.43083414 0.39617956 0.43809345 0.5775483 0.43182734
0.2180549 0.52713156 0.07614019 0.91063607 0.7026549 0.09223103 0.8983033 0.25814712 0.90882003 0.038671702 0.319883 0.56791973 0.8062489 0.49484396 0.9869478 0.30802348 0.07351413 0.85479325 0.9149552 0.066106714
1.0117018 0.33909294 0.8247779 0.37300828 0.16696185 0.8950705 0.898606 0.4812585 0.9087282 0.42443973 0.82431686 0.8959105 0.7462105 0.1655499 0.5843358 0.12020673 0.49525118 0.15622573 0.53071123 0.51290375
0.45377967 0.47284153 0.55337924 0.6870667 0.33288965 0.31244543 0.7614392 0.4074079 0.948662 1.0230037 1.067357 0.31829816 0.86789274 0.3841119 0.52183455 0.7224653 0.9424227 0.566061 0.75214094 0.7326513
0.8455517 0.75300586 0.7547396 0.28703874 0.24172527 0.047953118 0.51125085 0.25736585 0.39510754 0.8237709 0.9407938 0.4352592 0.71358794 0.6239699 0.6445653 0.9489464 0.29362845 0.8323012 0.17896684 0.858164
0.8376738 0.505929 0.68458724 0.38089186 0.96314836 0.7406487 0.15851307 0.49135354 0.65597075 0.7391943 0.13392954 0.38698947 0.48873743 0.32204166 0.19596307 0.9088181 0.9511911 0.4900308 0.51603657 1.0051827
0.26651302 0.96366364 0.23225337 0.85959345 0.854261 0.548868 0.22384538 0.84727794 0.54967356 0.8608418 0.40926504 0.63519984 0.46112934 0.68840694 0.31639573 0.61878586 0.5049869 0.33023176 0.34388688 0.9013813
0.3501435 0.75723636 0.18948226 0.85712236 0.6021862 0.5373232 0.7764959 0.20594317 0.54858583 0.31024173 0.20498788 0.95123994 0.4286401 0.9974453 1.0393775 0.28439334 0.77719617 0.5457125 0.34755656 0.82953066
0.26294264 0.96903265 0.78133863 0.08605126 0.62839425 0.6767936 0.14948176 0.32313368 0.25112247 0.59937084 0.84260064 0.4025006 0.79856193 0.3282652 0.446928 0.11869436 0.89781576 0.0960608 0.810926 0.6154845
0.18618372 0.46327218 0.16137165 0.43667662 0.30013326 0.17847514 0.8726975 0.5030754 0.22737467 0.80855364 0.27727804 0.64988077 0.6909251 0.13868332 0.9272814 0.27335203 0.74173826 0.0642777 0.054183185 0.50314957
1.0138938 0.24433324 0.97195303 0.30294445 0.4977959 0.9511144 0.27581844 0.29220772 1.044906 0.1963925 1.059081 0.22587249 0.5480876 0.82835025 0.28647524 0.9610427 0.6304023 0.9295786 0.7915593 0.73959374
0.78629273 1.0241646 0.81571907 0.40460175 0.574942 0.22965775 0.14053763 0.5112442 0.14485523 0.31448266 0.91583526 0.9833737 0.55683887 0.8180705 0.26949358 0.33793867 0.622581 0.8021905 1.0440744 0.15941021
0.3508161 0.6421678 0.45908615 0.18143317 0.7396461 0.094987854 0.094663784 0.9184201 0.6576727 0.8162475 0.9092507 0.12679897 0.81189424 0.59345806 0.36359546 0.20618488 0.5163238 0.06415203 0.86856294 0.885175
0.2988169 0.25859246 0.7529437 0.70752656 0.8381601 1.0232161 0.5666875 0.8739135 0.5447143 0.6062739 0.6817406 0.6167274 0.37564135 1.027364 1.0111899 0.1735456 0.48025465 0.8985679 0.7847186 0.18067813
0.6379286 0.38717276 0.1908316 0.34669548 0.7913638 0.08300023 0.508533 0.8909388 0.31574687 0.84938157 0.87628096 0.8284895 0.6704736 0.5756435 0.99416727 0.76569355 0.50315434 0.75904834 0.5952652 0.05775218
0.9301741 0.4181481 0.7885724 0.37120175 0.9108699 0.42063954 0.6147099 0.35290873 0.7958698 0.97411555 0.5620319 0.45499483 0.59872335 0.55458874 0.9806503 0.73447937 0.25515488 1.0196513 0.4493333 0.60341316
0.8047101 0.11638922 0.15469019 0.25201178 0.08837048 0.562369 0.32666874 0.5310773 0.54330134 0.32684872 0.8428367 0.7188808 0.61411774 0.55413866 0.41103286 0.62688303 0.3182855 0.21510285 0.37125 0.1104539
0.8185187 0.5708225 0.8129134 0.42541313 0.8801527 0.07946714 0.43033093 0.38752022 0.338779 0.006603846 0.79490125 0.4364279 0.9109165 0.009635612 0.75396186 0.46548995 0.11608668 0.7197906 0.44978592 0.7920419
0.66587186 1.0012971 0.66620725 0.9593818 0.18125254 0.58931386 1.0861953 0.40751767 0.79193753 0.42192566 0.65285194 0.2796774 1.0001868 0.97285384 0.35417327 0.21864419 0.7089458 0.72814614 0.70467013 0.42104927
