0.5893146 0.5406365 0.5210681 0.64020383 0.62174124 0.10886892 0.5741396 0.54379064 0.21071787 0.07151231 0.3781771 0.48507854 0.45105484 0.6667531 0.8539611 0.09893884 0.2043913 0.52872026 0.20930915 0.47556058
0.4655795 0.68296564 0.44839257 0.348778 0.430493 0.81858295 0.6945109 0.85545594 0.44333452 0.3935974 0.7990729 0.09599985 0.9932043 0.9172915 0.2002795 0.578472 0.83978397 0.23957519 0.62176245 0.56118673
0.51664346 0.8208882 0.5089841 0.80959904 0.2169511 0.40378717 0.30047026 0.63536924 0.7987497 0.48244745 0.90126836 0.6872873 0.38793972 0.71844757 0.20862548 0.4212034 0.30305287 0.8517604 0.7567214 0.71715707
0.3412375 0.3966368 0.45828354 0.4246662 0.6692807 0.7308588 0.5389039 0.1619206 0.6982832 0.8673778 0.85356873 0.7812908 0.07246919 0.73967355 0.6380399 0.69213164 0.71564907 0.41426927 0.5722437 0.7673665
0.502116 0.15663297 0.84901565 0.8709035 0.68384254 0.88827246 0.054943275 0.39779094 0.4318205 0.87819374 0.45746624 0.7194759 0.4934853 0.20060055 0.5265992 0.31652632 0.5902353 0.3568783 0.11861869 0.4671031
0.1789025 0.99019986 0.5376487 0.613337 0.8884601 0.2992062 1.0259118 0.4131772 0.40836295 0.23670168 0.19090632 0.31618482 0.29775274 0.50301296 1.0242016 0.14017664 0.37425038 0.9861895 0.5008788 0.14451566
0.7660319 0.7012705 0.5468394 0.77254224 0.75030047 0.8836006 0.91655946 0.10499646 0.32861778 0.114384755 0.02594231 0.1583596 0.22151244 0.38264456 0.2882592 0.6650897 0.7345864 0.897582 0.1500521 0.58021206
0.9580892 0.25547972 0.979955 1.0018182 0.31607687 0.46179625 0.35516343 0.25040862 0.053514063 0.4805072 0.7629208 0.47609517 0.57081455 0.28465492 0.87441 0.22299896 0.8606063 0.9074359 0.60529715 0.90421957
0.45874262 0.7136449 0.34095362 0.7863085 0.13549781 0.111756764 0.8099581 0.71760994 0.64221424 0.68941 0.37030253 1.0105642 0.597343 1.0139186 0.64502996 0.24120662 0.9921049 0.2605726 0.21120703 0.9275797
0.3256827 0.47901982 0.8922474 1.0657811 0.5362489 0.9247113 1.1364053 0.31591386 0.85937303 0.22445849 0.95263326 0.38072678 0.7730255 0.3778686 0.9770726 0.3292926 1.0526681 0.66871226 0.21908917 0.22630942
0.7399075 1.0179456 0.74956214 0.27284294 0.37160397 1.090179 0.8175532 0.24331036 0.26033288 0.75610894 0.89227766 0.91566956 0.46616247 0.33790106 0.36641377 0.34432313 1.0808287 0.763218 1.0420873 0.30830055
0.94380546 0.4999904 0.6847451 0.46166137 0.106432706 0.3206307 0.79736274 0.98087555 0.057208918 0.836377 0.4836657 0.21365485 0.8510707 0.84032255 0.7201233 0.41064918 0.21892713 0.31127036 0.12588073 0.2285033
0.21154761 0.41524693 0.5894197 0.4091976 0.7532639 0.47746256 0.74663603 0.6217018 0.38037613 0.8798902 0.42691162 0.6826623 0.38111696 0.96771175 0.57837504 0.69858384 0.48458594 0.2901607 0.44047883 1.1009666
0.8931132 0.9621799 1.0564699 0.4185271 0.6612977 0.8022231 0.1841455 0.4345655 0.20728466 0.6361256 0.8238126 0.14740163 0.64223105 0.901214 0.4604977 0.5815916 1.0015132 0.35643533 0.9502262 0.65853727
0.82323533 0.4319795 0.08550008 0.3886788 0.79445213 0.5465399 0.44148576 0.87337583 0.8385159 0.50679797 0.35824353 0.16734031 0.15362553 0.401492 0.6614573 0.49300727 0.058712028 0.30021098 0.7596118 0.86900747
0.09204805 0.93330956 0.39388043 0.4172414 0.18429588 0.1201224 0.21710294 0.1860493 0.12813404 0.5611866 0.14912926 0.8971423 0.6350573 0.8194416 0.39460307 0.3743374 0.41233435 0.83421874 0.38371947 0.4682525
0.81460756 0.49569505 0.93163943 0.5573803 0.5635296 -0.016734196 0.73762864 0.20822185 0.18711567 0.38434392 0.63962704 0.41092014 0.11998586 0.18110114 0.3765511 0.13669808 0.60201544 0.39216062 0.6394611 0.29338828
0.1716349 0.60421085 0.30854318 0.67197216 0.36846465 0.7445019 0.99758905 0.43048128 0.2969388 0.7921176 1.0139583 0.7135699 0.8756813 0.16810292 1.079535 0.4055999 0.35032797 0.1650068 1.0001253 0.49848622
1.0332524 0.18544008 0.7696408 0.6546457 0.21343048 0.7182763 0.34250963 0.3839532 0.16640612 0.74588925 0.35658127 0.87350506 0.5331967 0.4527713 0.91218835 0.55777836 0.7731704 0.8186245 0.527099 0.5781772
0.9644727 0.6858653 0.51285696 0.5567296 0.5482244 0.77516013 0.26286882 0.71122766 0.80022293 0.8778697 0.5995429 0.45624325 0.123965785 0.3298317 0.82708305 0.23524413 0.60514843 0.62252474 0.46906134 0.61871827
0.6996342 0.8559787 0.41522682 0.7834914 0.6653951 0.22659679 0.3804642 0.4906842 0.3041284 0.86546797 0.90225595 0.91507393 1.0069835 0.8815477 0.7484837 0.6096001 0.30330274 0.32697856 1.0448931 0.38735417
0.07822072 0.6137188 0.9031688 0.5176334 0.76165277 0.89090776 0.7948717 0.44492847 0.47066075 0.1971091 0.1616137 0.5620751 0.8745732 0.55668646 0.53898853 0.5066989 0.49252558 0.83248013 0.59630895 0.9548301
0.6130039 0.89772904 0.6447382 0.99463564 0.5849402 0.35326937 0.841781 0.96393794 0.47610626 0.5233729 0.67606026 0.06708787 0.27900106 0.17929628 0.4125813 0.63635695 0.078890875 0.7239405 0.93091303 0.57725376
0.96125644 0.52536845 0.11048142 0.88547003 0.13474335 0.68068546 0.15974763 0.31059232 0.453213 0.5275524 0.46353227 0.40884098 0.38504982 0.7955137 0.14657496 0.6477962 0.6006512 0.6538504 0.70531136 0.37793234
0.34952027 0.84156984 0.16372457 0.717305 0.7527457 0.3580866 0.87813604 0.4258663 0.08829789 0.41971833 0.587421 0.80347127 0.78495336 0.26742613 0.48196384 0.83142316 0.45406577 0.0554656 0.6696881 0.2525311
