0.6103377 0.31842056 0.07730556 0.7209546 0.7791828 0.6749506 0.8030781 0.09701707 0.46982795 0.90234077 0.7500091 0.44758934 0.30049542 0.092910744 0.37249646 0.18035902 0.2947823 0.22490798 0.21740891 0.28082564
-0.104578055 0.5358155 -0.20427197 -0.103827424 0.4308571 0.51940435 0.47510946 -0.26726976 0.59598434 0.1950678 0.43922445 0.5130663 0.5372868 0.2460827 0.0018572095 -0.093712956 0.36784294 0.3432698 -0.024993366 0.2522302
0.33644453 0.7273897 0.7014797 0.4960067 0.73619884 0.1396938 0.9889138 0.4784786 0.26755118 0.88657147 0.29385993 0.48286647 0.95351106 0.846254 0.49712837 0.9324017 0.89245355 0.46794042 1.0308146 0.62662584
0.8568629 0.47455156 0.48001248 0.77235353 0.22390006 0.75104654 0.736652 0.043835323 -0.04344481 0.07726559 0.59252125 0.7420649 -0.02982578 0.5445687 0.07758005 0.8255825 0.331882 0.3757927 0.44393063 0.4515339
0.89733666 0.58951676 0.5461535 0.5340704 0.91099375 0.22680923 0.5692721 0.31836763 0.84683067 0.8496593 0.41510496 0.5312516 0.38043553 0.92214394 0.81802005 1.079865 0.65932536 0.4503117 0.17876022 0.8956609
0.30996907 0.4812552 0.40013206 0.24532284 0.9739644 0.20307864 0.54062915 0.98194647 0.22005229 0.514578 0.6855109 0.3842305 0.2874256 0.96122026 0.76012325 0.21847102 1.0653082 0.76575345 0.6193973 0.84840304
0.88460946 0.8659021 0.32786378 0.18588927 0.85664886 -0.004123149 -0.003135422 0.72863096 0.5866921 0.073422626 0.7749369 0.24130282 0.5650839 0.33468807 0.4943221 0.87047017 0.66251063 0.8819864 0.5482829 0.035173252
0.5006723 0.35934243 0.6502419 0.5338715 0.5543353 0.52358526 0.692786 0.3437414 0.6540258 -0.14361858 0.669613 0.0439319 0.35826516 -0.21648112 0.64900506 -0.23722579 -0.15653363 0.3141744 0.38826567 0.6561675
0.09534493 0.3775335 0.15050338 0.59128225 0.2274552 0.95485646 1.0382333 0.36703768 0.992019 0.4822411 0.102146655 0.878003 0.18634541 1.0323308 0.31767532 0.3295512 0.71807265 0.9837268 0.6321862 0.8148197
0.79619634 0.46347564 0.6241971 0.2763141 0.18623625 0.79182774 0.24633944 0.53755426 0.13934179 0.74222374 0.7349361 1.0693605 0.97645855 0.48459947 0.83175254 0.32326236 0.1355581 1.0484728 0.5629174 0.38186663
0.7913096 0.31938154 0.21791573 0.43548906 0.76010525 0.85063744 0.46463802 0.24842037 0.4266701 0.23781595 0.6604208 0.32786557 0.4188895 0.18385215 0.40531904 0.302655 0.39061597 0.45526844 0.2295085 0.73148483
-0.08345695 0.74990463 0.597114 0.7224557 0.6918734 0.4059609 0.6409494 0.82965684 0.7507616 0.48702037 0.50688094 0.38466856 0.6123502 0.28919205 0.5059603 -0.067588784 0.27524188 0.52156526 -0.021360585 -0.028825933
0.50720745 0.3226181 0.2734061 0.42592812 0.1467287 0.71852684 0.43789473 1.0056422 0.15120663 0.6018357 0.19478475 0.924551 0.82254153 0.6916722 0.19924556 0.8701196 0.6099036 0.41653892 0.28959405 0.6288678
0.25589705 0.08355876 0.4173242 0.22613677 0.39185467 0.5966849 0.73521054 0.30542845 0.018213851 -0.05679576 0.73376477 0.62323207 0.20344701 0.40150785 0.61054265 0.5261849 0.57766205 0.7880677 0.44926593 0.83410996
0.66505957 0.45991626 0.847121 0.67728215 0.66722506 0.34883446 0.14613633 0.7615239 0.5504565 0.8035156 0.39445892 0.87353784 0.6620344 0.17420083 0.86260116 0.6719539 0.48810807 0.53909427 0.039083663 0.8911014
0.73075414 0.35547414 0.8159585 0.46775228 0.3381415 0.28112093 1.0624028 0.7129527 0.49746573 0.7149364 0.24341165 0.19154537 0.6214271 0.37508416 0.5475062 0.8098336 0.20414245 0.40457255 0.57774895 0.20298669
0.86249244 0.2825565 0.12752464 0.50727963 0.26130378 0.87080836 0.52376056 0.7995575 0.2839009 0.7995881 0.47102147 0.29016417 0.46195644 0.29052398 0.987894 0.46279585 0.60152423 0.8769016 0.63580364 0.87391084
0.032068633 0.57814175 0.63498837 -0.022093954 0.73232985 0.79479605 0.353906 0.171409 0.3775953 0.6966089 0.61000955 0.10794387 0.7659201 0.14240722 0.5370547 0.032888062 -0.030670432 -0.02519065 0.1253291 0.7636038
0.6972742 0.3678981 0.45224345 0.13760911 0.74972135 0.30116957 0.20949034 0.6681929 1.0240564 0.78942573 0.6031977 0.5934777 0.40291813 0.94963264 1.0437295 0.32350433 0.2959688 0.34069633 0.726282 0.73946196
0.48880208 0.03492578 -0.005239092 0.044710547 0.8419402 0.121930815 0.5195858 0.64702624 0.82081276 0.9206856 0.71996 0.5277088 0.8678674 0.7523303 0.928702 0.42004088 0.0013749831 0.03157604 0.86885446 0.64069104
1.0296664 0.848709 0.07133962 0.6644731 0.728983 0.114974864 0.8635214 0.67986965 0.16388357 0.29319677 0.16392942 0.53102237 0.14755167 0.07938179 0.5387924 0.66373044 0.23292583 0.9325143 0.5299942 0.8113573
0.15987076 0.31128457 0.1997621 0.5848263 0.04152448 0.9207214 0.23244734 0.84346306 0.19453391 0.6426997 0.4188206 0.80074954 0.79174 0.09700982 0.6610121 0.8701472 0.91381407 0.89685917 0.24344297 0.21117
0.8806006 0.46601784 0.48397055 1.0487181 0.37772498 0.9322863 0.5738472 0.8293032 0.7077758 0.6511572 0.17140651 0.9233825 0.30094665 0.61803246 0.17175439 0.2878484 0.30646914 0.98078483 0.54136914 0.2800891
0.13494626 0.06873458 0.66803634 0.53501666 0.508333 0.10613633 0.5374347 0.2830129 0.77895683 0.03720126 0.85730255 0.4786275 0.13003886 0.88613987 0.46429035 0.53684676 0.89778507 0.4503705 0.0068297996 0.31366518
1.057022 0.56904715 0.23212302 1.0195026 0.32938862 0.21284132 0.15032555 0.624257 0.83139426 0.5305799 0.24190742 0.3558283 0.7048643 1.0533563 0.9183884 0.31759974 1.0431713 0.1484217 0.5689216 0.43198594
