1.0315105 -0.063248105 0.65058833 1.0406301 1.091277 0.33188853 0.24487986 0.7605569 0.5820822 0.62179
1.0687739 1.2710673 0.9624012 1.3708254 1.2042594 1.0659533 0.958415 0.7267309 1.2266904 0.7453366
0.58031523 0.61719257 -0.1906752 0.846098 0.6953267 0.5795457 0.64043796 0.889817 0.8705929 1.1690364
1.2871622 0.9174038 0.9571516 1.4243689 0.97507876 0.8165762 0.38030407 0.8374567 1.2492076 1.0602763
1.0846983 0.912665 1.1616601 0.7638033 1.3861518 1.1475853 0.8506178 1.1612304 0.5921835 1.1842937
0.39867797 1.4273857 1.0387601 1.468256 1.0684983 1.4952629 0.46676254 0.8591065 1.0176219 0.9255102
1.0194616 1.1711392 1.3130121 1.398858 0.7426526 1.0466505 1.0599605 0.8409027 0.64434826 0.86141574
1.250316 1.2401447 0.89442825 1.089629 0.9836431 1.3040463 1.131955 1.0829341 0.8658413 1.180664
1.0117536 0.8839737 0.9012833 1.1314765 0.94791365 1.2723317 1.3146626 0.7143596 0.71041566 1.5670995
0.9769793 0.67486453 1.1913035 1.2270486 0.90221184 1.1317189 0.575814 1.3260939 0.96180165 1.4997215
1.4089881 0.41055113 0.89526486 0.6878595 0.7649577 0.81071514 1.0038909 0.4713207 0.9075539 1.4123359
1.2190211 1.1239886 0.59724045 0.55183166 0.5611023 -0.026331587 0.78498745 0.10922479 0.6455069 0.7785678
1.3559643 1.2418727 1.2183605 1.0365988 1.2917765 0.7425688 0.93730116 0.6972126 1.0694348 0.7795122
0.9777159 1.3373605 0.68333906 0.95260066 1.5281099 0.85066813 0.48897597 1.1886716 0.88684666 0.9743221
0.47323167 0.6972236 0.9633134 1.3137228 0.49282873 0.85572606 1.0941949 0.7759784 0.8457448 1.2361056
0.4635893 0.63497674 0.7373156 0.7533312 0.85303414 2.1244814 1.4701089 -0.038572982 0.98980254 1.2271088
1.0131592 0.1920889 1.0491328 1.1160017 0.66551036 0.60701346 0.8369781 1.0537323 1.2578325 1.130956
1.2058983 0.96880215 1.0748656 1.1333481 1.3118149 0.9018095 1.0393987 1.2287569 0.8193239 1.0065632
0.34743428 1.1291127 0.8253215 0.7041933 0.85215783 0.91195434 1.2799962 1.3121338 1.6535467 1.0385705
1.2493628 0.66271764 1.3677701 1.1942043 1.037477 1.0617126 0.9714597 1.2706798 0.64487284 1.126177
0.75519514 0.7636577 0.85151565 0.90965134 0.6987023 0.6812727 0.81799746 0.9371608 0.6586596 0.57843894
0.7582366 0.6372847 0.9313625 0.5064985 1.4131 1.6927404 0.29878488 0.9080967 0.6298584 0.45237264
0.94630295 1.1480598 1.3393542 1.2561804 0.9325338 1.2495754 1.1157912 0.9376401 1.0612587 0.8671453
1.1446203 0.35226163 0.86636174 1.0026878 0.24271001 0.87326545 1.1612512 0.5119493 1.0548323 0.1887391
1.0985304 0.80245286 1.1562877 0.62589955 0.9301292 0.9921057 1.2500983 1.1490805 1.4358262 0.57286215
