0.44141215 0.02294514 0.078816354 0.19893119 0.77323264 0.9181222 0.5353586 0.24094053 0.2541759 0.0040153502 0.9058311 0.925236 0.101317696 0.028319793 0.6574539 0.6064513 0.8234451 0.3015223 0.095023185 0.678888
0.33853468 0.061087992 0.74488837 0.38946408 0.8990486 0.02068382 0.10128773 0.7951558 0.5467772 0.047927883 0.7394736 0.7489705 0.2845766 0.8694684 0.32637936 0.5269217 0.15882345 0.35147294 0.6971678 0.18790732
0.86316705 0.12110504 0.100175895 0.85170823 0.46263796 0.166431 0.33736625 0.008147907 0.4735823 0.6245281 0.017197452 0.8738851 0.35739788 -0.052187953 0.8278324 0.67345643 0.023499856 0.1484091 0.08038504 0.3195755
0.54960364 0.12407174 0.27777752 0.24107821 0.4231927 0.29504701 0.52470064 0.5240689 0.97782546 0.5843746 0.4763103 0.98579305 0.523431 0.20927323 0.5447847 0.4870527 0.892461 0.9085451 0.91695625 0.8859951
0.12878479 1.0791152 0.81224555 0.8016714 0.11487384 0.667076 0.5815228 0.74369514 0.4820109 0.7967891 0.38369313 0.4850988 0.22324157 0.5092898 0.297303 0.8732054 0.5947791 0.6777016 0.5375391 0.840268
0.75417197 0.6945806 0.86960006 0.43610898 0.23155399 0.61505026 0.9987396 0.32955182 0.12489253 0.25522664 0.37874267 0.30179316 0.4609617 0.7161046 0.8401618 0.40962738 0.43915874 0.6744415 0.2685247 0.38238978
0.12706466 0.14581035 0.13332255 0.17038105 0.26692796 0.40233946 0.8701122 0.19515567 0.15634412 -0.0025267673 0.16636121 0.68202573 -0.052440934 0.17708233 0.78081465 0.8426321 0.7891174 0.46139526 0.27391657 0.8131204
0.40264797 0.9931197 1.0109876 0.79899603 0.32455787 0.323086 0.4599956 0.9147162 0.17743285 0.5409093 0.27638137 0.82744664 0.46679488 0.15704323 0.63171065 0.7323723 0.25908086 0.28441408 0.12294781 0.51754194
0.4215294 0.23611523 0.58520746 0.54048586 0.30504212 0.79465896 0.12105105 0.32131365 0.49068585 0.86801046 1.0173376 0.6767539 0.80794823 0.6613841 0.7431233 0.18602413 0.7500237 0.64181405 0.7545932 0.43887424
0.42204532 0.06999544 0.6145429 0.5248879 0.5210701 0.7622872 -0.04868806 -0.09309247 0.45505378 -0.10122249 0.27760044 0.16720884 0.70877934 0.81059194 0.7753518 0.26841167 0.7150855 0.34844786 0.7433236 0.77117133
0.43084413 0.51513743 0.8150693 0.1343294 0.52615005 0.91334194 -0.023044297 0.511103 0.09267818 0.7661036 0.7017949 0.61458147 0.062108073 0.44384333 0.7326579 0.1658477 0.14095514 0.8894776 0.8096722 0.7784884
0.8800946 0.81244236 0.6054646 0.40214545 0.6336239 0.3829857 0.7840507 0.09610348 0.2913194 0.6877949 0.60725534 0.5312161 0.4601417 0.55158794 0.13578089 0.12123258 0.09680531 0.33813885 0.8774892 0.7632815
0.819128 0.07061336 0.28107694 0.91005486 0.8399597 0.27992108 0.92434317 0.7343204 0.80201775 0.4732277 0.14511552 0.8119036 0.3262343 0.6340628 0.8381896 0.61796224 0.39763987 0.8971846 0.39306143 0.36882812
0.5010076 0.10210504 0.5625958 0.75168866 0.12889484 0.57021624 0.70913696 0.7902737 0.57047594 0.2604018 0.68631685 0.95997 0.4225001 0.83705854 0.73346704 0.8004426 0.641229 0.21113957 0.50138927 0.5453407
0.27551523 0.62547094 0.5079774 0.80248547 0.22591373 0.24191663 0.5168666 0.81002265 0.08467778 0.85342777 0.8840873 0.50563115 0.3700252 0.2433417 0.640486 0.30228153 0.8663374 0.49138308 0.3078468 0.35456538
0.12978607 0.5998652 0.9906503 0.7143588 0.52897066 0.316939 0.6074582 0.64611554 0.7256911 0.28262836 0.40920243 0.07682133 0.06809359 0.49579152 0.35196176 0.38085407 0.1798498 0.973279 0.5420057 0.96603847
0.39583737 0.43951032 0.46134463 0.7387697 0.3009921 0.12589952 -0.101843484 0.27252048 0.3906658 0.36744943 0.8172289 0.62471986 0.66447085 0.4250028 0.57677096 -0.045200408 0.1578517 -0.094535366 0.7240818 -0.0071356674
0.9394443 0.49159315 0.42593795 0.28227645 0.65882313 0.35470417 0.7650051 0.8830832 0.60535866 0.65865177 0.15056118 0.24484345 0.726465 0.92259455 0.29032528 0.8976759 0.30942145 0.3180358 0.67669386 0.73661286
0.6398093 1.03213 0.7005218 0.7019068 0.7326405 0.9520997 0.42812893 0.3293643 0.84493035 0.34001634 0.36528808 0.50965506 0.2693316 0.56517667 0.3080273 0.38662997 1.0126445 0.28434634 0.391521 0.8030706
0.7305169 0.3441999 0.75896984 0.11280538 0.28054413 0.817579 0.6449414 0.7295339 0.664395 0.84269595 0.738888 0.89769214 0.5177067 0.50174206 0.9667833 0.5192998 0.7174133 0.6706942 0.8086923 0.47587854
0.8994111 0.17497921 0.23010853 0.6589671 0.7449559 0.49826422 0.7490139 0.6939591 0.7556473 0.8111556 0.5253564 0.91256917 0.28709576 0.85677755 0.4849282 0.17398807 0.8118951 0.75654215 0.16764286 0.16160746
0.0027207544 0.44166037 0.54731953 0.2521407 0.27480587 0.5782771 0.713648 0.47399715 0.67310596 0.54905534 0.30337432 0.16858736 0.6028153 0.2982146 0.74777627 0.70657253 0.20812277 0.31322077 0.41616693 0.50722045
0.24484158 1.1038034 0.91006684 1.0369942 0.39610827 0.8464303 0.39796585 0.6587335 0.5293243 0.38070816 0.49642566 0.7722924 0.24528976 0.7506615 0.6578087 0.66818005 0.836597 0.9685736 0.68184024 0.23813228
0.8389861 0.7621983 0.36484063 0.86729467 0.723353 0.3732914 0.6386641 0.480274 0.8540801 0.2330736 0.18071224 0.68665713 0.47260207 0.46991172 0.9139825 0.6936557 0.59412307 0.24210855 0.6564824 0.29481477
0.9093248 0.5902012 0.60976523 0.8940855 0.8840376 0.9110562 0.2549964 0.27341515 0.451505 0.49772966 0.3608597 0.49045917 0.7641254 0.9472934 0.045352504 0.51110905 0.55130833 0.6302373 0.601424 0.27578032
