0.63702965 0.21790628 0.6562833 0.39049295 0.19642447 0.31208178 0.56564987 1.0084574 0.56619793 0.3923129 0.71944785 0.9316734 0.15785496 0.8751756 0.87825197 0.17333719 0.13409735 0.8803912 0.19724888 0.26187557
0.35953426 0.38933718 0.67612576 0.35763767 0.73982036 0.39040497 0.22014686 0.55812573 0.4620646 0.45639932 0.2541729 0.46754003 0.40588367 0.66238755 0.80788666 0.7348111 0.25918782 0.101230256 0.09020531 0.051092405
0.42363024 0.36842456 0.5725741 0.4783145 0.69984686 0.24741474 0.67169166 0.12646921 1.0776812 0.882768 0.56304014 0.7918077 0.84484035 0.6583128 0.5646968 0.22349638 0.24645631 0.96130866 0.26561916 0.6972713
0.67078334 0.16782804 0.79569 0.5140386 0.11480612 0.56774634 0.2241877 0.8174193 0.55700046 0.36964312 0.54158634 -0.07752519 0.19280957 0.5002733 -0.059125584 0.21766387 0.09062075 0.4832066 -0.012539662 0.5674612
0.60921025 0.18578348 0.75950015 0.8978484 0.78485703 0.9801452 0.34145832 0.58467185 0.10489417 0.7645615 0.1242111 0.6337966 0.78769517 0.65624577 0.52656484 0.64225847 0.78039396 0.5238722 0.12992327 0.77823067
0.475136 0.58959067 0.6784447 0.7040903 0.11499452 0.90399724 0.73084116 0.9573185 0.6962735 0.343298 0.7562935 0.1659544 0.664325 0.9348043 0.22890565 0.3266869 0.5026603 0.15694648 0.6990597 0.6587523
0.5578049 0.40596277 0.15726346 0.4579929 0.814352 0.38555902 0.18599983 0.40635312 0.668543 0.40824547 0.7145253 0.5996594 0.63661456 0.7456841 0.22555926 0.12875627 0.08307851 0.7227254 0.37387657 -0.12011571
0.09629794 0.17837852 0.10242225 0.016629495 0.8847071 0.099014975 0.2128034 0.14296532 0.41489673 0.28998864 0.87702626 0.16576414 0.19758452 0.5662493 0.33789673 0.93625844 0.053672068 0.89954907 0.6092857 0.14515239
0.92190796 0.97559017 0.6172379 0.46090767 0.5981905 0.23884396 0.706161 0.3382892 1.0654715 0.2881586 0.5046077 0.88982 0.21101175 0.48687083 0.9181463 0.9476758 1.0550058 0.50766623 0.65570205 0.39284638
0.44494918 0.87357044 0.25538105 0.123667486 0.7783348 0.43157625 0.8703308 0.80746406 0.047849312 0.71350104 0.7058237 0.9499573 0.061175514 0.65105295 0.7851768 0.67651457 0.15864548 0.45730266 0.8513117 0.8765629
0.3782145 0.6381934 0.68661475 0.40676826 0.806638 0.89035594 0.51863426 1.0081283 0.069093935 1.0194948 0.6630045 0.44666263 0.43170777 0.33711714 0.1475818 0.980242 0.93338656 0.46450388 0.40740606 0.05639502
0.5896512 0.056520645 0.30623215 0.29124284 0.69025695 -0.022270283 0.7679501 0.6596023 -0.13343257 0.25294977 0.78004366 -0.042535223 0.1644124 0.5840643 0.31054872 0.6235761 0.6240906 -0.04909577 0.70700955 -0.0384542
0.50295943 0.28513935 0.43962476 0.19437961 0.24390684 0.112114735 0.56670177 0.28699297 0.36878157 0.796547 0.5422355 0.6331796 0.8045986 0.18740705 0.77269244 0.8771762 0.53048086 0.24484642 0.99841726 0.81244665
0.9150966 0.79405624 0.17379297 0.24917422 0.82917905 0.6311158 0.25232816 0.9018982 0.6600589 0.39238185 0.23230778 0.68565255 0.24686332 0.47846442 0.44561842 0.21528478 0.6511492 0.18993737 0.35096595 0.6902087
0.9574541 0.3503489 1.0481321 0.6715489 0.27727708 0.89762044 1.0537728 0.7418995 0.2687543 0.27487648 0.17541431 1.0902559 1.0848745 0.21128651 0.91561687 0.95361125 0.2731333 0.62892705 0.48498464 0.4035815
0.41513848 0.7251243 0.14899234 0.2494058 0.29987383 0.3784271 0.7780201 0.6915485 0.6889399 1.0183872 0.48538485 0.6794661 0.11996008 0.8661358 0.89443755 0.30451646 0.9238239 0.62548995 0.80828923 0.4337121
0.5402355 0.6460625 0.24266621 0.23276573 0.8612124 0.27153617 0.3646887 0.3018926 0.5496401 0.86396044 0.5020323 0.252921 0.99885714 0.35634804 0.22444159 0.8654786 0.9511279 0.5034911 0.96302724 0.81366664
0.461593 0.45508733 0.48476776 1.073302 0.7890017 0.29831824 0.5783309 0.36171535 0.6623214 1.1021302 0.50662017 0.33248 1.1030337 0.31965414 0.20258993 0.58750653 0.6517088 0.8315007 0.9668458 0.9208217
0.39655423 0.28206423 0.7276458 0.07390164 0.62335074 0.37822184 0.3534267 0.44465223 0.49507785 0.13563108 0.052370626 0.24445689 0.9245324 0.7580077 0.16018865 0.3142757 0.42762494 0.746577 0.77702343 0.29849747
0.80489516 0.22917718 0.7447157 0.22855152 0.42462814 0.42181572 0.97536695 0.906498 0.31161878 0.73559535 0.62174755 0.90856373 0.73215747 0.32198563 0.8718688 0.75300604 0.720291 0.0143569745 0.023792751 0.87417424
0.6256637 0.7528339 0.97113115 0.79116 0.26891455 0.87068313 0.8701849 0.5447631 0.71298 0.387953 0.23763704 0.3060527 0.1784758 0.23986976 0.5951703 0.17235956 0.910419 0.21770775 0.88228583 0.73971033
0.46618524 0.3452959 0.9478995 0.908661 1.0133039 0.6499121 0.27257988 0.28410769 1.0868791 0.1877785 0.369438 0.48194575 0.4282379 0.3089971 0.88561153 0.24028611 0.97322017 1.0730742 0.2884726 0.2732237
0.08911791 0.84966123 0.4694326 0.6769648 0.107682325 0.73790205 0.3276113 0.2364618 0.67357665 0.31160632 0.7548447 -0.04497322 0.3551198 0.07252123 0.22643164 0.7519213 0.36329937 0.63351375 0.29368547 0.8489955
0.7766411 0.67665315 1.012906 0.8383612 0.62441695 0.36174676 0.47230104 0.75811195 0.66990095 0.7776684 0.49916992 0.43772686 0.30173373 0.8563824 0.45886898 0.16650888 0.8543278 0.29681373 0.19425847 0.31170034
0.8997859 1.0178162 0.17471349 0.7552874 0.47416198 0.70128655 0.9601185 0.4983947 0.40615618 0.5516495 0.68703425 0.79966563 0.9104397 0.53563917 0.7397118 0.9347336 0.43885309 0.3522784 0.2405662 0.6970558
