0.4854798 0.67314696 0.6570751 0.39684466 0.56058395 0.77797115 0.5505549 0.087741576 0.7770173 0.08113732 0.77745026 0.25334525 0.5978552 0.46604943 0.87743545 0.6464328 0.5298476 0.62833375 0.78357863 0.8352766
0.6815519 0.045444343 0.06410088 0.7256009 0.2902021 0.92077696 0.19124842 0.9038025 -0.0364844 0.8681943 0.30704552 0.3142935 0.39483956 0.8907383 0.18583806 0.58235264 0.27968022 0.63717616 0.71741503 0.9234799
0.3200922 0.34764245 0.27355003 0.89066494 0.80780905 0.84489197 0.59095544 0.7418839 0.37038168 0.48307112 0.25258425 0.85868216 1.0273634 0.72256446 0.9053918 0.6821267 0.36342034 1.0389274 0.5249656 0.689175
0.6922448 0.28861842 0.80377537 0.7291809 0.66212076 0.77996576 0.79483736 0.6843328 0.327192 0.80298144 0.6310349 0.6557607 0.78000283 0.27899656 0.22176977 0.36170417 0.9014674 0.50328684 0.7542545 1.118601
0.4554443 0.36335126 0.64928895 0.864211 0.63676524 1.1822327 0.69885796 0.51185036 0.30033556 0.42915407 0.543112 0.6710081 0.36092195 1.0060279 0.46310693 0.5365274 1.1207418 0.53690535 0.613396 0.7507167
0.5946355 0.97950965 0.8398474 0.2758747 1.0121632 0.45733553 0.82080257 0.16428211 0.41326508 0.287755 0.72115993 0.331091 0.2432746 0.41520625 0.69362414 0.53624547 0.6516511 0.9468785 0.8852159 0.44411477
0.44355947 0.27723593 0.8848435 0.4336339 0.56283903 0.4293169 0.058051053 0.7643032 0.977378 0.34491438 0.870996 0.35385853 0.50112945 0.73175263 0.30213714 0.21071501 0.42830557 0.99819046 0.08554393 0.60928684
1.0480907 0.4969564 0.15152192 0.7393018 0.197009 0.6492029 0.1289293 1.0379888 0.99746877 0.42927173 0.2262478 0.7922309 0.18698886 0.21562256 0.20622294 0.151685 0.76115674 0.71354955 0.7402907 0.42976156
0.23421054 0.09059074 0.31765658 0.57434446 0.59166086 0.31613457 0.65612954 0.3349477 0.32853183 0.44276 0.94280535 0.8058304 0.7242868 0.090396136 0.87888837 0.56608975 0.8710537 0.5556187 0.7685597 0.19859275
0.6929094 0.670889 0.58037746 1.0685921 0.9492253 0.17793489 0.63271797 0.18967254 1.0849936 0.7080624 0.570716 0.3895755 1.0822644 0.30155447 1.0242052 0.40819597 0.8877197 0.79197836 0.26741797 0.4059901
0.21602775 0.32556245 0.34451535 0.95243007 0.82694507 1.0371162 0.846631 1.0068465 0.4174068 0.6856247 0.4966208 0.50203735 0.79921144 0.8865903 0.7584722 0.43443006 0.71884245 0.7142929 0.32594502 0.38522443
0.63067657 0.08069787 0.6920459 0.5035865 0.6170843 0.6665382 0.88868845 0.76013315 0.020689705 0.83569336 0.7761959 0.93704027 0.3108293 0.42670378 0.3040597 0.44656923 0.7716453 0.80620843 0.35383523 0.804996
0.92200184 0.7377094 0.6365331 0.21524316 0.45210826 0.79750085 0.6133768 0.9310871 0.16871865 0.80688906 0.71585566 0.8501986 0.79212356 0.84689796 0.7862598 0.15173209 0.65701455 0.5454535 0.115208685 0.9809397
0.4077639 0.65140694 0.4005763 0.40279242 0.16433215 0.15035418 0.60899895 0.062272694 0.24468535 0.2396608 0.21734084 0.2876753 0.90239537 0.2191226 0.30179837 0.7558422 0.5346698 0.47053608 0.8910761 0.7026271
0.46655574 0.7133827 0.1200262 0.84013426 0.8983998 0.51404816 0.10469914 1.008576 0.37462366 0.33960316 0.5731876 0.49125844 0.2570715 0.35326323 0.43669656 0.6221745 0.81887794 0.19467904 0.2042517 0.8177638
0.7520621 0.57620144 0.4387026 0.8939147 0.7517526 0.3702492 0.41707274 1.008905 0.28438053 0.2940427 0.7058482 0.6877665 0.8250971 0.74752206 0.7293586 0.556924 0.686711 0.16720761 0.42705873 0.27037683
0.6953288 0.9075449 0.4877428 0.28121883 0.13729505 1.0292827 0.5602668 0.2790727 0.78824466 0.30782747 0.64669645 0.92780536 0.57008696 0.28659365 0.37157685 0.86633754 0.43767515 0.25178728 1.0190743 0.52657807
0.18524835 0.46499026 0.4501402 0.32329354 0.53246844 0.32721412 0.0793442 0.24315256 1.0434343 0.8213949 0.9900877 0.17525114 0.5519663 0.6938666 0.64160323 0.80252934 0.18038473 0.658205 0.31821826 0.7285856
0.5437278 0.7662752 0.32340443 0.44320768 0.7169516 0.6506534 0.635626 0.6311876 0.09850689 0.8380313 0.5768825 0.35043263 0.88629484 0.5509646 0.7412604 0.6327491 0.29746503 0.93658316 0.18017563 0.7931743
0.42663732 0.081367634 0.08403391 0.14932425 0.7036753 0.45857894 0.48783144 0.18063082 0.45322585 0.58041877 0.7415866 0.94193435 0.6761837 0.8686236 0.83390474 0.35547343 0.13779007 0.46618387 0.67940205 0.67141354
0.5946374 0.38123387 0.31014794 0.8022076 0.980564 0.88789433 0.5616218 0.871597 0.79747957 0.42957312 0.43809313 0.75710803 0.65553635 0.37089586 0.12117511 0.931307 0.8779082 0.33632225 0.3826372 0.11928271
0.20549242 0.83160293 1.0295092 0.64412194 0.6572176 0.39297798 0.5148785 0.66237104 0.5714423 0.2231879 0.4111139 0.76730174 0.40157166 0.2111862 0.98050344 0.86067426 0.79939485 0.6989224 0.15962064 0.45619038
0.92179 0.6021094 0.4067492 0.4394992 0.7501427 0.43216008 0.6180645 0.06676474 0.2270607 0.28789914 0.18269452 0.66345924 0.21663807 0.23409957 0.83228856 0.48969042 0.36197886 0.45118865 0.0383728 0.5511486
0.821735 0.8220332 0.2518556 0.44975886 0.51254547 0.58435994 0.6737368 0.44338566 0.62159485 0.7995234 0.279955 0.41241392 0.4268131 0.29440445 0.22764167 0.9528376 0.55466723 0.6159478 0.7023553 0.89856887
0.26789412 0.50728434 0.22539224 0.23470573 0.53290045 0.9120595 0.41915467 0.99715054 0.5572296 0.78129685 0.20869903 0.29351595 0.4136774 0.3575155 0.41141754 0.21367659 0.46386045 0.8504476 0.70956963 0.6606993
