0.8216548 0.4811279 0.6262549 0.8887133 0.13516673 0.95425546 0.91967225 0.14620522 0.7051772 0.8964332 0.15261753 0.25356293 0.7916545 0.63745755 0.69992274 0.6622585 0.6436411 0.38757002 0.7823958 0.12475538
0.5676266 0.39057055 0.45035306 0.8299262 0.6611338 1.007434 0.9519143 0.359721 0.35713688 0.49106243 0.25535765 0.3911513 1.0037389 0.9154627 0.14226088 0.8110321 0.31723893 0.26915827 0.3780109 1.0456688
0.7314257 0.58945125 0.56838346 0.572388 0.31945777 0.8058722 0.29942378 0.21951698 0.8111586 0.82361746 0.578235 0.14124295 0.29537728 0.08502816 0.1547076 1.0158778 0.26708713 1.030954 0.38874343 0.2669058
0.042824507 0.58232445 0.09654565 0.7927195 -0.10310658 0.34382695 0.78307134 0.7950883 0.24602659 0.43658555 0.3785498 0.40320784 0.4442185 -0.015566579 -0.0029519335 0.7711787 0.83560497 0.66037685 0.8277694 0.30095735
0.6468354 0.26395696 0.37510782 0.5374122 0.5248563 0.4275555 0.4966787 0.38592675 0.4718913 0.94464254 0.2009025 1.1329447 0.86579174 0.4379736 0.98686725 0.26571372 0.4812749 0.20773526 0.933343 0.9123834
0.880715 0.30626154 0.12630837 0.19032997 0.6775815 0.48658177 0.9411897 0.48217782 0.9214285 0.6418667 0.1723578 0.16500801 0.90486544 0.42421183 0.58738947 1.0070652 0.67710423 0.68035656 0.32746258 0.8902765
0.35636365 1.0561688 0.6017788 0.15316221 0.1834266 1.0110765 0.14320317 0.9483731 0.9431871 1.0507536 0.35143209 0.3879163 0.61348295 1.0366857 0.4341895 0.628177 0.23225199 0.584391 0.4993867 0.30867818
0.894993 0.4937478 0.99115604 0.70596117 0.4951741 0.942383 0.5435037 0.72781974 0.07885365 0.4172553 0.4002384 0.07762038 0.8593413 0.33984867 0.4340121 0.2063312 0.89849156 0.9101663 0.3680027 0.51611954
0.983487 0.37744275 0.22405782 0.48711202 0.20742032 0.97173727 0.3903504 0.5378353 0.81248045 0.1327033 0.38423938 0.30343574 0.40775067 0.657971 0.29453692 0.6481512 0.6658206 0.27749726 0.9762039 0.44006857
0.7066555 0.50145763 0.23218292 0.7391987 0.17292863 0.23455502 0.16767268 0.74179584 0.16455805 0.8128032 0.28563854 0.7242319 0.39227024 0.14588092 0.94493663 0.18891457 0.32249296 0.8235457 0.84619117 0.9376576
0.62875414 0.32159775 0.74807036 0.46766353 0.7585306 0.3865665 0.8185827 0.55419177 0.65380895 0.13442564 0.64858043 0.36675724 0.9442601 0.6130212 0.8718361 0.15569189 0.29294726 0.32328242 0.15993784 0.225405
0.8516977 0.56870973 0.73926324 0.754063 0.28227082 0.8518719 0.15961987 0.3740207 0.46603715 0.4336747 0.53214216 0.81175256 0.5782517 0.50780106 0.04985894 0.78851634 0.48568556 0.34334388 0.030547705 0.37605506
0.14363651 0.4929505 0.71096283 0.52897775 0.36883423 0.3203903 0.28674048 0.28580144 0.79787064 0.5289911 0.69576657 0.17222263 0.7348295 0.5160015 0.7739814 0.19145684 0.51998276 0.20249481 0.8757321 0.84881234
0.3059865 0.3667997 0.92897135 0.6149152 0.26486173 0.8969306 0.82827675 0.41596928 0.40198302 0.2072407 0.8989744 0.6546039 0.8757875 0.29312208 0.6024416 0.8029154 0.48321807 0.4776402 0.43291017 0.58902466
0.3503674 0.56833714 0.09135482 0.59725386 0.3362919 0.5954427 0.8852281 0.80983037 0.39390153 0.7701293 0.24611388 -0.0022462062 0.9055913 0.5077207 0.17583856 0.63987315 0.4293777 0.7621931 0.91421664 0.13164766
0.36889744 0.34965006 0.8952153 0.8228419 0.4916927 0.8650344 0.910485 0.58487725 0.6563593 0.43078995 0.43732107 0.46730936 0.55630356 0.6750129 0.41146478 0.6768567 0.443568 0.702795 0.914437 -0.04733083
0.47717226 0.7816995 0.5262622 0.2568936 0.2480948 0.73663616 0.24588314 0.6894142 0.075421266 0.41236636 0.40150025 0.30228773 -0.024058282 0.4950654 0.73859984 0.47187975 0.33631948 0.48597747 0.65828466 0.26743844
0.88414496 0.7632824 0.79304314 0.88372165 0.23152137 0.6706151 0.25681937 0.9926207 0.92445457 0.6381788 0.8394609 0.79000825 0.2123883 0.30631268 0.15252618 0.13218242 0.17131583 0.8388919 0.7300247 0.31079262
0.86977494 0.51663715 0.6947153 0.13031137 0.8777874 0.6638187 0.50034106 0.7027651 0.80103487 0.08597722 0.40633792 0.24914421 0.38188717 0.115062475 0.5952977 0.76105374 0.5763184 0.23526102 0.013213514 0.82691526
0.1821408 -0.07115929 0.80060637 0.28445894 0.7500945 -0.061217327 0.8045462 0.7553765 0.6361807 0.68041074 0.6999249 0.24362914 0.15027514 0.66545063 0.41255534 0.16549914 -0.011067165 0.5578942 0.03895914 0.8551084
0.94996196 0.7223376 0.4493585 0.64228415 0.040808845 0.64312875 0.8862373 0.49451473 0.11202621 0.20657897 0.76719755 0.36177737 0.90350676 0.03524407 0.8491569 0.39753968 0.33574796 0.73870003 0.5667263 0.1271947
0.60315156 0.92953867 0.7566104 0.5296137 0.60802096 0.5363177 0.6021977 0.23044293 0.057603993 0.255758 0.33374476 0.71971565 0.7174817 0.6073892 0.025042778 0.33350274 0.8058613 0.3709456 0.59261036 0.4571886
0.96238196 1.0108922 0.61074704 0.4980672 0.8498441 0.22809885 0.21178824 0.3860964 0.34061193 0.24669579 0.90256363 0.49831435 0.15183066 0.46943727 0.3466102 0.20276259 0.8769063 0.16183211 0.6923078 0.49942616
-0.046955142 0.17170979 0.6306732 0.83017236 0.16872226 0.7825976 -0.038317416 0.18956733 0.04460072 0.00024613572 0.5402149 0.40028107 0.63709784 0.46064296 0.39287648 0.30378428 0.7795758 -0.03171582 0.14440817 0.7587656
0.6738964 0.038654372 0.5066389 0.8551919 0.28234532 0.29944485 0.6140531 0.3096036 -0.08840208 0.24337706 0.86999875 0.75608337 0.1280715 0.7920475 0.6923113 0.73868775 0.30434778 0.26102048 0.5063066 0.007939493
