1.832488 -0.5628768 0.80956125 0.6944513 1.4414997 0.44390142 0.51639956 1.1078792 0.6619315 0.9059748
0.33116978 0.60257286 0.9027336 0.6367965 1.2198393 0.8033939 0.3718405 0.37187615 0.60596323 0.48545408
1.0770457 1.1644789 0.38534847 1.2871891 1.893268 0.17939864 0.26630348 0.53821987 0.5303829 0.562262
1.1907502 0.2858311 0.601851 0.8250694 0.69159573 1.0358669 0.18086049 0.8087197 0.4358065 1.1966699
0.8401422 0.4199732 1.7672087 0.96416503 0.8083861 0.5640995 0.8579691 0.4016578 0.38441372 0.5838945
-0.12499237 0.20064789 1.7125518 0.79887056 1.3585037 1.0597494 1.3086334 0.65939474 1.0009292 1.0971558
1.1127486 0.86879593 0.47555068 0.804012 -0.1248005 1.0516886 0.22920334 1.3346266 1.1745808 0.9672882
0.3127167 0.9844468 0.9272158 1.2824148 1.3457311 -0.16215698 0.52345806 1.648878 1.1743678 1.311164
0.22239538 0.9229886 1.3953778 1.4374924 0.8502586 0.91167027 0.8454953 0.8257478 0.86046326 -0.17140761
0.9225163 0.4055991 1.8651919 0.5455988 0.6768047 1.142252 0.80889374 0.3090591 0.6598683 0.79781485
1.0079794 0.4883572 0.29913437 0.025217079 1.0552607 1.840695 1.2007464 1.0657483 0.8981554 1.0957104
0.5839862 0.012037391 1.0380864 1.2114923 0.8492716 1.181824 1.0821669 0.6217395 1.1898873 0.58321416
0.7802037 1.1660694 0.9861307 0.908912 0.501565 0.53356755 1.0166225 0.79613346 0.6344538 0.973641
0.54254913 0.9866379 1.2837209 0.32290104 0.17626199 0.31336704 2.0376692 1.1355321 0.32414648 0.54461366
0.8597975 0.085452214 0.043769736 0.32982072 1.1899625 1.2965975 1.3970683 0.9910576 0.01789934 1.4249318
0.20353842 0.6215447 1.1840761 0.74853426 0.4714793 0.3164191 0.5868681 0.73029727 0.65283096 0.80475855
1.6285177 0.5532076 0.58663046 1.9704896 0.034121502 0.29408327 1.0301476 0.8841644 1.7110257 1.0347654
0.834333 0.7469013 0.8383098 0.7993849 0.54227316 1.6142608 0.16374464 1.7069103 0.38825762 0.3259244
1.2379961 1.1069369 1.0855474 0.6506767 -0.028230846 0.22016354 0.72874004 1.2914708 0.6410432 -0.016271705
0.9986958 0.87686485 0.8614 0.16074844 -0.84079826 1.9874213 1.0089438 0.50458735 1.5532258 0.9598349
0.4351312 2.0754268 0.79847246 1.7101476 2.0920892 -0.71220106 1.1635827 0.01699034 0.20804399 1.2868038
0.3635706 0.17466982 0.5602252 0.5913454 0.51579404 0.88302135 0.5513303 0.39638057 0.46892104 0.81415606
1.5792379 0.23220916 0.063688986 0.9670894 0.7422833 0.32818577 1.3977689 0.40341738 0.8196995 1.884817
0.9740962 -0.20167303 0.1562881 0.28118205 0.39967993 0.88363034 1.7126348 2.4326801 0.6547259 1.8405138
0.8629684 1.7347282 1.6780537 -0.71019125 -0.21725328 1.1087936 0.4816422 0.61479 2.6594374 0.8557746
