0.15150455 0.4607441 0.7365835 0.17475152 0.9686244 0.7028675 0.22933617 0.79702306 0.8141001 0.58464414 0.06647315 0.24264559 0.18921319 0.95268315 0.058915958 0.16594535 0.6350253 0.8881731 0.82670826 0.41916662
0.6576264 0.28758132 0.07061285 0.52414536 0.7925 0.9220054 0.7594083 0.5871348 0.3217652 0.33434063 0.68418473 0.7225658 0.5471193 0.75931716 0.8732936 0.21358548 0.34912637 0.9610965 0.42341697 0.50659984
0.29821342 0.83509487 0.9360276 0.536876 0.94601667 0.7893415 0.9300593 0.5167193 0.29325867 0.59189814 0.12134256 0.60476464 1.0172784 0.08620056 0.0967998 0.43855453 0.7382184 0.7276684 0.7417458 0.12290142
0.77973306 1.128398 0.6878654 0.35435897 0.76531607 0.47438595 0.2327945 0.6077061 0.59858835 0.2497729 0.8060897 0.71600795 0.4158851 0.35052902 0.29643103 1.1132845 0.5069492 0.64474225 0.37880182 0.5639526
0.68120754 0.7166802 0.49572912 0.22049272 0.8700309 0.6812559 0.17636694 0.95077693 0.9357946 0.51269776 0.54564106 0.7202213 0.28393963 0.06527529 0.8108761 0.08496735 0.52085835 0.82384217 0.7539024 0.46959713
0.85649395 0.59057385 0.0024592243 0.4364833 0.1734249 0.6835511 0.48336753 0.09835682 0.54832655 0.6858933 0.20614907 0.40755403 0.45289418 0.10718644 0.63899314 0.5253607 0.42245018 0.0050639873 0.6751065 0.6160865
0.7967994 0.7759349 0.27699575 0.54821134 0.24697347 0.15748374 0.82799196 0.70799524 0.67661685 0.7628634 0.056441024 0.08718583 0.9608035 0.92948294 0.09022255 0.2651043 0.4969429 0.5124525 0.037967328 0.9311646
0.8064402 0.64171034 0.7352145 0.45571846 0.31434736 0.27387547 0.6061224 0.4012495 0.6346528 0.87652194 0.119272895 0.28831026 0.25035027 -0.013574202 0.88725454 0.2773282 0.8364423 0.48981777 0.4463237 0.8164163
0.9942234 0.76268554 0.33479157 1.0225143 0.77729714 0.58250034 0.6942442 0.7221921 0.22994827 0.13619955 0.23114337 0.6816943 0.69807357 0.8407158 0.08560024 0.23621576 0.9885083 0.955908 0.12739204 0.32088146
0.9075991 0.24022928 0.57226753 0.13509186 0.45989397 0.3032538 0.8931435 0.69234824 0.705851 0.9609208 0.46090743 0.72932696 0.05423695 0.22654638 0.7116391 0.19777869 0.08714199 0.8765544 0.59626144 0.16827737
0.81339025 0.67174304 0.92936635 0.6680539 0.87273717 0.21453755 0.3841073 0.61842805 0.58664083 0.25085098 0.5753283 0.9510914 0.91956514 0.030317051 0.35346344 0.617372 0.7471959 0.07197264 0.19403318 0.8227208
0.57278025 0.67591685 0.43119273 0.4390505 0.7254551 0.5992615 -0.035484456 0.6909794 0.31296915 0.38709167 0.8966787 0.056444455 0.76767784 0.18944663 0.53255403 0.35432273 0.5637723 0.7275493 0.5602479 0.47202465
0.5830276 -0.008077775 0.023374254 0.07218516 0.12598628 0.04042508 0.76764506 0.81471866 0.45641944 0.33112127 0.5367805 0.34502342 0.30213392 0.6345953 -0.027757466 0.30141556 0.5013178 0.32753542 0.6715802 0.64398086
0.32930928 0.7905154 0.8957375 0.39846185 0.35211962 0.9717653 0.15890788 0.22337222 0.24269289 0.81060493 0.38910535 0.5048836 1.0460812 0.59893 1.0477434 0.9975454 0.3848833 0.17383894 0.43713316 0.5973526
0.659825 0.2202931 0.54165477 0.1981976 0.785963 0.94523555 0.1242734 0.5283467 1.0083716 0.14197579 0.94371325 0.32004043 0.95837855 0.57362264 0.74340737 0.75698084 0.1392964 0.12468538 0.86140895 0.79386854
0.48778024 0.2722486 0.33332214 0.8578612 0.46736225 0.41533127 0.5839278 0.98285407 0.34267634 1.003235 0.8416098 0.53188974 0.23722881 0.18715666 0.29095882 0.6545643 0.7945519 0.19017795 0.4242594 0.21980354
0.49229622 1.0398353 1.1383582 0.98016894 0.2216271 0.37799373 0.35705927 0.98693335 0.64209235 0.25081286 0.8209619 0.36098993 0.48175696 0.9225285 0.40916386 0.3157826 0.21154782 0.24693677 0.53683 0.6938347
0.32000804 0.22086722 0.28616637 0.85243434 0.24382547 0.96535456 0.9653139 0.63544446 0.48712254 0.3915671 0.1476762 0.58251727 0.5720433 0.36756492 0.36682498 0.22119379 0.9247367 0.18023665 0.92788357 0.35520965
0.70728225 0.44063315 0.6302729 0.62236714 0.35381466 0.1997451 0.5673898 0.83749163 0.2673363 0.11560207 0.67492384 0.87817657 1.0146832 0.52929944 0.7934199 0.75984895 0.37625736 0.14448906 0.87344563 0.7453509
0.16657771 0.21457815 0.8521393 0.17578866 0.67394185 0.5472003 0.6386623 0.4511562 0.6844996 0.45803156 0.6866957 0.5985369 0.46721286 0.1521782 0.871496 -0.013416197 0.4830414 0.76287323 0.82540447 0.5512187
0.72690886 0.80590415 0.57185024 0.33837026 0.27335322 0.5971112 0.8687549 0.64773816 0.740003 0.059070062 0.8511128 0.581964 0.6906223 0.41405988 0.17086236 0.66673535 0.1708353 0.48290443 0.7739506 0.9079559
0.30779257 1.0670857 0.8063534 0.74856275 0.66277635 1.0563698 0.29330388 0.74994123 0.22357704 0.87458104 0.8983445 0.5232294 0.78652936 1.0599906 0.21497081 0.21274562 0.6709468 0.7027147 0.48434934 0.4491225
0.15013695 0.8482335 0.4604683 0.76508564 0.9315919 0.505654 0.19814879 0.83200717 0.8049303 0.083777286 0.3230602 0.569449 0.022563731 0.8080334 0.9448463 0.6337011 0.6265601 0.9056308 0.66153526 0.3834817
0.24474908 0.7012588 0.6913854 0.36628133 0.9257736 0.57258683 0.4721174 0.19023378 0.88425606 0.59119433 0.82554257 0.84448147 0.97801137 0.43473715 0.42429936 0.8314847 1.0170296 0.21788019 0.7219339 0.73280925
0.7123283 0.73106813 0.31524017 0.28789347 0.7800423 0.13650443 0.47769272 0.8055575 0.4977798 0.69238496 0.41717958 0.4171891 0.6930745 0.46182677 1.0235063 0.79027325 0.6003179 0.35057423 0.8363516 0.34542894
