0.21266472 0.26812354 0.52321035 0.26292762 0.36004043 0.2817199 0.42734823 0.87315696 0.8777635 0.657472 0.51644236 0.9129568 0.2178408 0.45874152 0.8347479 0.58871484 0.9844252 0.7379491 1.0365288 0.60060793
0.9086209 0.084968016 0.7162763 0.5504557 0.76002705 0.92015857 0.94569075 0.4554149 0.6876553 0.31557637 0.27906126 0.7854237 0.45551836 0.5177607 0.23667589 0.20165499 0.76468605 0.36887386 0.8881316 0.805036
-0.11091276 0.43217304 0.2119113 0.3193826 0.19486783 0.38369775 0.25046724 0.84624314 0.052880995 0.8322724 0.6779926 0.8557399 0.31328717 0.83326465 0.7728881 -0.03072207 -0.008812325 0.3992492 0.83622235 0.83774155
0.33342922 0.30559555 0.6652491 0.6768382 0.24649578 0.6264559 0.99811983 0.924703 0.38785994 0.30926794 0.23684587 0.7005408 0.37129655 0.87768215 1.0559781 0.61617696 0.5718504 0.57383347 0.65316266 0.47648305
0.65345865 0.7117759 0.36858183 0.43744045 0.68886644 0.1193046 0.6969256 0.7225669 -0.116058215 0.20789446 0.00840461 -0.15646772 0.46861863 0.42493248 0.6223415 -0.19089714 0.29834768 0.30672154 0.5559684 0.42537308
0.6423389 0.31253722 0.65885985 0.97073793 0.24933843 0.8146177 0.85715675 0.36277956 0.7560343 0.15127607 0.29721603 0.98408043 0.8606202 0.84864104 1.057847 0.547811 0.40029374 0.96794516 0.2578299 0.84509546
0.86340314 0.1677335 0.105337135 0.47856972 0.2843525 0.7789017 0.5443186 0.8616566 0.6892083 0.508471 0.38096213 0.80142516 0.925985 0.31678495 0.64687425 0.8717844 0.97630084 0.13586254 0.83708036 0.16660026
-0.047096595 0.2525176 0.2471517 0.0144610815 -0.21906751 0.54544955 0.32806072 -0.062221818 -0.18410228 -0.0041283923 0.27733988 0.12403012 0.44773042 -0.02624266 0.52992064 0.16140874 -0.24934085 0.19464412 0.1667229 0.36628947
0.4684753 0.73380965 0.9152346 0.44398388 1.0823716 0.33438295 0.28580692 0.87297934 0.41587737 0.63278866 0.61020166 0.392099 0.549332 0.4054421 0.2925148 1.1960465 0.72975713 0.557463 0.5528122 1.2344192
0.37357196 0.71311015 1.0100874 0.39666453 0.5879952 0.68039995 0.8130482 0.988712 0.47670394 0.43075806 0.9010129 0.3157848 0.5548107 0.75244874 0.43442813 0.9069209 0.17750607 0.3189063 0.89913875 1.1014216
0.87553596 0.925537 1.1010759 0.37016603 1.0779932 0.30201977 1.0235411 0.23119809 0.60078275 0.2838727 0.5361693 0.6204714 0.2390612 1.0285732 1.0235741 0.54621625 0.6167842 0.62660056 0.3168051 0.31562483
0.21206877 0.07425515 0.8509244 0.7181677 0.53647506 0.54737395 0.15879957 0.07793005 0.46230748 0.69003093 0.5360306 0.9238782 0.9241491 0.37731823 0.39143887 0.8260152 0.49097192 0.19133694 0.8497333 0.33551845
0.8468761 0.99589074 0.5490924 0.4054134 0.5556697 0.22603224 0.2903382 0.42200533 0.3383356 0.42437914 0.71743447 0.86045384 0.8051935 0.65369236 0.39565915 0.89881134 1.1024616 1.1123209 0.57328653 0.47253966
0.96090055 0.37528223 0.7609921 0.41173506 0.44585526 0.53154904 0.26790285 0.87889755 0.50119895 0.65626884 1.0416443 0.69408834 0.7236263 0.41338688 0.29412836 0.6735323 0.31500503 0.7990762 0.4392692 0.4517193
0.53818107 0.10271441 0.46566778 0.640208 0.7488647 0.62290525 0.46383974 0.46285343 0.7757865 0.97471 0.81414276 0.7784697 0.52673686 0.2239663 0.5446662 0.98270553 0.3242672 0.43692774 0.15106606 0.962829
0.9022169 0.24771035 0.3701334 0.031254955 0.53446347 0.8012532 0.28097954 0.8437962 0.546644 0.6424997 -0.0072166165 0.3884676 0.31124446 0.72380406 0.8975731 0.7509962 0.39855188 0.5509869 0.70989466 0.0799304
0.0862279 0.35852608 0.6687346 0.37298518 0.22582649 0.8758815 0.3169603 0.23387593 0.704504 0.60235023 0.97957397 0.5805435 0.39421454 0.3485271 0.9330929 0.057244953 0.74753416 0.5513986 0.76148206 0.07447499
0.36367285 0.79395264 0.4307237 0.73880225 0.3466931 0.39086688 0.5053782 1.0335864 0.48182935 0.661992 0.8990057 0.4679463 1.103894 0.52917564 0.20902461 0.37854385 0.24484706 0.21895643 0.43846866 1.0383669
0.6194356 0.9502695 0.41749898 0.8778125 0.72173923 0.64908695 0.08521511 0.3205613 0.4705888 0.6689446 0.98516333 0.24470444 0.21824683 0.4901985 0.26577327 0.77337015 0.9414536 0.04553152 0.08205846 0.4312271
0.72241485 0.96093494 0.48675337 0.5430256 0.1382017 0.10477473 0.2228547 0.9566484 0.19180584 0.40264514 0.18282384 0.7320516 0.8345416 0.9173091 0.31239575 0.25170332 0.9493489 0.90719485 0.93554467 0.6970807
0.6299353 0.52717865 0.34889418 0.80729264 0.3136176 0.98993087 0.107777305 0.54010636 0.46731222 0.95681316 0.11231859 1.0472574 0.121321715 0.7317119 0.15886371 0.3379971 0.8690544 0.32608697 0.36976752 0.4418915
0.19382809 0.40327752 1.0600474 0.8895397 1.1257869 0.74819463 0.66697526 0.78790915 0.77777535 0.19559914 0.45501056 0.55927867 0.5617358 0.87683123 0.70392686 0.64120895 0.28053945 1.0749183 0.3589361 0.46045086
0.09708522 0.721132 0.8361848 0.6841869 0.95855093 0.759564 0.9378692 0.7691139 0.23873118 0.4761382 0.61674875 0.5005058 0.8158999 0.578223 0.816103 0.42749673 0.14303699 0.25838265 0.124612525 0.6826862
0.27798554 0.45124263 0.45551434 0.9121136 0.48648328 0.6938709 0.21881989 0.80494756 0.50829035 0.8936884 1.0581354 0.13275622 0.49771813 0.7123036 0.45831826 1.0163482 0.43435702 0.17375743 1.0264789 0.3728582
0.2220591 0.22717847 0.4640952 0.78677607 0.12205933 0.28677648 -0.020449882 0.6274371 0.0674263 0.5997553 0.5578014 0.27035835 0.592992 0.18445656 0.44963843 0.15101188 0.8492449 0.06667509 0.20263287 0.6077244
