0.31878316 0.10796967 0.111917496 0.6402518 1.008024 0.57254064 0.2113238 0.58980954 0.43645346 0.8477315 0.876937 0.8780147 0.6998718 0.9517442 0.8875972 1.0017195 0.7090653 0.053981148 0.184977 0.22445168
0.54142725 1.0146184 0.86167234 0.25050953 0.07758668 0.15873009 0.54166925 0.8743209 0.3233054 0.8501952 0.47671852 0.751602 0.39325264 0.12326554 0.8594284 0.99857515 0.56247157 0.23386611 0.9858467 0.8163985
0.6746346 0.9139385 0.6180427 0.34357288 0.25434852 1.0026851 0.4281078 0.14552304 0.60798967 0.15709 0.955982 0.78485435 0.5471575 0.32917503 0.16085152 0.7024042 0.37718216 0.17216998 0.7915411 0.26627776
0.68181354 0.48656985 0.64701474 0.1955891 0.67066723 0.035490517 0.22584692 0.60758764 0.22117087 0.4160879 0.72255576 0.91912585 0.58046544 0.13354632 0.24129689 0.5667986 0.20753194 0.67471564 0.107556276 0.3550517
0.52649194 0.16029845 0.5428085 0.91646636 0.6688831 0.47037247 0.96276903 0.5772785 0.376185 0.65438074 0.4453156 0.54211485 1.0029634 0.58133924 0.4884924 0.8462591 0.97672486 0.84680563 0.6946266 0.43731034
0.2668021 0.57492924 0.9282192 0.76484925 0.059078883 0.56973034 0.3926627 0.32289532 0.3512109 0.68230504 0.6662011 0.066692695 0.98612726 0.27450964 0.67124104 0.46213317 0.5296782 0.7464338 0.09995033 0.719957
0.765029 0.99133605 0.105393894 0.7518906 1.0115335 0.22061962 0.066560276 0.15051264 0.7956375 0.4281799 0.69634444 0.31750557 0.22978139 0.1000633 0.93138164 0.48378393 0.80889976 0.5011944 0.2759431 0.45583597
0.37854028 0.8150313 1.0501988 0.27373186 1.0005362 0.7514914 0.4249333 0.89984226 0.5910295 0.35417396 0.31230235 0.6275033 0.62323755 0.57893425 0.62138414 0.1996062 0.5478337 0.6666502 0.20590664 0.63948625
0.19711863 0.50535893 0.82458895 0.6244205 0.4608841 0.5612879 0.28613266 0.82355493 0.4203082 0.372166 0.3674014 0.5645907 0.93404675 0.31583613 0.35443622 0.3783507 0.21829133 0.45185772 1.0869216 0.3149586
0.629894 0.75670314 0.13206333 0.71530676 0.37571052 0.36215833 0.5225564 0.4274952 0.012055468 0.82647985 0.08302076 0.6047273 0.26358792 0.87146944 0.43103907 0.836892 0.5731385 0.8961378 0.2495928 0.5685718
0.16463305 0.9623607 0.65052366 0.5347113 0.3826227 0.4615189 0.26919553 0.5395577 0.9060844 0.17902648 0.26366347 0.6961366 0.46794313 1.03068 0.16073826 0.63690925 0.35341185 0.30954978 0.83370686 0.42499903
0.16260727 0.44457716 0.5159608 0.40205237 0.84081995 0.25338933 0.73555994 0.46043533 0.8256981 0.10841594 0.8550361 0.2682084 0.42345792 0.5746466 0.55442214 0.60121673 0.3147381 0.480722 0.37470025 0.82988375
0.16966039 0.7433147 0.8463903 0.6057964 0.27451542 0.07669455 0.7129103 0.7437797 -0.016213374 0.52779746 0.3593625 0.8767443 0.7493566 0.76828116 0.13291545 0.096005775 0.197094 0.7890011 0.055860363 0.09747292
0.06557117 0.26795703 0.52580184 0.14322688 0.5706976 0.9897627 0.6305742 0.6764983 0.6325653 0.05121112 0.8023136 0.9446913 0.5177745 0.49660322 0.06835382 0.8110897 0.97983927 0.46863377 0.10107504 0.5218299
0.6595894 0.18719661 0.08217665 0.18216272 0.42368624 0.75653255 0.7296498 0.21607552 0.802639 0.20637684 0.2531558 0.7286936 0.913326 0.31517652 0.39227045 0.8861861 0.73354894 0.21630302 0.6986146 0.48453206
0.81270635 0.84041965 0.40986058 0.3867958 0.09052971 0.3077677 0.2705114 0.7930813 0.8504886 0.09786417 0.3491177 0.60229164 0.516807 0.6162364 0.4737099 0.036951892 0.5896599 0.21637866 0.021189334 0.33386552
0.124027975 0.115611464 0.7442914 0.47324255 0.4461147 0.67830426 0.85939795 0.46473607 0.90274346 0.26279962 0.95068544 0.8066157 0.8359343 0.8652203 0.5370215 0.40831244 0.47167468 0.1004603 0.10707159 0.08114009
0.9151512 0.66239804 0.58057255 0.30166996 0.42520216 0.06775913 0.5889546 0.60368925 0.44676253 0.51026624 0.48129427 0.48384663 0.22850421 0.68412447 0.909787 0.6786423 0.7828795 0.40626937 0.67614424 0.8552248
0.3674129 0.3944854 0.3943432 0.56035095 1.125463 0.45236164 0.69635814 0.17883776 0.95436513 0.2726605 0.35791746 0.9929884 0.415598 0.59911305 0.16573168 0.9092461 0.28724128 0.874339 1.0148442 0.592606
0.46904844 0.21400635 0.10859573 -0.101158194 0.5344069 0.36381987 0.68553525 -0.099062145 0.7933277 -0.067025945 0.18907267 -0.041743226 0.42328975 0.76960194 0.3804802 0.5552657 0.7400077 0.52172846 0.20688793 0.6952084
0.1624211 0.8487294 0.041038506 0.33547902 0.883774 0.006834401 0.1616161 0.39708123 0.07611692 0.20999369 0.04360046 0.5268982 0.7427031 -0.03816804 0.2352385 -0.06187179 0.27309316 0.36975482 0.17991441 0.5572741
0.57225126 1.0585359 0.35892123 0.28443596 0.49371353 0.83131677 0.22909118 0.6503127 0.7790487 0.18208894 0.8590641 0.5007077 0.92186075 0.41700178 0.2810573 0.42496085 0.7596061 0.91363335 0.8783021 0.17018521
0.779193 -0.0016215377 0.1159517 0.69289696 -0.046455663 0.7488965 0.26797935 0.56628084 0.1512762 0.74382156 0.42152902 0.6948973 0.49324167 0.7329579 0.23054016 0.5734502 0.15035549 0.72167087 0.34171367 0.19086617
0.3927199 0.6423189 0.7541565 0.18456538 0.19542034 1.011186 0.605756 0.8775948 0.9578728 0.13959777 0.38762277 0.50916404 0.06836418 1.0238614 0.8963954 0.4405741 0.88201684 0.97691673 0.2111832 0.2796205
0.3201762 0.70372957 -0.0030509166 0.7817141 0.90157074 -0.035883956 0.2030067 0.0705399 0.2326714 0.036666337 0.5610622 0.8639704 0.34549648 0.7473805 0.050641358 0.6633139 0.92398727 0.62873733 -0.023138206 0.57203615
