0.37558964 0.39508998 0.11966954 0.14225641 0.12898377 0.42470923 -0.13987349 0.5822073 0.35737744 0.47713515 0.61214477 0.3187827 0.5741354 0.5576431 0.4581108 0.7013349 0.24649847 -0.02241413 0.38501963 0.67714596
0.44670075 0.78868973 0.6338353 0.38690925 0.7091179 0.15020068 0.76524717 0.79970324 0.79135704 0.04449893 0.6641956 -0.012174042 0.59044766 0.02442736 0.6099183 0.14388317 0.13447939 0.371079 0.6750055 0.15463187
0.5124355 0.60492235 0.684342 0.54620963 0.57397085 0.8287264 0.23223212 0.15321758 0.7270352 0.7017174 0.50120884 0.16446163 0.6403125 0.37937516 0.62029517 0.65629536 0.61031467 0.40439498 0.120662235 0.18430436
0.5864531 0.1295661 0.49785617 0.6995412 0.35475895 0.40557343 0.7512675 0.9173435 0.003996119 0.8997706 0.6254102 0.4492324 0.6962333 0.38293216 0.23419969 0.36247084 0.07999707 0.018143296 0.34262508 0.45591262
0.36379704 0.5505561 0.1596596 0.2803759 0.22469208 0.13130353 0.5483255 0.57018197 0.67962444 0.14162016 0.764883 0.8098756 0.109200016 0.094369315 0.46731484 0.6615055 0.42088744 0.9314343 0.18542439 0.68036056
0.25230664 0.80056703 0.9567876 0.25471443 0.8581949 0.7585403 0.3024656 0.32573774 0.3098332 0.5280564 0.34094653 0.92031276 0.63198143 0.31142005 0.40973762 0.49062097 0.36058855 0.17151798 0.5909692 0.58309346
0.57082176 0.49889955 0.15666875 0.91232914 1.050194 0.18357798 0.2863673 0.9690965 0.75182706 0.18897074 0.9756492 0.4129519 0.804421 0.23599832 0.1544169 0.9832806 0.4309122 0.5505991 0.557132 0.8262936
0.4046906 0.7890227 0.5743202 0.66979617 0.15288627 0.40911457 0.7717471 0.5321136 0.5489973 0.41160184 0.56234 0.20095488 0.76656866 0.4484663 0.66445535 0.4291112 0.17520548 0.22582911 0.6778913 0.5004648
0.40292972 0.9013456 0.8255537 0.5810678 0.1236001 0.7562239 0.57088053 0.8698552 0.69851446 0.5270095 0.502235 0.35440853 0.11729346 0.34821483 0.72926825 0.7255023 0.4021381 0.0721565 0.09023441 0.36751163
0.2782127 0.8305373 0.75396305 0.22204606 0.31410235 0.74794674 0.8283735 0.18701643 0.27857038 0.3824352 0.54751235 0.80337733 0.24916862 0.51052356 0.020496499 0.29040664 0.79696107 0.8090293 0.6559614 0.7468428
-0.017576028 0.21561553 0.68996507 0.1647501 0.24795538 0.1991218 0.10099674 0.597239 0.6729855 0.35306284 0.67566967 0.5267909 0.7683116 0.18488628 -0.07122196 0.4388485 0.06223121 0.66689575 -0.06633466 0.66375655
0.1320755 0.54350775 0.6852293 0.7807296 0.9954733 0.8495178 0.8645234 0.5004411 0.6750457 0.28020203 0.1832424 0.60969067 1.0101413 0.25219232 0.45808315 0.20788382 0.29121116 0.75789714 0.6531884 0.9139881
0.5866319 0.16267425 0.32158497 0.1481343 0.28278822 0.52812654 0.75508016 0.2951387 0.7707281 0.6552968 0.30159867 0.8139119 0.73400986 0.3987768 0.20494972 0.74838966 0.3554467 0.94323236 0.6574606 0.6182624
0.9940027 0.12102145 0.6955451 0.7857151 0.6390115 0.79077554 0.42643064 0.3149864 0.44032475 0.71983343 0.20563386 0.81039184 0.3637157 0.24476935 0.41666734 0.62265646 0.23631579 0.897838 0.23157276 0.33698228
0.48225942 0.65258527 -0.06406635 0.62394685 0.03361277 0.14408132 -0.09505904 0.23619547 0.46465 0.36898643 0.5788525 0.7839018 0.60705143 0.1397512 0.7869243 -0.06461076 0.3588092 0.19449678 0.72039706 0.099621125
0.88709193 0.49893403 0.528484 0.7547698 0.85457367 0.03653539 0.28607783 0.44771177 0.53397197 0.79397243 0.41897437 0.58577144 0.39638993 0.38386393 0.1698121 0.17712623 0.6525667 0.31687075 0.53934556 0.73803174
0.056762926 0.59918123 0.3405377 -0.005704445 0.31355262 0.4163979 0.2592879 0.35971534 0.35244164 0.6763773 0.5275418 0.55946755 0.15092549 -0.12349388 -0.1761796 0.70022684 0.40119293 0.5411497 0.7403846 0.49643922
0.10309862 0.7141699 0.22449371 0.17365961 0.01014983 0.6602503 0.87685335 0.058295034 0.6130101 0.44700402 0.23842703 0.21421973 0.29802534 0.58136654 0.27431926 0.8787175 0.09541454 0.22036864 0.42231622 0.35174787
0.5061599 0.6284009 0.31908923 0.6628973 0.13154732 0.49990568 0.6041192 0.58889395 0.987822 0.92236567 0.19900408 0.33466238 0.9457931 0.6176459 0.43655655 0.8399693 0.4494459 0.8024949 0.42755705 0.59574074
0.6292671 0.4713124 0.4699773 0.96445054 0.47688594 0.07823762 0.42462298 0.3375309 0.26130065 0.81976223 0.25591952 0.39696628 0.6606231 0.6966814 0.65084004 0.060242914 0.9346163 0.33142132 0.11741078 0.99853736
0.16477701 0.84248614 0.3833425 0.6126849 0.8179534 0.70132357 0.062362313 0.71530926 0.9922029 0.78515464 0.23513247 0.8817648 0.98352104 0.21403176 0.78459495 0.09089614 0.13984807 0.3301782 0.1358799 0.4590416
0.118925825 0.85824883 0.3105891 0.26816598 0.49846599 0.09233733 0.0669464 0.634983 0.9022731 0.32284078 0.6964765 0.28335783 0.59689766 0.2240442 0.14042151 0.73908395 0.9066657 0.52974194 0.39834857 0.21717028
0.88000363 0.43871224 0.6952557 0.39986843 0.82457316 0.6992794 0.15362923 0.6082425 0.20501688 0.11299496 0.7504821 0.7037536 0.031757843 0.1231901 0.37525967 0.23106068 0.9047942 0.24574587 0.11994857 0.24882899
0.82179666 0.30904758 0.36757883 0.25258613 0.6809042 0.37767538 0.47794163 0.070256956 0.1553218 0.7151746 0.86955506 0.14325568 0.789801 0.4618601 0.5619956 0.07319994 0.5005734 0.08739039 0.29032838 0.71447104
0.51598513 0.6133573 0.18723989 0.4705773 0.6829411 0.21452431 0.7829006 0.44153664 0.6047006 0.08810612 0.45339668 0.89227 0.13053718 0.085448064 0.6057503 0.9982869 0.6902946 0.87804806 0.084827244 0.53030884
