1.4612448 1.3455174 0.59060556 1.3536015 1.1258979 1.3652446 0.38462767 -0.43490535 1.4377006 0.69151545
0.80688983 0.8743431 0.7408209 0.59068865 0.84125394 1.0481719 0.71478224 0.30455458 0.6843131 0.76564515
1.8296883 0.42730874 0.78734875 0.9304931 1.0033091 0.37905532 0.4835007 0.2468958 1.2079653 0.99691534
0.42225313 0.7346135 0.92316085 0.30651018 0.66477305 0.31192875 0.83417714 0.5556129 0.89838797 0.63303214
0.38875636 0.38589817 0.26223075 0.12008546 0.6390409 1.1336894 1.1136032 0.6037334 0.38038504 1.0110565
-1.5240852 1.5384611 1.8705571 1.0188259 1.995091 1.3939047 1.0727438 1.0244073 -0.27673393 0.801866
0.8248645 0.67411035 1.0125793 -0.18731852 0.67369515 2.1704352 0.6687504 0.0033906274 0.8705308 1.3252391
1.0383397 0.48313564 0.51496464 -0.0054559605 0.75889885 0.5105658 -0.034871865 1.2271171 2.1599774 1.266631
0.11232628 1.0857387 1.3409249 0.7446249 1.1219091 0.4828979 0.65349245 1.3053212 0.9836252 0.5465394
0.91275454 0.19833924 1.5462097 0.11796282 0.08003887 1.4854488 1.5792559 1.0475377 1.619134 0.97921485
0.30172598 0.6301623 0.2614902 0.76579875 1.1806965 1.8930418 0.7970386 0.309212 0.47711283 1.5423623
0.47515848 0.43885761 0.46785194 0.74882644 0.50635856 0.83160603 0.8789506 0.5864785 0.83412844 1.1589178
0.14382182 0.13064112 0.13550955 0.14359516 0.12652752 0.1430212 0.1370194 0.12972945 0.13961798 0.1393705
0.9347608 0.22273895 0.6163987 0.7917656 0.45902383 0.6968408 0.41442123 0.60808873 1.1263324 1.1125234
0.542612 1.55061 0.20200247 0.75653636 1.0454613 0.21131968 1.6876861 1.0636251 0.9161189 1.0900923
1.5699873 1.5711503 1.574459 1.5934703 -0.82769763 0.6744444 1.3610916 -0.72237056 0.22825897 2.1564744
0.14226818 0.13725641 0.13270165 0.13633868 0.1275295 0.14116895 0.13592039 0.13923465 0.13559975 0.13905753
1.2017603 0.16575323 1.3526858 1.2943074 0.6656281 0.9429094 0.70853776 0.46073285 0.5562332 0.8807208
0.57735646 1.0281916 0.6120844 0.71818715 0.7646597 0.7684272 -0.017550237 0.735411 0.68925464 1.2757622
0.81511325 0.47038355 0.20145015 1.1656694 0.61995775 1.333441 0.5046493 0.4510672 0.945129 0.921629
0.9702357 0.963962 0.3307724 0.7075429 0.48583984 0.86098593 0.9704708 0.1691929 1.2987566 1.6838733
0.45556745 0.4980231 2.3102012 1.2471493 1.7181644 -0.09495764 0.32270008 0.61704856 1.1983796 0.38322327
-0.40061745 1.0374268 0.7291265 0.5725316 0.54368806 1.1068802 1.5066049 0.5901154 0.701582 0.6080106
1.7668296 0.30612972 0.9808974 0.4419927 1.5579928 0.12519105 0.48123652 1.6298205 0.566403 0.25463626
0.49640244 0.3022919 0.29111737 0.2870876 0.36441222 0.36182866 0.21764937 0.32995185 0.31405333 0.36454725
