0.31394047 0.14100672 0.73396224 0.96950316 0.32369703 0.31215036 0.89823604 0.825663 0.3701634 0.42621526 0.55477756 0.5055295 0.12094969 1.0275081 0.34974727 0.28121123 0.60858667 0.3525881 0.33515468 0.45579445
0.7524562 0.032233592 0.4925707 0.17833318 0.4163049 0.8025742 0.09794215 0.7810586 0.84983563 0.95028377 0.40185133 0.7017355 0.18391299 0.22779062 0.9505392 0.83666193 0.6574739 0.23137745 0.28123054 0.29455984
0.38681754 0.40588906 0.43625557 0.28950655 0.8482899 0.51402944 0.7676411 0.68807846 0.62520957 -0.008221869 0.10471117 0.06066221 0.13602535 0.6797596 0.7460588 0.42465487 0.23766334 0.6622185 0.8221955 0.00339158
-0.023888249 0.18774065 0.46353883 0.13492523 0.8000423 0.05704739 0.7733713 0.3548555 0.5576025 0.5348075 0.23442648 0.7084284 0.21271187 0.030382967 0.3373704 0.50895494 0.532235 0.77553576 0.8304011 0.6931319
0.43035582 0.77802414 0.01778788 0.28710315 0.7742979 0.18852812 0.5304616 0.7056503 -0.0944131 0.47659793 0.0010163274 0.83845645 0.33609596 0.1805903 0.23280668 0.3943516 0.27391127 0.61930174 -0.03476109 0.48234048
0.18337096 0.56444067 0.2825483 0.6023202 0.8143641 0.17922273 0.9303111 0.5877736 0.675959 0.53307605 1.0520144 0.33153132 0.8310046 0.30173683 0.75052875 0.90687394 0.98897177 0.40415874 0.14540368 0.59158087
0.83033156 0.042993847 0.18871468 0.521496 0.76500124 0.124225505 0.6785154 0.5929341 -0.019983243 0.018204842 0.7890684 0.293724 0.1994125 0.23480292 0.43541762 0.4713222 0.5784148 0.1112372 0.04732554 0.5611766
0.80038786 0.5056222 0.56517756 0.03846949 0.7049998 0.26984727 0.029116495 0.487217 0.7674719 0.09458803 -0.03502071 0.3502158 0.66664076 0.8729188 0.06678058 0.76487577 0.55648077 0.86090535 0.12692453 0.16948238
0.5618908 0.7134002 -0.108429626 0.6647898 0.120878756 0.5990021 0.12064035 0.36639133 0.011350317 0.43836987 0.6442065 0.71617025 0.16936369 0.611712 0.12612078 0.13551603 0.7497935 -0.16740496 0.15762827 0.5758095
0.9833571 0.50223655 0.37651524 0.75805044 0.69209945 0.9220759 0.86047393 0.58113444 0.13610452 0.52904403 0.40131545 0.2815179 0.4823735 0.46046445 0.20020334 0.3078379 0.8471422 1.0203704 0.1642994 0.85041064
0.60092264 0.45482022 0.4501467 0.24530934 0.7240933 0.5790445 0.77984023 0.7484357 0.31737933 0.20061444 0.42466673 1.0945257 0.38901812 0.15801203 0.4614125 0.7443206 0.77878344 0.65612686 0.8276658 0.9373482
0.46142882 0.72248554 0.45066735 0.12711528 0.9122255 0.270223 0.53816754 0.31635994 0.8076677 0.9050302 0.053134065 0.28611922 0.32452512 0.3062819 0.8245034 0.46527183 0.76492643 0.27106422 0.64349955 0.7338534
0.09575468 0.6306859 0.16552995 0.83996123 0.16067253 0.42631117 0.7331434 0.8719399 0.24635737 0.6025901 0.23546939 0.68922514 0.21961156 0.45766202 0.702098 0.86171323 0.036595847 0.50803345 0.94493836 0.5169842
0.033899155 0.5160323 0.2965963 0.17082909 0.58140385 0.10673524 0.21769297 0.18304288 0.41927156 0.6962569 0.010423677 0.5687718 0.511466 0.03033491 -0.036890946 0.6160128 0.058420006 0.43623576 0.25407407 0.25783563
0.73701805 0.84051514 0.57473564 0.7758437 0.63034636 0.64294636 0.22545417 0.57244325 0.15458849 0.22197536 0.747751 0.45568588 0.76953894 0.7297246 0.5325157 0.8412049 0.8877151 0.3339964 0.30494693 0.41134843
0.2890975 0.7249405 0.5615134 0.15191872 0.8337327 0.44647288 0.41611522 0.37496057 0.89386797 0.08041775 0.6742758 0.9332349 0.30305883 0.8081083 0.118042886 0.060591135 0.6632825 0.8298214 0.12189901 0.8118237
0.32776263 0.024976509 0.74841964 0.048945773 0.18391185 0.87399197 0.52976674 0.42124245 0.93867266 0.8960683 0.16925621 0.54466456 0.5044977 0.5188257 0.13981508 0.30757016 0.6654695 0.5402306 0.15230899 0.27001938
1.0329175 0.38283518 0.99341816 0.17497912 0.68106437 0.5639287 0.7804623 0.64645755 0.51371914 0.46101922 0.62220234 0.42655703 0.36049065 0.7923758 0.19618014 0.387239 0.34263366 0.17800675 0.90232146 0.95871466
0.19634049 0.28176194 0.80731654 0.19436935 0.44729185 0.22674036 0.42752495 0.331844 0.3046061 0.9151584 0.76496553 1.0339996 0.8511671 0.73007125 0.73309153 0.87426996 0.39674315 0.70200723 0.16542679 0.9047445
0.29915863 0.8793876 0.6325092 0.7084919 0.6265226 0.1060542 0.6559304 0.32286116 0.27372956 0.8886544 0.748983 0.9019596 0.7486849 0.025099488 0.02527643 0.73069507 0.13192426 0.7254427 0.18676698 0.48024374
0.5170618 0.006722983 0.9048262 0.6836553 0.3041216 0.3162072 0.3963398 0.12700295 0.32546157 0.77159077 0.58484554 0.07786742 0.7155454 0.47725126 0.7590422 0.24879053 0.65590364 0.55096483 0.798647 0.7891006
0.033304665 0.46758988 0.17653447 0.066477075 0.14813054 0.18470122 0.3303099 0.34698805 0.12678632 0.90928197 0.57812685 0.3826668 0.83700854 0.3006945 0.8948316 0.2774591 0.85751176 0.6693572 0.67928743 0.4443795
0.6342681 0.16916661 0.3312199 0.22877923 0.14558727 0.18958491 0.069435164 -0.13626403 0.45829213 0.2449229 0.6648236 0.09883587 0.46209216 0.5588922 0.7344578 -0.032460786 0.41746393 0.2749286 0.70426995 0.75655663
0.23486751 0.276223 0.40200505 0.11537606 0.37493756 0.2566338 0.2719842 0.31956705 0.37003905 0.68312305 -0.12042523 0.2756999 0.70798093 -0.023576492 0.2077815 -0.09926553 -0.072429106 -0.09289209 0.55082744 -0.061130457
0.23743983 0.34067902 0.8508758 0.26386434 0.0853956 0.08645712 0.6891524 0.7629288 0.39361882 0.5115528 0.09754182 0.5655626 0.016667238 0.8075082 0.13761725 0.5363964 0.50222987 0.47717842 0.3557727 0.81603754
