0.3151292 0.17000459 0.5581325 0.24485008 0.8448334 0.06001409 0.1688401 0.8652119 0.87207454 0.8554264 0.20740066 0.7940258 0.60131305 0.8864494 0.652002 0.22514002 0.8067022 0.045783907 0.41521618 0.3245306
0.86256653 0.39276338 0.9309645 0.628008 0.504256 0.5465626 1.1412635 0.786385 0.884019 1.0192505 0.2980258 0.73913175 0.8284072 0.4903815 0.23062895 0.3007743 0.35852385 0.7104801 0.352952 0.69151396
0.90902346 0.44055766 0.21652876 0.8179825 0.4799597 0.48174217 0.39624804 0.5430154 0.77191156 0.38908255 0.73970056 0.76026905 0.7130249 0.72904485 0.7428519 0.40900463 0.45678744 0.86733574 0.7855816 0.046106957
0.96308464 0.1413224 0.3563696 0.251405 0.5803461 0.45909142 0.12587097 0.13542265 0.093022205 0.64898986 0.5809626 0.36125475 0.086115636 0.7586822 0.30619162 0.5130951 0.574919 0.48320812 0.49488333 0.6383478
-0.11538106 0.3879189 -0.066056825 0.40311724 0.27087808 0.286992 0.06492416 0.40419984 0.2677283 0.6197369 0.2087734 0.36248425 -0.0060053603 0.4535129 -0.08390089 0.6324101 0.26171654 0.116481885 -0.12098891 0.14424452
0.71943766 0.7332824 0.48215663 0.8412231 0.26557902 0.7869556 0.20398232 0.8520035 0.74250853 0.7252426 0.28278026 0.40078077 0.53218865 0.7475174 0.9928181 0.9291034 0.45892417 0.31927824 0.10320203 0.22425519
0.13124932 0.46759576 0.89843297 0.6432859 0.5582515 0.21710254 0.70395905 0.90250385 0.8791204 0.47212857 0.6771759 0.8028677 0.9810477 0.88998276 0.4768918 0.5198361 0.21111391 0.25059715 0.25194654 0.8060727
0.4502364 0.15760776 0.90526366 0.4358846 0.36618462 0.81222206 0.79909056 0.63851476 0.07801147 0.94824785 0.10600554 0.4111204 0.8382353 0.28106993 0.6506799 0.93368953 0.2251085 0.7121343 0.043423854 0.45308435
0.3565808 0.38655233 0.39313424 0.61211383 0.6990349 0.67781246 0.28193796 0.08851688 0.6726588 0.16381428 0.25827664 0.24286638 0.59927166 0.2865347 0.5236688 0.36339012 0.22884896 0.11053088 0.6662329 0.9428251
0.26890016 0.89168817 0.42063397 0.63155466 0.14012969 0.4882753 0.3241452 0.6363705 0.24656786 0.5351574 0.8954436 0.7262271 0.74029905 0.34563503 0.12718958 0.24914297 0.1470305 0.005821186 0.38111398 0.4849809
0.6411777 0.2860572 0.539749 0.80590457 0.30592787 0.8470793 1.0141581 0.32318154 0.48872247 0.48560745 0.95726734 0.7310855 0.8495492 0.77558494 0.18289366 0.18990096 0.5286647 0.6288476 0.3267521 0.73372954
0.08836212 0.84567106 -0.044197045 0.27045435 0.27110615 0.29656646 0.5030863 0.5184685 0.6155444 0.71646744 0.7655254 0.0855759 0.45620474 0.27398378 0.79434174 0.58669764 0.24320126 0.27946466 0.4880196 0.7942431
0.92100054 0.7874553 0.5752066 0.33408177 0.84891504 0.073714525 0.38339177 0.9327723 0.17470609 0.037362378 0.8899288 0.8107414 0.17029928 0.9378124 0.73966336 0.85700995 0.65033996 0.4857772 0.09658141 0.6195068
0.25759754 0.39727968 0.09345137 0.26552954 0.5491515 0.28740698 0.32322004 0.79022413 0.53703177 0.0328422 0.7189384 0.7210515 0.18180306 -0.14374545 -0.057318904 0.60099894 0.54573214 -0.11437156 0.5878094 0.6853544
0.005573826 0.77040017 0.76101005 -0.0052226484 0.059424356 -0.04286453 0.31559855 0.64849347 0.5613678 0.4117858 0.8356902 0.021415597 0.851432 0.5069224 0.8134058 0.51201516 0.37997052 0.7611378 0.033617485 0.5921858
1.0363035 0.7597198 0.5934811 1.0254253 0.2798693 0.74356365 0.5713957 0.19333953 0.11750961 0.3765795 1.0387586 0.54680383 0.38668922 0.7862615 0.4624877 0.48401427 0.47327995 0.7179862 0.46653178 0.34170738
0.46359944 0.71032476 0.7606037 1.0375931 0.20897348 0.27785048 0.38300952 0.47738805 0.42506155 0.6982298 0.62804425 0.83563304 0.48349735 0.68864465 0.7024374 0.43335783 0.7454541 0.6159222 0.19918226 0.5337323
0.9859061 0.42682508 0.6232727 0.99383414 0.6316896 0.88515717 0.5823859 0.2400377 0.5287857 0.4870591 0.101757765 0.61415416 0.33157337 0.53675485 0.3356355 0.6417485 0.85872316 0.24478337 0.24460858 0.94276184
0.87520105 0.67867285 0.3932625 0.73704624 0.26643896 0.49542192 0.7820935 0.6098531 0.14453644 0.69678974 0.8172872 0.375905 0.35856932 0.9323652 0.9280644 0.14681098 1.0001515 0.3085234 0.2752638 0.5999219
0.49848378 0.66695505 0.39858994 0.5767573 -0.0066999663 0.804939 0.5089019 0.5175274 0.5049217 0.7740625 0.36445242 0.22996171 0.61509347 0.6507447 0.829732 0.0533025 0.8168994 0.21929194 0.4108742 0.7504137
0.52411574 0.085866734 0.8917052 0.86112785 0.45594448 0.22569053 0.6145231 -0.017137898 0.6406573 0.78192693 0.6459283 0.4851615 0.6253394 0.4042826 0.2502409 0.3351974 0.49813995 0.2503448 0.8801044 0.7087011
0.34744254 0.8548546 0.13949947 0.3810825 0.3226424 0.42818952 0.71637684 0.10727825 -0.074995555 0.33184075 0.0085870065 0.36825484 0.34122273 0.7330103 0.10006777 0.8010758 -0.061861362 0.302201 0.56674963 0.6981311
0.75840646 0.03395449 0.117798164 0.7522146 0.8017057 0.38894182 0.24439803 0.10158398 0.2536644 0.5598543 0.8479382 0.9261087 0.8839165 0.4970533 0.12691219 0.7783964 0.9397722 0.8099233 0.35044467 0.12106075
1.0029857 1.0329905 0.5187688 0.11960514 0.79719794 0.3815298 0.9908736 0.893539 0.9359582 0.08232436 0.29861113 0.9109295 0.7357405 1.0482274 0.10189292 0.5809951 0.34344283 0.8687152 0.22449821 0.84314984
0.31266186 0.83557594 -0.006433808 0.108624764 0.8450547 0.80370057 0.01789281 0.22936729 0.62709343 0.5652892 0.56034124 0.7479125 0.756244 0.24486484 0.024044294 0.21361203 0.87204856 0.6356576 0.1277772 0.22369072
