0.17362276 0.28355315 0.13016081 0.69926375 0.7943406 0.94746125 0.053287484 0.6374517 0.93849736 0.7069836 0.82775354 0.8540468 0.56820756 0.48232773 0.8848927 0.21294637 0.68189543 0.6801104 0.4461422 0.38245016
0.6840832 0.49332768 0.128187 0.6273049 0.2818091 0.7045339 0.25839436 0.19355825 0.3329815 0.5917696 0.6472849 0.6850805 0.7449352 0.7517132 0.77745605 0.5054257 0.2146788 0.6264052 0.4170636 0.5857459
0.12433478 0.7879654 0.39484274 0.011667266 0.13133189 0.7669172 0.89591205 -0.027912684 0.84199923 0.682545 0.3632875 0.34237823 0.7043688 0.053810336 0.80580145 0.86415 0.21088298 0.1071036 0.37431458 0.18525861
0.022645311 0.49440524 0.8063014 0.8497054 0.6976421 0.16990049 0.12126189 0.57270825 0.7143749 0.5200875 0.8233884 0.7421113 0.32573265 0.51786405 0.9487471 0.75599587 0.2561846 0.30511385 0.29296806 0.0019370988
0.08355159 0.43107036 0.39746085 0.5579887 0.36561614 0.49230704 0.44482732 1.0043552 0.5260282 0.6861405 0.2993762 0.820039 0.95968574 0.82966757 0.51053786 0.27428496 0.59804606 0.3818992 0.054717205 0.4725899
0.65264004 0.49381372 0.7900212 0.40940562 0.23207161 0.56798136 0.42695087 0.635759 0.2713974 0.8069611 0.60042953 0.2086573 0.8514371 0.21937379 0.40629283 0.8868331 0.6401537 0.61311066 0.81368726 0.8139598
0.547813 1.0297562 0.3587672 0.10449833 0.44401413 0.66263133 1.0367799 0.18341757 0.15454173 0.8113779 0.82723206 0.20635143 0.29487014 0.5373155 0.6900971 0.36585146 0.9704606 0.17706482 0.27467355 0.3162949
0.6397547 0.25607854 0.30360335 0.29831266 0.14713354 0.4864009 0.29413757 0.21646288 0.59690595 0.047934122 0.15446465 0.7367325 0.90466994 0.7872622 0.6594814 0.7464398 0.38144425 0.7078836 0.6862041 0.82933515
0.97242874 0.92545414 1.0915262 0.22068937 0.42117918 0.82104516 0.57291883 0.19257763 0.26927152 0.8214068 0.666621 0.6951821 0.7647515 0.63069326 0.24714923 0.6750242 0.41878426 0.35432032 0.8059396 1.0933474
0.59212047 0.8687138 0.27568674 0.19798842 0.14181021 0.5000079 0.17783758 0.14732587 0.8531126 0.5615626 0.64684504 -0.029488528 0.33979475 0.89841604 0.21410325 0.013897092 0.32756937 0.82588625 0.44116637 0.70517784
0.2112289 0.6041681 0.117723785 0.44658464 0.24344431 0.09578482 0.3155663 0.34166464 -0.19569616 0.573808 0.15820712 -0.067084625 -0.005420546 0.20837471 0.27627903 -0.069226116 0.3970325 0.09803019 0.61687654 0.065674506
0.5860486 0.58971566 0.34634605 0.49268612 -0.014354957 0.58228016 0.51130515 0.06393656 0.6630114 0.12641701 0.7497489 0.69517994 0.5362637 0.19238038 0.14765279 0.7676395 0.91372925 0.55094886 0.3942911 1.2236651e-05
0.54223883 0.68184614 0.66302544 0.6279227 0.40760913 0.2505109 0.7192459 0.33266288 0.37266266 0.7851423 0.7171255 0.705616 0.5719041 0.93582386 0.6720161 0.35022956 0.22171673 0.44634527 0.40652204 0.94027096
0.24122208 0.87110966 0.8458684 0.36348134 0.23373725 0.29626304 0.1053806 0.18841021 0.74785167 0.42442542 0.65586436 0.93489444 0.23205242 0.26455653 0.7981191 0.41412792 0.6997766 0.9278273 0.34728488 0.48999768
0.13794829 0.08697659 0.72288644 0.14526933 0.3384685 0.9337887 0.5088401 0.6981742 0.20655832 0.0729086 0.4882486 0.4323376 0.22193989 0.67299104 0.037366908 0.7601723 0.471856 0.36258453 0.7552329 0.5005769
0.5809819 0.6210715 0.6586816 0.6771245 0.9226874 0.6201904 0.49392307 0.23255138 0.16489579 0.037207156 0.5031297 0.6232238 0.49644494 0.2867271 0.16078284 0.4227005 0.87348247 0.7614313 0.0016763068 0.8227863
0.803346 0.24413605 0.3463195 0.76737994 0.49188974 0.41694856 0.4743292 0.6819649 0.40452164 0.85863554 1.172356 0.6672707 0.68181425 0.33319938 0.24273488 0.28363186 0.96358633 0.9453899 0.38287187 0.23747076
0.44652128 0.43396035 0.56115013 0.43065944 -0.03865908 0.61275417 -0.054727294 0.18098931 0.4557554 0.18809067 0.27327102 0.3399003 0.60951203 -0.01757502 0.6488103 -0.14064445 0.36372122 0.51937485 -0.056055594 0.16807735
0.19873548 0.14657104 0.34736174 0.6726144 0.55703455 0.9129835 0.26801184 0.8448525 0.49629244 0.7967721 0.09595937 0.11631078 0.44008994 0.6094054 0.6156064 0.885938 0.7241911 0.3697831 0.53972346 0.5478388
0.5076176 0.2105096 0.51018107 0.24201034 0.32390428 0.5270218 0.28299326 0.2593614 0.68281054 0.2723823 0.60658085 0.17096616 0.7543079 0.42569187 0.49428093 0.8113022 0.7952498 0.05793456 0.33126855 0.48608294
0.47794217 0.82304 -0.0042150463 -0.04944962 0.48180747 -0.030811708 0.36348745 0.59790355 0.83098984 0.5965794 0.7753851 0.6159381 0.6597013 0.23501799 0.043087985 0.3219503 0.38420153 0.63797027 0.02900152 0.8366973
0.39190286 0.7405522 0.96197784 0.5482999 0.74397177 0.19079378 0.37285015 0.5761663 0.17624667 0.6519322 0.31821153 0.087494485 0.124697454 0.2654242 0.98065424 0.8123358 0.8529086 0.46464884 0.5038833 0.5081129
0.29140228 0.32863203 0.7766563 0.5201242 0.42264074 0.19011123 0.41838288 0.439329 0.6101133 0.21600915 0.855285 0.38285914 1.1012836 0.748206 0.8158261 0.31267083 0.6727939 0.55112284 1.0994368 0.77314776
0.54999596 0.3224303 0.65721625 0.39228925 0.49003264 0.7254251 0.74384725 0.53002703 0.19243734 0.3860064 0.25227535 0.35019106 0.3294094 0.63395023 0.3099432 0.5082977 0.0024353426 0.6644292 0.5433597 -0.09399815
0.6238846 0.5408994 -0.04248035 0.78368515 0.6286483 0.3356995 0.50733644 -0.058877353 0.2543308 0.6720758 0.26655635 0.5973688 0.6613239 0.073474884 0.15231644 -0.05255297 0.8265482 0.25520244 0.050950088 -0.023378128
