0.9878918 0.9963694 1.0986221 0.6896287 0.4539629 0.6335788 0.9967715 1.7824599 0.7081513 0.5621456
0.98100066 0.91358787 0.76827675 0.8209844 1.1975256 0.3528976 0.7450812 1.0226583 0.8446633 -0.06274741
1.2601316 0.81387436 0.97860104 0.9960407 0.97810155 1.4562535 1.1106005 0.9418351 1.3520325 0.9318903
0.269676 0.17628895 0.06503537 0.29427987 0.22157149 0.014218481 0.17665865 0.19908442 -0.10233447 0.12495072
0.8526447 0.8565042 0.9576077 1.1740131 0.9908995 0.8077221 0.89443296 0.16331536 0.66105074 0.7444859
1.1551926 0.68249923 1.0898703 0.93652946 1.0445288 1.1587808 1.6710833 1.1389375 0.72714835 0.89336526
1.2198219 1.055575 0.99 1.2144549 0.9963156 1.1807038 1.1505629 0.9704835 0.8461237 1.2953533
0.85387224 1.056439 1.055901 1.6288824 1.0517153 1.1619955 1.182521 1.0633359 0.8081351 0.601474
0.7578782 0.4756465 1.2674073 1.0745442 0.24059105 1.4647166 1.6546035 0.908594 1.0929307 0.4879657
0.6731176 0.38789302 0.7681403 0.5141781 1.0167184 0.5620691 0.9619456 0.8379307 0.3252543 1.0676506
1.3084623 1.0647935 0.9893837 0.49799934 1.1105055 0.9973326 0.8612884 0.50898856 1.2739716 0.9316895
1.0538473 0.8085238 0.8390511 1.5312566 1.2913393 1.3125472 1.1272682 0.9686107 0.8361791 0.77441126
0.33225355 0.02533044 -0.012224742 0.34132445 0.17718138 0.43516958 0.2560642 -0.15342563 -0.009882621 0.04101992
0.96819365 0.7659307 0.82233316 0.5043436 0.82292384 0.7314076 1.6323597 1.2986312 1.0377151 1.2434019
0.72700834 0.60803664 1.0991358 0.94485265 0.8889332 0.7867065 1.0808542 1.1798286 0.5954456 0.26400107
0.31486058 0.4325337 0.70242006 1.030601 0.76064885 1.2904155 0.9152706 -0.010511037 0.67371565 1.23248
0.6762449 0.7997157 1.0458719 0.87758756 1.2232894 1.0582787 1.1480849 0.5553003 1.0534586 0.6199546
1.0440316 0.69506145 0.796119 1.1452103 0.6966864 1.3211915 1.086467 1.4575999 0.7777816 1.1009605
1.0846574 1.3361489 1.1354556 1.3873094 1.3052026 0.7673682 0.09205543 0.7795832 0.84942037 0.66912496
1.1536287 0.58879197 0.9530515 1.7788604 0.9623477 1.0837076 1.2378173 0.93314546 0.89446265 0.735774
-0.022343295 1.5334134 0.87843263 1.3233162 0.7003149 1.0363588 0.7697243 0.5015169 1.0622693 1.0040663
1.1801319 0.77193743 -0.13528058 0.8808962 0.78249884 0.932715 0.92359877 0.23973006 0.97230524 0.5727301
0.75595737 1.3444697 0.9576859 0.67926383 1.4186189 0.7504764 -0.06039024 0.5592432 0.85234654 0.76425713
1.1224468 0.9625846 0.8478151 0.97344345 1.1745245 0.85669297 0.758016 1.3844137 1.2084419 1.223953
0.9263029 1.2590103 0.89405376 1.0791385 1.0090623 1.1124133 0.81954753 0.92453367 0.42281023 1.0779831
