0.2603552 0.6484961 0.27279606 0.7342352 0.07732948 0.057164334 0.90760875 0.9794477 0.48872223 0.4296103 0.40411526 0.50762963 0.19048834 0.8192778 0.13101158 0.1583746 0.07946488 0.75471216 0.51258487 0.39091846
0.2752827 0.78232706 0.21636674 0.9665022 0.60656047 0.19024096 0.68573534 0.58637583 0.6161 0.63545185 0.24258192 0.06323371 0.41215053 0.24526729 0.7614508 0.2578424 0.097814076 0.60909706 0.8265576 0.8851988
0.22666495 0.08874463 0.7427344 0.87660563 0.46783024 0.38101128 -0.035249528 0.30979007 0.89093065 0.52844226 0.86444986 0.8730158 0.28011057 -0.016951043 0.56186646 0.40040907 0.27140585 0.34049436 0.08602097 0.53776187
0.5834078 0.60130554 0.29338348 0.5867969 0.88070685 0.27714083 0.86985713 0.32570288 0.62869245 0.2028933 0.70156276 0.2861004 0.23949948 0.89163274 0.90672535 0.8556078 0.21286587 0.080079004 0.1685047 0.3285031
0.013431067 0.013296197 0.46629593 0.6546351 0.6355428 0.28730544 0.82144123 0.3349817 -0.046183206 0.86927146 -0.03705943 0.68060803 0.5601051 0.38264114 0.32501855 -0.06665043 0.034820233 0.28126222 0.5630193 0.4020301
0.62398577 0.35873595 0.7291808 0.12445562 0.58214164 0.6690463 0.659618 0.69470507 0.22461313 0.31562763 0.6563475 0.6828207 0.7698717 0.43065193 0.17692491 0.874133 0.24134782 0.4757281 0.15577734 0.649705
0.53987014 1.0031263 1.002166 0.4144275 0.7556147 0.12164931 0.40279546 0.6083488 0.3698898 0.99492866 0.3715967 0.73089236 0.883345 0.29160476 0.13154998 0.9263794 0.5743013 0.85023475 0.462895 0.17336284
0.8184107 0.37589622 0.054951143 0.5277478 0.017612452 0.6564211 0.5973312 0.46659607 0.40019327 0.53390396 0.31635687 0.759121 0.6846207 0.5404264 0.68835765 0.6158131 0.52370346 0.8329235 0.42986813 0.031544354
0.68182975 0.7134228 0.33243743 0.53533006 0.29801857 0.95447433 0.7294741 0.98424256 0.35556588 0.48640066 0.11651867 0.96513146 0.92444336 0.407602 0.4521069 0.69848245 0.21581507 0.2873781 0.4459088 0.72971886
0.1821497 0.4677301 0.1867734 0.72184956 0.40451825 0.41217303 0.14106345 0.90434086 0.31535885 0.7718221 0.9552824 0.58037364 0.41863388 1.0516614 0.9303637 0.1476489 0.4671595 0.7300031 0.8200501 0.97107923
0.9840843 0.67259616 0.096592925 0.083228104 0.2737548 0.55634546 0.6502238 0.8233891 0.7914881 0.54812807 0.5088307 0.8822113 0.6589906 0.79219866 0.35842752 0.8351092 0.40692377 0.2850196 0.5893086 0.7711181
0.90774995 0.41505364 1.0439892 0.785348 0.42160165 0.4299624 0.5873366 0.16756293 0.32330108 0.33952206 0.9978093 0.12817611 0.21222292 0.5766054 0.20510502 0.62902504 1.0188379 0.8476541 0.46098536 0.8996094
0.16006845 0.6376508 0.8722305 0.9048791 0.59223104 0.76184267 0.59539616 0.9433369 0.26660055 0.71857864 0.073022984 0.08706972 0.13419147 0.56212384 0.9808051 0.44080612 0.3173731 0.66589254 0.8071534 0.89162457
0.27528346 0.91476625 0.88955736 0.6692375 0.7852653 0.846546 0.15200253 0.18242422 0.53150135 0.4410388 0.6513591 0.48804253 0.4617974 0.3893367 0.12291858 0.5697458 0.167987 0.48132414 0.5732083 0.51487654
0.27965036 0.4739342 0.47645894 0.78405964 0.13736743 0.16493872 0.5136388 0.697539 0.43219978 0.4994322 0.4350745 0.18904512 -0.05019175 0.31461635 0.3387718 0.15332572 0.22097896 0.59776056 0.5711788 -0.043255355
0.7264444 0.71651113 0.9476258 1.0087659 0.4264292 0.09909058 0.2035617 0.092535734 0.41323954 0.73801655 0.9040133 0.84451824 0.56449604 0.8686399 0.0670675 0.73167264 0.55017984 0.5631264 0.61649364 0.2735085
0.24300508 0.4855975 0.25201762 0.48571607 0.47755623 0.36350152 0.3503033 0.19277608 0.1678012 0.7761013 0.780417 0.12514384 0.608291 0.8805293 0.16110325 0.43135566 0.41906628 0.86543816 0.1696846 0.3414532
0.6438019 0.5034541 -0.048354607 0.09959657 -0.0114284605 0.32127056 0.7665906 0.32815275 0.79737514 0.18485636 -0.054426093 0.881823 0.75729066 -0.030165667 0.18744701 0.36088648 0.22034149 0.31350473 0.2992418 0.6156659
0.6295031 0.46513695 0.31602 0.69975364 0.9399352 0.8634634 0.51733994 0.90113807 0.07001738 0.5920784 0.8561281 0.48053536 0.41430825 0.8625928 0.5077502 0.80487025 -0.00017885974 0.46243325 0.50428575 0.61129946
0.90056646 0.8234147 0.1990738 0.50648737 0.5793061 0.9082094 0.12627481 0.25460973 0.30235866 0.6880941 0.58787245 0.6251603 0.4711726 0.8299738 0.93427795 0.768489 0.69366807 0.27517346 0.34854358 0.62223625
0.65856886 0.555153 0.3292878 0.7580415 0.7305723 0.22440451 0.69003874 0.5383194 0.1260161 0.55587727 0.7196548 0.65219057 0.48381245 0.49712032 0.6058079 0.24956523 0.44217905 0.2743481 0.7065315 0.24332446
1.0167229 1.0059739 0.09612505 0.83767307 0.15827546 0.98652774 0.36677372 0.7008487 0.31167 0.55694586 0.9408525 0.5041269 0.6449761 0.36534145 0.13552856 0.31803054 0.56949323 0.5800298 0.59534466 0.77911645
0.55645 0.27551082 0.53304595 0.37053427 0.9561357 0.40898103 0.88856405 0.14407043 0.8673826 0.9485541 0.38983798 0.8834934 0.19276772 0.5833389 0.63341475 0.98311245 0.71730536 0.9335483 0.91196173 0.59537864
0.38853747 0.2422779 0.5834416 0.30565432 0.21310155 0.5669512 0.8052428 1.0153849 0.8908075 0.81958014 0.8589854 0.8092718 0.3628339 0.4755802 0.5972244 0.37434536 0.38152626 0.66751415 0.35333815 0.89030796
0.6530299 0.3404391 0.4079115 0.7207623 0.04964477 0.524719 0.38970843 0.88655925 -0.0356432 0.33378336 0.8314254 0.8045099 0.14570071 0.4098333 0.59978575 0.1854954 0.7260292 0.35631013 0.8519834 0.84991765
