0.82283014 0.7394168 0.4455091 0.6642018 0.4227885 0.7259581 0.77045983 0.89253724 0.19373524 0.8875039 0.24774717 0.7651344 0.26094377 0.7969451 0.7635126 0.18157421 0.27182597 0.27988002 0.705326 0.537331
0.7338903 0.35522535 0.032924384 0.8784001 0.57247186 0.0076295533 0.6426688 0.7233165 0.16198961 0.48577654 0.72208613 0.64134014 0.6377707 0.07086074 0.19261403 0.17042449 0.4008657 0.79101574 0.07679394 0.3896285
0.14156222 0.7448872 0.933161 0.3651265 0.28872636 0.5685279 0.60427666 0.28472257 0.25037947 0.32036287 0.9877301 0.6386697 0.31806588 0.33891484 0.3572971 0.64023685 0.3147682 0.57658845 0.6188125 0.84814614
0.36577776 0.8402009 0.365267 0.40584317 0.97003466 0.36597344 0.029985983 0.8762052 0.9106189 0.10043175 0.712421 0.832161 0.0668554 0.38113308 0.93496555 0.15716173 0.2040852 0.13319732 0.42629343 0.972213
0.40872875 0.09820184 0.08098483 0.15679388 0.77333826 0.43143037 0.1565715 0.79023904 0.51490515 0.6058673 0.8629291 0.791486 0.3061624 0.51852363 1.0030142 0.8846051 0.9792591 0.20665675 0.87301433 0.995661
0.5030624 0.08014449 0.7004794 0.3691951 0.5156795 0.18376179 0.67166066 0.8277184 0.093983114 0.5969009 0.325548 0.58553374 0.39903513 0.84538174 0.17261195 0.8823014 0.8001456 0.15526131 0.2317609 0.8582663
0.3511912 0.72095686 0.05473548 0.9241142 0.93403023 0.10502636 0.5356503 0.7201521 0.24783587 0.23627095 0.2186178 0.57371753 0.93219554 0.8405998 0.4304621 0.9351427 0.8441595 0.4701304 0.68099236 0.83807105
0.7932891 0.949558 0.73614603 0.7236053 0.23610894 0.17626992 0.74679 0.14412932 0.2992011 0.5807002 0.7324506 0.68737596 0.28205615 0.669111 0.6436415 0.7699058 0.64141184 0.5748844 0.7106627 0.18696512
0.3698349 0.31417754 0.600152 0.49031362 1.052611 1.0572788 0.6775206 0.7951418 0.59530276 0.61054355 0.7353853 0.6853001 0.81692547 0.5451114 0.30223957 1.0474824 0.77267474 0.30598688 0.5019997 0.40780115
0.5903741 0.31424922 0.8154092 0.25944096 0.2875232 0.36971283 0.97320294 0.13994129 0.6953598 0.9239057 0.27021888 0.73927224 0.9406533 0.9144173 0.987445 0.51937276 0.5050608 0.95312 0.4422771 1.0639149
0.6871881 0.74030644 0.74187684 1.0348177 0.71663237 0.8411349 0.6031025 0.5083107 0.9429181 0.36730972 0.6359718 0.4209627 0.2075977 0.4263603 0.74086744 0.5166299 0.31416008 0.24987599 1.0381805 1.0139633
0.22522353 0.8324983 0.34834847 0.54688174 1.0143902 0.22298911 1.0378093 0.280357 0.8155818 0.19800462 0.09168319 0.5663371 0.75589246 0.8668392 0.5317262 0.62219846 0.2392773 0.45702523 0.8537026 0.86140215
0.9302928 0.4981018 0.035330523 0.42735672 0.8251153 0.5456709 0.61610025 0.06552957 0.4639479 0.08295529 0.7708733 0.17915405 0.52551275 0.18271562 0.51901025 0.87089443 0.78381866 0.37899712 0.47460923 0.79028755
0.06330024 0.09726692 0.12465455 0.2651916 0.7308001 0.26683015 0.78953534 0.61082405 0.19367741 0.73310256 0.74530464 0.07919051 0.2557331 0.32846448 0.62559247 0.9296953 0.741956 0.030668583 0.82179385 0.24097651
0.2142936 0.27426955 0.6237461 1.0911287 1.0371814 1.0084237 1.0390283 0.6019067 0.21565823 0.3279981 0.42365086 0.22867697 0.6151008 1.0270307 0.30679974 0.37297836 0.9051807 0.7557944 0.86435074 0.7564869
0.24843653 0.12788227 0.82778573 0.1987954 0.89798933 0.5291707 0.3037563 0.96219134 0.25661212 0.97080475 0.2638693 0.46052754 1.0431255 0.13191678 0.4877365 0.15786238 0.37090024 0.79040325 0.27500045 0.8303339
0.3472719 0.7092388 0.52671695 0.4431134 0.3329421 0.6271699 0.2073915 0.6716158 0.67884815 0.96015227 0.5155903 0.9495452 0.39409807 0.32528013 0.034670465 0.60922784 0.271989 0.6727619 0.72310036 0.2712068
0.3382883 0.78032184 0.24455303 0.1431368 0.73142254 0.75117576 0.7543874 0.3875398 0.4062799 0.83437186 0.24406889 0.13234517 0.2450312 0.7376528 0.62255925 0.4568444 0.20587285 0.17260328 1.0593998 0.80302215
0.26649043 0.14212945 0.6458549 0.53575194 0.4806411 0.008267873 0.63006806 0.5604945 0.4214353 -0.23502868 -0.20083973 -0.12710044 0.0875704 0.074623615 0.39117378 0.123234205 0.022508653 0.17571034 0.18572962 0.09065415
0.7371033 0.7354055 0.9274335 0.34260064 0.66696745 0.9036631 0.32226413 0.31672108 0.15131688 0.3171534 0.6875954 0.031523958 0.28695658 -0.017726034 0.42182657 0.8286312 0.6701481 0.52052575 0.35199112 0.8934437
0.8980113 0.4358249 0.38106954 0.40641513 0.777424 0.072150245 0.9541349 0.537325 0.19753543 0.24911053 0.7501538 0.3180128 0.09944767 0.38419947 0.6605181 0.29153734 0.3775584 0.47909024 0.8994217 0.9493665
0.35448566 0.23552263 0.202266 0.24607177 0.4661655 0.17317633 0.94014776 0.16684185 0.4605503 0.33040696 0.37940744 0.6338298 0.9606149 0.70336264 0.6797071 0.55395633 0.63121504 0.33437976 0.74978846 1.0467825
0.2719344 0.31657547 0.73613584 0.4833957 0.7289378 0.91032696 0.18005964 0.91661626 0.90432596 0.54162306 0.6114085 0.6938791 0.24110855 0.91173977 1.0710202 1.0011106 0.22664098 1.0094407 0.68501306 0.28754607
0.8013259 0.5408349 -0.010878318 0.41387132 0.5196929 0.24779232 0.014025927 -0.13202707 0.647214 0.29100814 0.65559 -0.100311495 -0.12608361 0.58846116 0.73072267 0.2708886 0.77629834 0.63529223 0.015286442 0.6684603
0.74322647 0.381704 0.7398643 0.7877408 0.39484486 0.08807563 0.07734964 0.5718411 0.030673936 0.82410204 0.41873133 0.40797532 0.08840636 0.8361445 0.75525033 0.15993787 0.5902861 0.10214041 0.34720442 0.26960093
