0.27274263 0.56872797 0.84925526 0.307365 0.8561235 0.27361277 0.08004023 0.44218636 0.9721531 0.358992 0.1444291 0.073014244 0.78121525 0.8213457 1.0101815 0.7172286 0.6261382 0.22006822 0.7044132 0.1628662
0.5151655 0.92444134 0.41417152 0.5291519 0.35270754 0.031088043 0.91452724 0.9869031 0.29757342 0.34571934 0.34164524 0.14508502 0.92494494 0.66515726 0.946736 0.20198068 0.69894385 0.86321306 0.75744885 0.47351906
0.70069104 0.34527823 0.3442751 0.8204687 0.5072631 0.7691483 0.82347727 0.24445455 0.16377853 0.44543713 0.13425721 0.32594272 0.21318763 0.8402385 0.74448645 0.69701034 0.7190788 0.15041178 0.2714072 0.83139575
0.7205479 0.5170614 0.18565601 0.8004229 0.3469231 0.92722607 0.62282497 0.25192025 0.33885956 0.6653588 0.59439355 0.12912588 0.68451685 1.1014405 0.16215841 0.5495713 0.72686577 0.18907885 0.39900702 0.205951
0.53478605 0.29795012 0.6434322 0.20182309 0.35250717 0.57016766 0.40693358 0.26555526 0.09492518 0.51198894 0.40867218 0.741489 0.44671267 0.6077894 0.06498526 0.3725373 0.39407542 0.63457847 0.13940011 0.9168176
0.7037626 0.83514357 0.39806587 0.48795927 0.02246811 0.06724628 0.51498204 0.8375891 0.332701 0.4509475 -3.4542347e-05 0.21314853 0.8729446 0.5994054 0.3524233 0.74574035 0.21545812 0.20801227 0.3203557 0.56401193
0.6607711 1.0085429 1.0669222 1.0005007 0.4508262 0.31509793 0.4620557 0.65358955 0.23948507 0.41297927 0.5201873 1.0500841 0.22094011 0.19519041 0.22570476 0.13296056 0.22528256 0.69125235 0.8762193 1.046225
0.26957038 0.7299846 0.32577375 0.7500758 0.12043759 0.6496863 0.8042108 0.7470361 0.25002798 0.108222194 0.1515844 -0.05056615 0.5085105 0.47760114 0.8348554 0.17513788 0.81252307 0.5739957 0.3278227 0.054649036
0.33845457 0.8239643 0.29014802 0.36331454 0.7862913 0.9159358 0.9660878 0.25721475 0.56538033 0.44714582 0.83178014 1.0688022 1.0528805 0.316113 0.24419686 0.2450588 0.1932406 0.46519804 0.4377379 0.8031823
0.68878084 0.30732736 0.3191345 0.30139935 0.94325185 0.3857944 0.26855263 0.9743578 0.41797504 0.97495157 0.38745725 1.0390459 0.9492688 0.44347146 0.20525016 0.5709424 1.0015087 0.22861178 0.42644253 0.6184091
0.26830304 0.7874083 0.936072 0.44694057 0.79784137 0.6403793 0.8220441 0.8193264 0.11981663 0.9256099 0.3929405 0.73086536 0.123124264 0.7008634 0.558507 0.5767156 0.07384458 0.52519274 0.72578233 0.72369105
0.83067155 0.9033249 0.43184954 0.5979638 0.6232299 0.5440295 0.27822834 0.20968549 0.17349559 0.938944 0.8088765 0.18642585 1.0003932 0.42330757 1.0289215 0.16965264 0.20554593 0.4176337 1.0245392 0.5445714
1.0093343 0.9765841 0.85181427 0.20715779 0.34756064 0.15589339 0.7830195 0.33111307 0.8936716 0.11489816 0.4265302 0.41640943 0.77026916 0.2924406 0.9618952 0.06868305 0.47696015 0.17660622 0.6112032 0.09748597
0.12287657 0.54003567 0.51615286 0.7047193 0.15324835 0.59927964 0.5399618 0.57702565 0.08939951 0.9298146 0.33608565 0.44697496 0.6698741 0.21006812 0.3955851 0.93424726 0.74515516 0.30677828 0.77482104 0.48615092
0.39819586 0.6285603 0.09631461 0.01685948 0.23055413 0.115935504 0.2904581 0.8055138 0.43052012 0.13850723 0.64390826 0.82716805 0.52550435 0.6085605 0.5484866 0.32635227 0.35345072 0.67915875 0.31829146 0.6443219
0.7626049 0.2311139 0.09681121 0.27412876 0.86233795 0.09173954 0.87906414 0.6515197 0.71465254 0.08360043 0.5888372 0.16424622 0.775823 0.9883041 0.15727417 0.960685 0.60789424 0.4640589 0.61142087 0.1360184
0.4584089 0.18373184 0.22397815 0.45416185 0.24176078 1.0712973 0.22760612 0.3580429 0.43583912 0.45042044 0.90871555 0.93043655 1.1249168 0.37629917 0.29431581 0.34600553 0.6365774 0.6953737 0.8801061 1.0067902
0.44971916 0.38271612 0.59718275 0.8807276 0.6657901 0.26219773 0.27206615 0.17895404 0.88512594 0.45033526 0.75153834 0.5287126 0.50247896 0.81510395 0.97744465 0.1861066 0.1542436 0.18876193 0.31438792 0.7130427
0.61734486 -0.046828885 0.4467634 0.46495345 0.037789 0.5097031 0.75850767 0.70032626 0.570176 0.17195138 0.8450592 0.23525803 0.17028181 0.12586172 0.35593256 0.8571743 0.31764865 0.21869478 0.84048265 0.5606172
0.07331277 0.58703893 0.3300058 0.69035685 0.045202833 0.8029717 0.49830264 0.6034464 0.34380236 0.5091419 0.00465693 0.28025165 -0.11154558 0.63856614 0.5885274 0.0075677196 0.7954636 0.7066526 0.83862776 0.40141955
0.27862507 0.6704035 0.47372228 0.045824625 0.35868806 0.8970211 0.8980762 0.9155365 0.4192943 0.70371556 0.01286593 0.48948926 0.1528967 0.5185234 0.88095874 0.4390583 0.26302528 0.41228738 0.72849613 0.49810162
0.5101095 0.6564071 0.99805754 0.69586563 0.45640674 0.29751182 0.18201707 0.35841775 0.85529166 0.19574489 1.0011019 0.58708316 0.26665282 0.15024899 0.22114867 0.40487945 0.8474371 0.42986166 0.42869484 0.60872084
0.6242798 0.25979885 0.2753707 0.22077689 0.37576896 0.9239441 0.3012188 0.55162466 0.9176537 0.6156379 0.8188513 0.13211699 0.2809373 0.28848562 0.19040209 0.9888094 0.14846312 0.6574274 0.8871134 0.6358016
0.44168064 0.76782686 0.6707551 0.36946276 -0.060074065 0.4701055 0.4245263 0.7605278 0.3971263 0.23362991 0.27037007 0.037008826 0.5562311 0.6073462 0.09620314 0.3799125 0.5596676 0.6765374 0.60739905 0.48342863
0.37589157 0.6441559 0.74243236 0.74458724 0.048786964 0.46378013 0.44974238 0.753021 0.44137928 0.83232516 0.8150625 0.46965393 0.42043594 0.35423106 0.43090492 0.7678637 0.85649955 -0.02699428 0.53679556 -0.029162893
