1.0890994 0.6515609 0.58804446 0.4002981 0.33852535 0.29132488 1.1654327 0.31091854 0.7125152 0.52170974 0.23766026 0.31598747 0.33779907 1.1528842 0.2450854 0.27263737 0.39887562 0.4613097 0.61544675 1.1604477
0.7348626 0.4855954 0.18251297 0.20158969 0.29237363 0.2905787 0.82956064 0.6278538 0.22992003 0.8424915 0.38310575 0.56323934 0.6792774 0.19761392 0.12151736 0.7438471 0.08995213 0.6061734 0.5390857 0.2419604
0.2065471 -0.012699462 0.30185702 0.60165197 0.362107 0.033135973 0.37481 0.025176963 0.65251315 0.6887714 0.5362598 0.12100777 0.55432564 0.5443227 0.10878951 0.8314093 0.4012631 0.048085246 0.45701844 0.22819944
0.49794978 0.29554775 0.6492 0.523406 0.7560307 0.27217442 0.30250335 0.8272653 0.74936324 0.4978281 0.03792039 0.12634164 0.7434163 0.7521084 0.89526844 0.44960496 0.51504767 0.19547431 0.7148646 0.18417512
0.65190905 0.17537694 0.8228 0.55844206 0.17244399 0.51275223 0.8495382 0.11378758 0.33326414 0.66571105 0.7294191 0.3762245 0.78658617 0.7006635 0.24107239 0.84368217 0.7864927 0.603461 -0.026385905 0.077341445
0.6428465 0.3689888 0.5148875 0.50178707 0.6026261 0.13742082 0.7720932 0.970865 0.6296846 0.11126843 0.6268406 0.8200977 0.41192982 0.10452617 0.92447996 0.64493906 0.43507582 0.7531989 0.6039483 0.78198147
0.7160727 0.1609775 0.8875205 0.6533403 0.62610227 0.28918383 0.30657044 0.60303175 0.09645381 0.6413624 0.8866326 0.9251725 0.16791256 0.60024923 0.24386662 0.62307906 0.5876958 0.545865 0.22996953 0.23458831
0.37948802 0.6456542 0.2619898 0.9435866 0.5675027 0.9859331 1.0896363 0.24019189 0.5339332 0.52089685 0.19050045 0.5438476 0.98379594 0.552162 0.7963282 0.45846173 0.5954722 0.4946224 0.54621893 0.18559276
0.28536105 0.61043704 0.6453884 0.66917 0.7823566 0.13039732 0.27937937 -0.06100928 0.08787176 0.008293452 0.67091197 0.73050654 0.38776493 0.5421014 0.3157367 -0.08122366 0.430507 0.24751188 0.76534736 -0.04780704
0.23882954 0.13094129 0.7259172 0.8806471 0.4041047 0.80928403 0.58175653 0.5675545 0.15752171 0.20191072 0.91367745 1.0142056 0.8198875 0.91963786 0.6383867 0.908358 0.1357513 0.2810117 0.9993201 0.13676523
0.3326411 0.09256218 0.37338972 0.49508178 0.3168676 0.47463468 0.6764048 0.32508272 0.7415648 0.66088414 0.9788743 0.15153773 0.7953826 0.30978853 0.72174555 0.10512717 0.7043058 0.67609155 0.4778147 0.57644606
0.3196446 0.87828714 0.2405399 0.7928086 0.62480825 0.8762959 0.40984875 0.61751574 0.94469774 0.20977971 0.7490466 0.14614373 0.28558198 0.23267546 0.6786838 0.7916389 1.0240953 0.6426802 0.26056898 0.7457975
0.6800966 0.26519486 0.80582803 0.22800477 0.20638244 0.5117959 0.35697907 -0.036538202 0.019221006 0.4462764 0.64652944 0.73328215 0.26126757 0.16324864 0.63192314 0.5863432 0.8582815 0.023202773 0.63370156 0.6608896
-0.026878629 0.32952112 0.68152446 0.5319094 0.5886142 0.35144818 0.0013945592 0.6234273 0.83795 0.68548006 0.8703134 0.1820852 0.22394122 0.3919478 0.03956062 0.6224502 0.8061384 0.5035769 0.39383397 -0.0032099562
0.6842421 0.20711285 0.1714804 -0.010027683 0.21298449 0.6738269 0.11579953 0.67585254 0.7967627 0.6143441 0.84803283 0.08226538 0.5412033 0.6201931 0.017703172 -0.052904624 0.8222509 0.36760962 0.06836471 -0.082761325
0.031025138 0.12531643 0.5920718 0.7672872 0.8537128 0.635171 0.07625993 0.42605513 0.9196141 0.19612555 0.5394306 0.41706833 0.5889745 0.8422278 0.8741731 0.22114068 0.84177655 0.47031516 0.68834066 0.10061916
0.75406194 1.043633 0.76149315 0.6163021 0.8580618 0.6644708 0.15634397 0.38016146 0.5679755 0.27443606 0.54237705 0.6273478 0.8283128 0.13842487 0.081710584 0.686474 0.3517504 0.6573395 0.5476014 0.93145865
0.4876646 0.4927765 0.41712812 0.5188759 0.65601647 0.7154492 0.8444669 0.9130803 0.5633454 0.58902323 0.53390425 0.9993374 0.07468718 0.21910451 0.22298631 0.76256996 0.22544742 0.1200029 0.3841194 0.4355451
0.70247185 0.26565734 0.51533645 0.6464191 0.7604159 0.5653977 0.6741768 0.04122012 0.94015586 0.51667416 0.38357824 0.0031801867 0.76831895 0.9002089 0.76834524 0.622001 0.7099951 0.668777 0.93001884 0.071756594
0.5401351 0.5368666 0.6625319 0.15525702 0.87582 0.31855288 0.36204523 0.27458087 0.74059546 0.18191321 0.1890675 0.617828 0.4689383 0.8601402 0.777025 0.30193225 0.21751371 0.80399406 1.0053227 0.23775348
0.36790392 0.2248543 0.5756055 0.9789233 0.6353081 0.6958532 0.5436985 0.6595152 0.55944973 0.36823612 0.3640401 0.9182747 0.7375398 0.1651029 1.0044564 0.49694502 0.96407664 0.86419064 0.6343351 0.97172993
0.5870063 0.0751685 0.76812035 0.42828894 0.41277802 -0.021253211 0.47529137 0.20925994 0.42511907 0.45701584 0.32676813 0.72481865 0.63865733 0.5405691 0.316039 0.40694517 0.103436284 0.8099535 0.4508769 0.4484486
0.20203602 0.49248192 0.66343313 0.6283261 0.8452199 0.6082596 0.6523808 0.72281736 0.33861417 0.15133396 0.88475317 0.71591085 0.7652965 0.8437966 0.21237752 0.5876577 0.40723658 0.46509764 0.9244434 0.42188975
0.14096439 0.65210325 0.73995245 0.62929076 0.60401064 0.38189545 0.90961486 0.77895385 0.60758126 0.7844845 0.31113264 -0.0016297402 0.26629972 0.55128235 0.6410765 0.70824003 0.15973736 0.6288712 0.049519345 0.6582152
0.7288288 0.3921997 0.5206514 0.6679435 0.3688685 0.36784503 0.598658 0.6808449 0.65861535 0.3359565 0.33688128 0.47495124 0.3429625 0.27511686 0.75297296 0.7585752 1.1330286 0.36032885 0.43632302 1.0545104
