0.22922185 0.3131827 0.3028087 0.77799034 0.7944244 0.24655598 0.53542966 0.70329815 0.8902685 0.67784864 0.41559047 0.3468916 0.17231771 0.8433995 0.55728567 0.20030747 0.20083803 0.46420273 0.76857346 0.49671617
0.24877463 0.735367 0.87578547 0.5838978 0.37225908 0.63410956 0.15610324 0.82393 0.26266658 0.7657628 0.7281424 0.051429227 0.5112795 0.15461226 -0.042548448 0.5503042 0.09224333 0.15995511 0.7495607 0.2673039
0.5851103 0.9082622 0.058349397 0.20039238 0.5687924 0.48429462 0.90605825 0.4819777 0.8606204 0.18946232 0.3184713 0.46042082 0.5835628 -0.026770944 0.19436455 0.08807783 0.59875876 0.45602605 0.32450372 0.36825824
0.25403926 0.6528124 0.6500126 0.25454453 0.79856193 0.4555874 0.6652312 0.3932331 0.84975725 0.33613372 0.6374716 0.5825064 0.4565991 0.5075033 0.1398584 0.8993606 0.87621427 0.37730125 0.4731421 1.0487888
0.66494584 0.31387323 -0.0033975376 0.24166429 0.4485653 0.5205537 0.2943211 0.1647648 0.30955315 0.5812774 0.19505522 -0.06990113 0.51821566 0.8093797 0.60404116 0.5828029 0.5107861 -0.08867333 0.09141508 0.53555477
-0.09842695 0.670721 0.6650644 0.22921641 0.15348299 -0.13532613 0.30741882 0.45384178 0.3236899 0.07742891 0.57854974 0.6568325 0.37594363 0.13386057 0.63132554 0.36893386 0.65229905 0.5389699 -0.13348265 0.6014701
0.26570624 0.2984643 0.50047433 0.6248726 0.7151125 0.3875716 0.21996012 0.5679073 0.69732696 0.35525274 0.79157263 0.42376253 0.54250854 0.2968247 0.9516871 0.9446992 0.16638733 0.5692432 0.39586425 0.3933086
0.10018732 0.12491089 0.28366256 0.68830067 0.9932647 0.20668347 0.25507274 0.3559158 0.10935608 0.09320803 0.6853091 0.09926481 0.26975268 1.0080495 0.54937345 0.3850495 0.7289139 0.5342231 0.50085366 0.69657105
0.86371964 0.46017593 0.36206532 0.5617292 0.68736774 0.82217216 0.41780394 0.32378033 0.9601284 0.7492818 0.2009269 0.18246703 0.6236588 0.95937836 0.8584167 0.31204873 0.5131281 0.16621563 0.28484792 0.9486819
0.39773512 0.4138326 0.2641611 0.15118799 0.7351484 0.3523467 0.6195134 0.8467811 0.060649004 0.7461509 0.4379243 0.4707676 0.76181334 0.5827216 0.0104180565 0.842848 -0.008513072 0.8139251 0.9059417 0.85488224
0.34534463 0.12622468 0.7977819 0.34993854 0.26777786 1.0446199 0.64627105 0.80822295 0.95690566 0.7492474 0.7472528 0.11673936 0.52092576 0.2691221 0.6148455 0.228597 0.9130694 1.0075514 0.61814815 0.34500992
0.5594146 0.61886847 0.7337991 0.9499472 0.7722257 0.20098032 0.6806036 0.6919025 0.34137818 0.9438049 0.15612377 0.7634008 0.1417148 0.20649178 0.03531228 0.40373614 0.15436333 0.91516906 0.5534245 0.4508992
0.005247919 0.3498256 0.7116133 0.027455235 0.5994806 0.73925626 0.6177331 0.44233376 0.5076113 0.49497584 0.89814764 0.11575984 0.24238569 0.63809836 0.8233548 0.5931633 0.41083091 0.5898286 0.56363845 0.58580214
0.8252054 0.405589 0.27459228 -0.07422113 0.61174786 0.18460926 0.23610532 0.8462171 0.4515395 0.15852325 0.85724306 0.32199398 0.74787825 0.02003187 0.6986128 0.07970555 0.5850095 0.7965063 0.016205277 0.77741164
0.43745694 0.7894338 -0.006495971 0.33585823 0.5978803 0.4135942 0.32884988 0.946371 0.69851196 0.68258774 0.8517989 0.45123902 0.0635582 0.80599624 0.8059958 0.2684208 0.89323705 0.26268077 0.45210874 0.17133547
0.40096936 0.627581 0.60945016 0.54747564 0.09599924 -0.08447475 0.38780603 0.53942484 0.4143822 0.46407288 -0.109940484 0.739586 0.54457957 0.65077126 0.037856087 0.45243904 0.76646113 0.7718624 0.63592166 0.2822735
0.07870982 0.38610926 0.16561466 0.693955 0.7725013 0.30291176 0.45244318 0.2394374 0.6946762 0.3649263 0.31797004 0.8329776 0.052867632 0.7292646 0.48817936 0.75098836 0.3584781 0.88630503 0.614859 0.76741564
0.74446744 0.84599215 0.35342127 0.41603717 0.770513 0.33719066 0.5243096 0.15795664 0.25718677 0.12692547 0.5285546 0.14140697 0.98281115 0.28213224 0.73587114 0.60521907 1.0252348 0.2893924 0.4368926 0.54590744
0.58370495 0.31124124 0.15694606 0.29003918 0.2949591 0.18892103 0.7541257 0.4393624 0.40332118 0.84334135 1.0256187 0.31688973 0.96719474 0.35182214 0.10657629 1.0232558 0.75622326 0.118434355 0.5877962 0.44405022
0.94712913 0.25483134 0.25943106 0.44157878 0.64045316 0.44782275 0.30833685 0.8877721 0.31807524 0.7065706 0.48947695 0.69619024 0.42805108 0.15101302 0.12930298 0.70069456 0.7112986 0.6255098 0.13371663 0.60424787
0.011204495 0.5329862 0.8258981 0.44256642 0.7279504 0.02945666 0.0008081338 0.6686244 0.30449754 0.017761128 0.9095548 0.60439533 0.7699032 0.64411825 0.44992164 0.7781027 0.25129154 0.8155702 0.9365981 0.5225377
0.86416906 0.7743469 0.83167267 0.8192234 0.7065638 0.4111248 0.54376316 0.49729082 0.052264713 0.82129484 0.20277002 0.51077634 0.2816918 0.043331753 0.053633437 0.2489611 0.05227316 0.013420273 0.47984824 0.5627472
0.21161461 0.07760414 0.6135821 0.09389214 0.8924683 0.6156639 0.52393687 0.16984087 0.37727168 0.5911648 0.6850662 0.37196293 0.68825996 0.9688288 0.28314963 0.6984003 0.5161059 0.28646016 0.435432 0.9265362
0.06118286 0.4189371 0.73112756 0.7365303 0.5960656 0.33063957 0.57197285 0.7867286 -0.08455942 0.51768976 0.6080749 0.34524593 0.49089304 0.5317381 0.33172762 0.6137537 0.8103078 0.63244563 0.38016495 0.692207
0.35782537 0.63995725 0.82410294 0.5580929 0.417404 0.8376954 0.704071 0.07155278 0.114694186 0.18926866 0.72487223 0.48260006 0.71003985 0.16953608 0.35258305 0.07562209 0.5183164 1.0081923 0.57369864 0.7340943
