0.8504444 0.294513 0.4463955 0.8903252 0.23575467 0.6128023 0.62989986 0.74224395 0.21899402 0.39767346 0.0077199712 0.5499106 0.08221648 0.7206298 -0.054635715 0.4649717 0.56314325 0.63133496 0.7917217 0.8450841
0.8127663 0.5563148 0.06307208 0.5771541 0.7158691 0.67207414 -0.07343924 0.73268104 0.5812366 0.7799256 0.5559513 -0.033733815 0.65611845 0.6913857 0.18883638 -0.009363099 0.21598178 -0.07778061 0.40193984 0.4034849
0.64659077 0.9106932 0.878526 0.47497925 0.30379036 0.44616875 0.29880047 0.80956453 0.0971815 0.7349844 0.7631602 0.84553516 0.8661857 0.25439602 0.6616644 0.061015807 0.29379702 0.86570054 0.8971343 0.2002902
0.4900329 1.0579201 0.8933549 0.2157929 0.26969156 0.4897809 0.55791605 1.0290705 0.7836594 0.69622344 1.1290092 0.29940176 0.30612946 0.35154605 0.5310951 0.3755435 0.5369459 0.56116277 0.64187485 0.43653914
0.14679629 0.2268168 0.50945526 0.675172 0.90520215 0.86756164 0.4704846 0.6466204 0.86393267 0.12898386 0.5234542 0.2480902 0.21891527 0.2672847 0.3606412 0.83926785 0.30794117 0.334707 0.44492528 0.922637
1.0627538 0.60282815 1.1120094 0.7300041 0.502851 0.52628 0.63126534 0.5467237 0.5008368 0.5442786 0.30077714 1.0098559 0.24633738 0.32500568 0.6286517 0.4038165 0.89457536 0.8752183 1.0954933 0.30856872
0.6252489 0.24441428 0.49986362 0.3667265 0.4948793 0.5825015 0.38006896 0.226644 0.9276753 0.6025349 0.98176146 0.25294605 0.9675036 0.34666947 0.24054055 0.49601915 0.5285422 0.2552659 0.43398514 0.74386823
0.642956 0.76595724 0.17113219 0.517322 0.87537223 0.40252858 0.18966766 0.83257526 0.35054457 0.13745016 0.5846598 0.5429445 0.13999109 0.71373606 0.94917715 0.18175131 0.6169824 0.07485547 0.6867393 0.8082471
0.37392783 0.91686755 1.0054523 0.29582372 0.14318213 0.20098856 0.75131667 0.5462276 0.39781666 0.7269544 0.9972436 0.3830711 0.14335893 0.92132676 0.8965456 0.7909033 0.80046403 0.5703459 0.36139026 0.13450061
0.12480537 0.18249631 0.0918189 0.17105433 0.30510354 0.35429558 0.61063194 0.38298872 0.72667855 0.47922117 0.87303686 0.33298686 0.6329869 0.22563452 1.0142027 0.09264934 0.35299137 0.800507 0.16235809 0.7788251
0.19838618 0.39841524 0.9621488 0.3437162 0.9098961 0.7519367 0.4112438 0.9583248 0.09646673 0.2795751 0.80590194 1.0449096 0.18267435 0.41248965 0.6587478 0.8726854 0.8679581 0.63019603 0.092944704 0.5437414
0.20953432 0.22217567 0.83524543 0.59124035 1.0821955 0.5603386 0.17038675 0.58925104 1.0439155 0.92839354 0.26808158 0.5610664 0.22095612 0.91409147 0.16336653 0.96822226 0.7152855 0.8978756 0.13957614 0.54767567
0.3127236 0.92324656 0.78968453 0.58925843 0.88856435 0.3756706 0.5009927 0.10834375 0.17703548 0.84833205 1.0201632 0.11595748 0.3915467 0.9250578 0.87833667 0.07928433 0.9721031 0.3420075 0.77201825 0.588797
0.66929305 0.16616628 0.8698691 0.07788037 0.35719463 0.44319126 0.6535615 0.7252463 0.30338338 0.09969248 0.87783116 0.89382106 0.17635748 0.48697758 0.34296107 0.69988006 0.74640614 0.069065705 0.7524843 0.50710803
0.08744223 0.67828643 0.08294166 0.5610516 0.38587052 0.9762027 0.4904101 0.8684172 0.20115061 0.3144306 0.50109243 0.31311417 0.9270495 0.5082036 0.31217092 0.7084633 0.25051922 0.9922041 0.08896501 0.8567344
1.1711875 0.259513 0.659494 0.56293344 0.5337841 0.4977681 0.8470656 0.548979 0.841361 0.45511648 0.6800635 0.40065068 0.32922822 0.97442293 0.83167756 0.54693604 0.49837604 0.7364262 0.23774573 1.1284417
0.81393677 1.0733203 0.6117706 0.48444897 0.6298129 0.37895337 0.49660626 0.64609313 1.0135483 0.21124524 0.2640974 0.6752309 0.23757543 0.47754103 0.87350404 0.35216093 1.01766 0.3811385 0.14329337 0.6639046
0.7877102 0.70789474 0.5592286 0.6150305 0.7886376 0.1427779 0.909184 0.6156564 0.5888863 0.7250259 0.5945896 0.2566682 0.75318956 0.10539763 0.107142195 0.48236072 0.6412594 0.47688445 1.0221826 0.65523237
0.24682596 0.11072222 0.62442684 0.63632804 0.8042123 0.78652996 0.06615439 0.70678884 0.81865907 0.254708 -0.042742856 0.20734957 0.80840355 0.5821334 -0.026125101 0.53511184 0.2322852 0.004284175 0.7598125 0.47632083
0.2823585 0.75125927 0.65319264 1.0058149 0.5853842 0.37764332 0.84249943 1.1075124 0.26471844 0.4371989 0.9805807 0.5101047 1.1125631 0.52449006 0.6086291 0.7707949 0.56421983 0.57483125 0.7042355 0.32416064
0.28665859 -0.06822187 -0.018928539 0.39259547 0.41997674 0.60743797 0.11054873 -0.15839191 -0.012547979 0.60544467 -0.03244136 0.6488033 0.7136128 -0.078428484 0.38074335 0.7813211 0.63279116 0.27965894 0.18762968 0.15253784
0.19611415 0.24452192 0.5909949 0.50955236 0.530458 0.8140945 0.9791331 0.589147 0.33608198 0.30834016 0.9748554 0.76627874 0.3618953 0.6673977 0.09421834 0.29670632 0.16791466 0.59417045 0.93091744 0.35047546
0.7418197 0.65374744 0.41280723 0.8506024 0.59931064 0.9053002 0.13101804 0.28885254 0.33847132 0.064300776 0.33199418 0.7114338 0.47453955 0.4129714 0.40083662 0.66219854 0.52721053 0.84822065 0.42960593 0.25113606
0.43696716 0.55751103 0.7606409 0.5378253 0.17715587 0.31773236 0.7176435 0.3433272 0.96837926 0.7493758 0.9709094 0.3535533 1.0033884 0.1444966 0.7550714 0.84661335 0.9786025 0.3949022 0.94813275 0.7636047
0.4481835 0.8110353 -0.04884071 -0.07414499 0.8430527 0.046509292 0.5103287 0.13320725 0.28270516 0.52885294 0.8325742 0.18813519 0.098639295 0.5211086 0.25262713 0.6181306 0.85886604 0.64591926 0.84921163 0.1630987
