0.9975305 0.40695304 0.7566327 0.8252594 0.8638278 0.2739569 0.94767624 0.3664637 0.4095219 1.0641887 0.3934159 0.15157358 0.8247981 0.9544474 0.86963946 0.81707597 0.357138 0.57286423 0.6169362 0.26197287
0.6139881 0.7800999 0.042653263 0.15717284 0.5818904 0.7337175 0.5458277 0.022984354 0.442602 0.5161855 0.93025994 0.0015155437 0.20142935 0.32051054 0.69093084 0.061632104 0.36689407 0.79009885 0.4507744 0.33235165
0.49663177 0.8374535 0.56121755 0.17814212 -0.041508183 0.04441952 0.6593221 0.5979127 0.0077048773 0.66623753 0.7141075 0.5582488 0.77656025 -0.061931513 0.7409857 0.69724536 0.15014505 0.3654879 0.449617 0.43291122
0.32544538 0.7713166 0.35504287 0.4333423 0.40039366 0.0044022994 0.6779279 0.2421935 0.17863491 0.2049637 0.40208077 0.63325465 0.62236357 0.48557538 0.24086726 0.85617644 -0.00232879 0.14977932 0.91588813 0.68522185
0.17850938 0.20465635 0.91271067 0.13011765 0.7913938 0.70735234 0.16256349 0.82413286 0.61126965 0.9703347 0.7336197 0.5109459 0.44994277 0.61599326 0.27141804 0.4207153 0.7749457 0.83627105 0.34292406 0.95604444
0.7195548 0.80241543 0.72666454 0.47299471 0.2300519 0.8674109 0.51764214 0.32498923 -0.019391956 0.06956325 0.8361932 0.67399526 0.20899604 0.24241768 0.60904586 0.041160744 0.42994335 0.5399797 0.1290679 0.42194876
0.13568245 0.5723904 0.6494452 0.72769505 0.34524634 0.52854836 0.4556071 0.7056997 0.15909523 0.27808112 0.7006299 0.47614613 0.2321674 0.20285897 1.0705097 0.3850796 0.5755392 0.6385785 0.38464028 0.9326923
0.33445328 1.1185211 0.68739235 0.218858 0.26386175 0.7728661 0.477248 0.30934972 0.8536554 0.3587673 0.20518376 0.6736801 0.5912521 0.976113 0.83198583 0.4761683 0.417333 0.25664064 0.59448946 0.997748
0.24351658 0.9204347 0.72200125 0.5808806 0.23905243 0.21867631 0.71080315 1.0950171 0.23288877 0.9665973 0.5092424 0.5215594 0.2586181 0.38180414 0.8825487 0.1993799 0.81797934 1.0971347 0.58368456 0.16295019
0.33366492 0.2845416 0.6099974 0.55007106 0.3857169 0.9034168 0.69035864 0.87113893 0.45564675 0.44899425 0.77602726 0.7011294 0.31835544 0.55560315 0.021172887 0.4396999 0.16760612 0.6634262 0.90825814 0.1991873
0.51132447 0.27628055 0.7801496 0.33689743 0.5957993 0.76863295 0.276717 0.27063006 0.042312544 -0.045474943 -0.030481441 0.6413441 0.3781374 0.5679786 0.5725046 -0.01023767 0.23733462 0.26797128 0.51056314 0.2622512
1.0016825 0.10116951 0.28171173 0.8394661 0.47580606 0.07773091 0.5452193 0.8796087 0.41506353 1.0010096 0.73750377 0.28062925 0.8419925 0.97491676 0.21743374 0.7960382 0.62266845 0.15041992 0.60183984 0.5084352
0.5618555 0.41303974 0.8238362 0.5698144 0.51716065 0.7081324 0.33775893 0.474933 1.0940273 0.7397425 0.7313267 1.1210527 0.80575335 0.80806106 0.6707749 0.42079458 0.51013315 0.5025977 0.26222724 0.6796606
0.71470165 0.70508605 0.69413143 0.6873453 0.7597386 0.7362388 0.44564572 0.8030923 -0.083140105 0.6888315 0.48178095 0.71192074 0.8332346 0.4395074 0.2117178 0.3523991 0.1807367 0.2657482 0.15353416 0.17254907
0.522524 0.6591241 0.7498425 0.17852202 0.33893713 0.36576846 0.60871947 0.40961128 0.92812747 0.18779494 0.539402 0.80830973 0.89884466 0.7897426 0.41336498 0.2854589 0.8207646 0.51190287 0.1269133 0.12276788
0.32570493 0.7467929 0.8977126 0.5949674 0.7347856 0.39370084 0.09204941 0.36459672 0.91499335 0.6997974 0.5185387 0.025303788 0.19217947 0.1476141 0.2835989 0.80876505 0.5672668 0.9179618 0.113365605 0.74448574
0.57795745 0.7738383 0.3477093 0.8500159 0.6271141 0.4276294 0.21028061 0.8065337 0.9357488 1.0014014 0.5699845 0.9401261 0.393537 0.86440676 0.37806806 0.20044395 0.95939547 0.83327883 0.14755444 0.8263775
0.27312493 0.027605886 0.31588423 0.72428393 0.2577116 0.35678104 0.100490436 0.24924119 0.38530704 0.073797435 0.6121746 -0.029323589 0.7546576 0.51338214 -0.10968569 0.4834462 0.4117574 0.50036126 0.6767824 0.7096631
0.43454912 0.82096297 0.24084918 0.8786514 0.36490455 0.1400075 0.57697505 0.4367965 0.73309106 0.099756666 0.75477743 0.03294096 -0.0057027545 0.7738196 0.71670115 0.14084055 0.68010616 0.55852276 0.32306847 0.12829977
0.1784228 0.095966384 0.94273776 0.593376 0.77308077 0.28044492 0.088571295 0.398129 0.13294272 0.8153506 0.92118824 0.53470737 0.30573317 0.15778555 0.27056402 0.84667134 0.4683457 0.34597003 0.044382203 0.48117945
0.12954293 0.6421 0.70162463 0.8557504 0.3408645 -0.015783276 0.86551416 0.60566884 0.62971693 0.38970685 0.59164864 0.15694933 0.22108467 0.52545077 0.4167639 0.38210505 -0.0035236697 0.6684946 -0.0139985345 0.77004504
0.5181557 0.65929776 0.3281822 0.7235812 0.45171997 0.43166155 0.2500834 0.59993356 0.85993665 0.136961 0.4257214 0.8684887 0.5512632 0.7727589 0.34880158 0.9421514 0.776496 0.6049745 0.99498343 0.21548319
0.7961125 0.8061842 -0.07503471 -0.010321783 0.41176215 0.19234402 0.40158743 -0.00167209 0.82296264 0.4873604 0.6601198 0.35870254 0.20123571 0.7064514 0.7614814 0.29376224 0.56302375 0.103961356 0.4915481 0.60534114
0.5621262 0.92244095 0.5096057 0.16703923 0.9008644 0.84646547 0.5062681 0.93807024 0.65262955 0.30426475 0.51195425 0.39084116 0.0062313043 0.4130144 0.6509211 0.47032377 0.658339 0.007293012 0.24237454 0.3674363
0.7222153 0.084114045 0.029251559 0.40459606 0.59837466 -0.02381384 0.34235728 0.41735178 0.7527133 0.26058456 0.24412248 0.7401773 0.20394322 0.47899225 0.42378446 0.3568771 0.5772075 0.1832846 -0.03304755 0.7196774
