0.15756792 0.58674175 0.63425183 0.22620863 0.33698305 0.09618973 0.2821767 0.19927655 0.5238364 0.47420073 0.40159678 0.03172899 0.6913077 0.4343017 0.044697654 0.15074006 0.605642 0.8511371 0.87077916 0.8913666
0.37897527 0.9299793 0.73425496 0.44677043 0.04125833 0.86742026 0.60551673 0.566336 0.14450127 0.99109685 0.79157835 0.12680271 0.5456029 0.8775623 0.17491966 0.90740323 0.9200821 0.10833704 0.4342272 0.8639361
0.5198093 0.90729547 0.38079804 0.3743339 0.7227668 0.11879193 0.8983544 0.22209753 0.004896736 0.18797304 0.025768066 0.43809673 0.5409877 0.91738594 0.43732628 0.8982378 0.64315885 0.50524116 0.2694136 0.87203807
0.6421198 0.80915165 0.2116408 0.78225243 0.8331635 0.19572517 0.3627052 0.1847962 0.6731945 0.1900708 0.60212505 0.24294816 0.36786646 0.5854853 0.29222995 0.90670455 0.79863703 0.50899094 0.2949937 0.7069272
0.9244086 0.4045827 0.53606695 0.93532693 0.50945556 0.37162098 0.9305159 0.44215783 0.5051844 0.19026025 0.5195343 0.5532696 0.7475966 0.5625166 0.42713022 0.5435779 1.0004009 0.26321226 0.41650495 0.6696796
0.2126922 0.77992135 0.79688466 0.577824 0.0245827 0.06461801 0.082562126 0.4968311 0.7411053 0.6128585 0.5126016 0.2570394 0.4228965 0.38780457 0.5211747 0.88640404 0.36043438 0.7227413 0.70047694 0.89941007
0.28712702 0.53123593 0.26243654 0.07333221 0.43042392 0.69346243 0.19137125 0.7889709 0.33757386 0.013399605 0.37478745 0.9538297 0.35824642 0.37142375 0.7558312 0.30645254 0.43780452 0.46458796 0.44471797 0.57919425
1.0138901 0.45805907 0.48793137 0.8744975 0.52860796 0.5962712 0.15859656 0.31086677 0.7345742 0.24680287 0.6053555 0.9365657 0.6416573 0.905667 0.34721497 0.1407316 0.84335065 0.3006247 0.71525365 0.5791352
0.45096597 0.03704065 0.14703175 0.86106867 0.3274282 0.31745666 0.097991526 0.8132336 0.8391051 0.48359185 0.7988217 0.7767763 0.2812499 0.49935067 0.6092312 0.18325198 0.69129556 0.8315126 0.64948595 0.4478664
0.21891999 0.3133741 0.72015184 0.8695023 0.5142549 0.24390444 0.6762947 0.85057795 0.7529116 0.70034134 0.25993326 0.46670207 0.029426638 0.8086941 0.33464068 0.16032651 0.3459658 0.35407838 0.68944496 0.74813753
0.4828045 0.13420512 0.82348925 0.35048154 0.10489036 0.08770132 0.63884413 0.89786446 0.4361294 0.6616119 0.17317648 0.01659991 0.6769903 0.28585404 0.9843899 0.28552198 0.9251747 0.21123536 0.21295793 0.34884125
0.36962175 0.66535914 0.04788651 -0.010646672 0.10956068 0.18003853 0.2491918 0.59780335 0.07642362 0.462365 0.66521466 0.40703848 0.1392585 0.32612818 0.36773002 0.8505106 0.113770336 0.8900179 0.2978483 0.30412227
1.0705016 0.30410603 0.8884084 0.30992615 0.41903904 0.44765007 0.40442502 0.371768 0.2842407 0.59370214 0.32356694 0.7580115 0.43783006 0.7429621 0.5471056 1.136744 0.5362473 1.1504406 0.32866263 0.32971266
0.22844104 0.11682097 -0.020994874 0.36718962 0.5842889 -0.066956066 0.71161383 -0.036226045 -0.017422106 0.7999609 0.7435539 0.19583282 0.5623728 0.61282516 0.70139575 0.7328867 0.6366682 0.8727528 0.81742597 -0.015600879
0.2798505 0.7256228 0.015953144 -0.101811916 0.7836569 0.7148017 0.29204458 0.29018337 -0.08878082 0.4763589 0.3254373 0.61305565 -0.056468185 0.38883945 0.24279664 -0.073263295 0.794329 0.79456836 0.59264714 0.36260283
0.7504208 -0.008092347 0.49044594 0.5337953 0.26734108 0.33909386 -0.099288 0.25146842 0.7561589 0.82987046 -0.084260866 0.22199446 0.690338 0.70343024 0.6016378 0.66363204 0.82578605 0.21795787 0.75601274 0.088093095
0.12377606 0.6363318 0.45136976 0.3599603 0.44628936 0.99752927 0.9195426 0.5277144 0.5635895 0.50832075 0.47671115 0.59770375 0.6355919 0.7922815 0.5760503 0.7368421 0.80137104 0.3143187 0.73989934 0.2700578
0.3035139 0.25041035 0.09115817 0.61649996 0.23506169 0.111450315 0.3627188 0.7313818 0.7692045 0.13350609 0.6864538 0.27747053 0.41021347 0.5142317 0.0803901 0.35451078 0.809037 0.8446079 0.6900764 0.36020806
0.85601974 0.57248247 0.14868435 0.15364803 0.4299737 0.28579122 0.22529948 0.51107436 0.40387058 0.87449634 0.33631948 0.1131594 0.21454178 0.6218226 0.8072939 0.09701032 0.5927295 0.6377134 0.38557515 0.49500707
0.2304867 0.07538166 0.5234868 0.8222765 0.35407767 0.94050884 0.6917021 0.89066005 0.46019638 0.14297794 0.9167267 0.93182373 0.7678586 0.20690042 0.6801765 0.37988272 0.34921253 0.7574011 0.92635864 0.43472728
0.89192206 0.50554055 0.22877769 0.7709028 0.89088136 0.8922732 0.3489732 0.26996404 0.8247346 0.13202938 0.71773726 0.6576939 0.80109644 0.028587457 0.11250314 0.82580304 0.24455974 0.7049619 0.026794275 0.31696305
0.37499586 0.6775421 0.84605336 0.056090977 0.17457469 0.44263497 0.90047634 0.7468206 0.23388216 0.66213614 0.2879497 0.47301275 0.6677419 0.75078744 0.7081126 0.1761812 0.72614443 0.46380985 0.4826726 0.10676793
0.3697337 0.7932221 0.56710154 0.21788202 0.5528191 0.763514 0.81938607 0.22449338 0.76589155 0.7480498 0.14939712 0.4120412 0.1347671 0.67087173 0.7335128 0.1958976 0.08775966 0.6647626 0.3715487 0.7378213
0.6671944 0.2656941 0.904648 0.21086654 0.20266916 0.11519622 0.3432219 0.9169973 0.6452089 0.13148122 0.6072047 0.6951178 0.6715607 0.80200785 0.33053893 0.6933095 0.15804237 0.23149852 0.6930443 0.6667916
0.64297366 0.28318807 0.101813234 0.30721998 0.72643954 0.64304984 0.15385845 0.2816774 0.6148587 0.17436975 0.74501777 0.49530026 0.19127503 0.24447122 0.5041494 0.25062308 0.24577509 0.42367533 0.69600964 0.85206044
