0.60673124 0.90776736 0.9719296 0.99484503 0.92009926 1.0939529 0.5206947 0.34200978 1.235443 0.8601018
0.8742305 1.5180324 0.65959835 1.2567178 1.1759672 0.93673825 0.7586384 1.3422433 1.1719824 0.6965086
1.4811869 0.87649953 1.0808729 1.0218712 1.1721326 0.8565109 1.4264612 0.8463588 0.49253258 0.89114255
1.3777952 1.1416404 0.8408179 1.3526933 1.0766312 1.1678026 1.0048695 1.1315513 0.6222955 0.92837065
1.0185472 0.9814764 0.7377697 0.6584101 0.9470626 1.3876289 0.9131689 0.9742078 1.1134975 1.3930899
0.47100443 0.7966712 1.3150277 0.58160967 1.1071033 1.1649816 0.5862187 1.097371 1.0150151 1.0260684
1.06111 1.1050255 0.2401805 0.6728926 0.99714786 1.1880164 0.74291474 0.25971857 1.0418643 0.62673885
1.2202777 0.6926152 -0.06862487 1.1421736 0.6801508 1.210597 1.0690023 0.6370433 0.89508176 0.8031575
1.1975582 1.374631 1.074128 1.126343 0.9021678 1.3075026 0.8745879 0.9031134 0.85797286 0.78116095
0.95933133 0.9065881 1.003007 0.8477225 1.7598614 0.65217507 0.22643477 1.4123124 0.9186832 0.5415333
1.1700256 0.6815039 0.9830031 0.90463847 0.35807756 1.0094757 1.3413467 1.2159663 0.47415045 0.28610706
0.8119669 0.7669085 0.5193436 0.3723854 0.9386489 0.7754674 1.0447619 1.3600854 1.21318 1.2067696
0.92032677 0.28666356 0.3093612 1.1173563 0.828994 1.4588522 1.1880666 0.8265006 0.59510577 0.69412476
0.9423215 1.2964547 1.0697281 0.9684303 0.92714924 1.0730792 0.8204604 0.6610788 1.3764331 0.8570263
1.3744639 0.6522653 0.9041899 1.0337281 0.35926062 0.7922979 0.8811327 2.0024986 0.66685015 0.667263
0.094879165 0.99019295 0.6921619 0.7919037 0.63721377 0.75687313 0.5760537 0.9029593 1.013231 1.2333925
1.0441586 0.8269978 0.77318686 0.93129027 0.64782363 1.5221212 1.044044 0.34637913 1.6326764 1.2631062
1.1619737 0.95053416 0.4196152 0.7502955 0.27349246 0.8639877 1.3038433 0.5826067 0.43444178 1.3331861
0.06377795 0.24355407 0.069398865 0.17681512 0.0065719364 0.1560673 0.33315468 0.15646999 0.07055562 0.121301025
0.8812911 0.975528 1.2207085 1.0322878 0.90453374 1.1643729 0.9935053 1.3574888 0.9859586 1.167671
1.2663571 0.68664765 1.1219163 1.0361307 0.9354523 0.96312654 1.0595382 0.9386868 1.2096924 0.88252544
0.85766774 0.91517544 1.2684975 0.45153934 1.1456325 1.0189989 0.9354522 0.5209088 0.2806865 0.99038184
0.8293506 1.0652801 0.9525901 1.4269717 0.9554674 1.0181863 1.1005672 0.74247855 1.2296494 0.9754799
1.0722224 1.1933713 0.9114386 1.0262047 1.3593998 0.82450104 1.1958743 1.309366 0.7635635 0.93790597
0.70236796 0.60772353 0.6788538 1.2975718 1.389882 0.36758733 1.1744156 1.0477647 0.17702894 1.3077844
