0.08574972 0.6625511 0.586836 0.3500009 0.1300626 0.49994808 0.22709244 0.31459948 0.7873625 0.82215714 0.63973165 0.07458724 0.5572697 0.91106987 0.64039284 0.32392547 0.8993712 0.67776513 0.60335237 0.13309665
0.7989176 0.6479933 0.37919655 0.773403 0.80640036 0.26568437 0.8781016 0.44040373 0.4942451 0.026403338 0.78610057 0.8603898 0.28301337 0.049528345 0.046619125 0.1954429 0.7705289 0.89357424 0.45788583 0.40281734
0.021648949 0.09344527 0.61817384 0.43005544 0.6673322 0.038332585 0.247976 0.2523475 0.45904264 0.5775827 0.07053213 0.1230292 0.19198337 0.75472015 0.6049317 0.5068228 0.2851377 0.30461186 0.44607058 0.5994164
0.6539605 0.51344156 0.5869961 0.5738191 0.7316976 0.42778298 0.6315558 0.49026635 0.7645034 0.08800878 0.71912116 0.87026894 0.87642294 0.99258304 0.31336257 0.5295623 0.9173768 0.38158044 0.45605767 0.11792813
0.4418239 0.56440306 0.45206004 0.83497614 0.4316302 0.6250242 0.92703575 0.13029478 0.2222378 0.81872016 0.61771125 0.46436435 0.32347855 0.23282997 0.27060214 0.84007674 0.3133147 0.06561818 0.985283 0.549429
0.8191498 0.65339667 0.85735065 0.042644054 0.5727184 0.30609092 0.7286521 0.025504848 0.6434934 0.13295041 0.8863515 0.32738644 0.48823822 0.6901227 0.07991564 0.9398413 0.68485427 0.67611593 0.10942172 0.23339844
0.51192665 0.33158597 0.60531867 0.62647694 0.28908432 0.23782487 0.4928975 0.3765792 0.90109646 0.8906872 0.9308663 1.0536054 0.6557916 0.536426 0.51158893 0.72373915 0.7779987 1.069483 0.8114867 0.45981514
0.76011884 0.903346 0.16920866 0.76115346 0.8374615 0.5335136 0.4276082 0.8832187 0.7155858 0.37565938 0.5692094 0.24603404 0.26953006 0.48879 0.89023614 0.086522155 0.72334725 0.65365237 0.7373263 0.27356088
0.7898808 -0.033599634 0.57972246 0.43071106 0.42770043 0.34501606 0.15727998 0.6351842 0.23537342 0.040286027 0.06603012 0.19882192 0.07380746 0.3314128 0.6931488 0.5532934 0.5815382 0.41820288 -0.025214415 0.6354605
0.17286676 0.8754774 0.46531668 0.41976303 0.4718666 0.062664874 0.7843997 0.3126318 0.8268925 0.10853122 0.22530398 0.21695259 0.9129946 0.47940078 0.79378283 0.8700724 0.5822331 0.77384037 0.18699981 0.53678906
0.4262997 0.1752754 0.8445954 0.8797452 0.25452158 0.71787226 0.9837716 1.0387018 0.7296316 0.6184894 0.39572722 0.7395442 0.36479273 0.2595158 0.7226872 0.5907028 0.1005022 0.7721779 0.2150532 0.8692031
0.6059636 1.0224347 0.4781501 0.60677403 0.94906664 0.28648677 0.68599856 0.46803018 0.27634716 0.5141785 0.870247 0.31416252 0.85159105 0.36592445 0.15064852 0.7147186 1.0544401 0.42435485 0.15081069 0.46246943
0.23623419 0.8245055 0.86084306 0.32386383 0.5404053 0.19660218 0.14015163 0.070837006 -0.07931161 0.32635504 0.48773217 0.63774616 0.8078841 0.3974307 -0.082319155 0.7651713 0.63457197 0.7124304 0.6956923 0.09470959
0.22319975 1.097598 0.5237578 0.9744391 0.3573951 0.5474299 0.81720227 0.6914197 0.47803736 0.5111908 0.35957232 0.18069515 0.28136036 0.907962 0.69932175 0.29624647 0.60083103 0.26557007 0.63981956 0.9311136
0.9530592 0.80262166 0.2794973 0.2930589 0.1422815 1.0210301 0.35628906 0.40843627 0.27144873 0.35093218 0.55475265 0.95601606 0.52990866 0.5645111 0.16952953 0.10615691 0.993866 0.28704968 0.52860075 0.56098825
0.85800135 0.46726584 0.70188206 0.838162 0.76199836 0.49805683 0.22104667 0.26876727 0.41186425 0.54174316 0.86341965 0.0001481121 0.9251855 0.7786158 0.10284252 0.007172699 0.0537185 0.5815394 0.22830668 0.8729865
0.80338484 0.53013366 0.7714897 0.4298371 0.9301096 0.6800993 0.3149439 0.9367033 0.11503473 0.7777915 0.855946 0.22408825 0.7995042 0.8913045 0.5306399 0.55986637 0.8402302 0.116576724 0.8457812 0.7910964
0.3547324 0.53326297 -0.052069455 0.7677588 0.7988501 0.66013294 0.1846435 0.74078816 -0.016199779 0.79894 0.8714934 0.7078954 0.7558754 0.28283483 0.626638 0.832175 0.3109991 0.41337362 0.3863735 -0.01128467
0.6133837 0.4198072 1.0595257 1.0806259 0.3761602 0.3230643 0.50138193 0.45248008 1.0618148 0.6479946 0.21223217 0.6444591 0.4494333 0.35372937 0.5893288 0.9716309 0.19919343 0.5072275 0.701146 0.42357922
0.3251722 0.81968707 0.65250534 0.7166629 0.5866634 0.7038707 0.21392582 0.7995458 0.8693966 0.7722841 -0.019823402 0.0007976775 0.37643802 0.007245607 0.5454117 0.27764615 0.08237529 0.4739057 0.3419237 -0.013820246
0.23045987 0.16300838 0.30473188 0.096543014 0.66553783 0.22509326 0.66709167 0.60802275 0.9544185 0.27034256 0.482219 0.7246314 0.77679753 0.4331434 0.9045921 0.6545395 0.9064037 0.48330623 0.06902135 0.2796804
0.14371954 0.43310985 0.98205256 0.11963971 0.2742942 0.9355698 0.40746617 0.94181997 0.47236258 1.016662 0.6240681 0.33064133 0.4737154 0.939587 0.51863384 0.45823082 0.6769478 0.38610584 0.6912866 0.7436943
0.031240199 0.5203954 0.6489669 0.46923074 0.2221988 0.57517695 0.31452698 0.53116125 0.7544394 0.6792786 0.84769493 0.16073719 0.39256424 0.46203136 0.0370656 0.0939286 0.43187568 0.6302254 0.5402643 0.1943168
0.049700554 0.78563666 0.556976 0.23059623 0.4116409 0.3510644 0.49274063 0.8246682 0.3465709 0.7208501 0.3599873 0.084315725 0.3658573 0.6613596 0.8510162 0.8827275 0.26502612 0.73652756 0.3688431 0.87904185
0.6303662 0.31468618 0.14634085 0.4627882 0.6112914 0.10543672 0.91180205 0.84749985 0.88022405 0.56213677 0.85248286 0.566073 0.08497551 0.84092915 0.1407659 0.86301905 0.85400057 0.11787602 0.3474631 0.09868245
