0.8120264 0.49861228 0.6836359 0.8745411 0.36434788 0.86739135 0.14189246 0.35579744 0.25209552 0.5950116 0.90088886 0.3657083 0.4582664 0.6995821 0.6851154 0.7701866 0.9072175 0.16866507 0.40013874 0.61529255
0.9792963 0.2042889 0.4249009 1.0278028 0.28753015 0.6186937 0.24595481 0.24612366 0.5597178 1.0583034 0.15753844 0.26958212 0.23851371 0.48590028 1.0815916 0.18323648 0.39311054 0.6413803 0.30441698 0.517911
1.0398589 0.262056 1.1449438 1.1102096 0.6849251 0.5690538 0.46906057 0.33123827 0.6914431 1.1071644 0.52645147 0.67966473 0.5655658 0.70148546 0.7422111 0.23916344 0.25973347 0.64596486 0.36714193 0.544818
0.54324627 0.4551349 0.5683771 0.36996448 0.7872498 0.9377761 0.7355268 0.18559532 0.5965675 0.7236461 0.202269 0.3893902 0.8528793 0.9505003 0.17473802 0.6323306 0.614924 0.30629122 0.788724 0.5613487
0.20375998 0.8231011 0.19717303 0.63058263 0.69823134 0.49812588 0.9705377 0.90081793 0.6515854 0.6918313 0.89181143 0.174743 0.18052812 0.6821015 0.42009214 0.71400666 0.48349616 0.958996 0.114699826 0.53795785
0.22201163 0.2139225 0.43090355 0.19266397 0.16997388 0.24068299 0.36590853 0.2150656 0.1869154 0.4266084 0.9201601 0.6583933 0.037209846 0.37515655 0.8637391 0.94219977 0.71965307 0.44618866 0.52644145 0.6518769
0.49847445 0.95427245 0.26480988 0.12960912 0.77695835 0.18370229 0.5505492 0.97311735 0.68460184 0.16944574 0.9945747 0.05506382 0.92687374 0.32502615 0.82574755 1.022683 0.53514236 0.5620679 0.55726904 0.4188022
0.34235233 0.6969721 1.0767471 0.5100936 0.2725155 0.7049614 0.5443109 0.48792842 0.5510597 0.98587435 0.8939957 1.0947785 0.34330568 0.24388309 0.48111555 0.78990066 0.68297136 0.24576086 0.8879726 1.0409286
0.6724094 0.533792 0.7829607 0.39102364 0.5585198 0.55550915 0.16389726 0.3101091 0.70761526 0.43113786 0.4984862 0.84109706 0.7376781 0.4057502 0.7009845 0.40171805 0.09127592 0.0010182172 0.37412992 0.7957538
0.4386578 0.9168472 1.0008541 0.8595613 0.6495216 0.78425467 0.9086094 0.18757959 0.66294444 0.51860505 0.4411823 0.27721462 0.5734182 0.40908366 0.4720258 0.378382 0.5144748 0.24478346 0.2748488 1.0278802
0.22219914 -0.0730836 0.14163062 0.09700309 0.7743508 0.09687871 0.7490299 0.75603515 0.36755776 0.38849142 0.20690759 0.07450426 0.08440502 0.075202346 0.3741824 0.5590956 0.33459428 0.6951734 0.10194544 -0.022047007
0.41050115 0.9307155 0.7022415 0.49966195 0.19448106 1.0038683 1.1394296 0.45101297 0.92517424 0.44251716 0.5131823 0.48869854 0.5588996 0.63414437 0.4567452 0.22257814 0.55242664 0.6660524 0.39475366 0.21734606
0.32545084 0.10914526 0.85881937 0.07664057 0.39520863 0.2946137 0.7749622 0.5967028 0.19153729 0.6946604 0.3112267 0.009005936 0.93797666 0.029236296 0.93243605 0.7352108 0.467976 0.77762055 0.67837906 0.639667
0.92952555 0.75896645 0.45349106 0.9315687 0.32935184 0.13847964 0.49275774 0.7561927 0.79326725 0.71438754 0.116510004 0.8418441 0.8077995 0.6620634 0.39559457 0.401617 0.2403052 0.48296356 0.93622553 0.3806962
0.69674873 0.3441438 0.50368416 0.55702704 0.16192691 0.9478072 0.8820422 0.61396897 0.101786196 0.5587529 0.07132266 0.015090535 0.6531047 0.42454582 0.55337846 0.01978162 0.73018205 0.9540735 0.95889825 0.352949
0.49939707 0.65132606 0.049638603 0.4428958 0.7446704 0.55007976 0.089441106 0.47945383 0.0996017 0.69996554 0.1756599 0.5861069 0.511597 0.6742844 0.4900188 0.8451632 0.10173742 -0.047150344 0.18253873 0.6413391
0.76908386 0.26743793 0.26317328 0.8989498 0.66331965 0.6216313 0.57501453 0.6982547 0.31679982 0.8136462 0.16016755 0.83432424 1.1023979 0.87540644 0.9721873 0.22377749 0.77164805 0.9859448 0.1467521 0.70053434
0.6103576 -0.115987696 0.023589626 0.38197753 0.5287668 -0.005865266 0.3910541 0.79477084 0.2950912 0.84327465 0.3092744 0.29140973 0.3636905 0.15266989 0.7988514 0.6932512 0.6984707 0.08725008 0.17900361 0.039612822
0.17271063 0.6331007 0.56754225 -0.016528806 0.008686523 0.81187457 0.3830404 0.4729352 0.5576524 0.19738787 0.45833883 0.48606881 0.3686239 0.3767857 0.5276185 0.8135857 0.02652341 0.92091876 0.4815714 0.5334383
0.94900143 0.40929317 0.91227394 0.117925875 0.18640956 0.86831707 1.0393536 0.8834288 0.8833554 0.3547269 0.16863202 1.0591824 0.3536929 0.57442296 0.862942 0.6840316 0.16310643 0.39274585 0.6045767 0.15679458
0.820965 0.05818352 0.3186547 0.36116976 0.40318793 0.67819184 0.43992963 -0.050363995 0.5652365 0.16294375 0.19843547 0.86207765 0.79819596 0.8439212 0.8184706 0.6658986 0.5420972 0.77018917 -0.012703372 0.7845751
0.35670853 0.82251114 0.5419699 0.5627548 0.56725186 0.32505935 0.62768126 0.9066545 0.22333018 0.6382018 0.7693484 0.11955052 0.6784555 0.370976 0.8597615 0.9776554 0.9221326 0.19067226 0.418615 0.7257761
0.70180416 0.4033299 0.9064829 1.0065651 0.688 0.7961984 0.40004495 0.16560307 0.67240757 0.48574546 0.9603091 0.6897367 0.1645528 0.48601413 0.56185716 0.3632428 0.34659934 0.22908589 0.29219106 1.1374364
0.6746093 0.87696964 0.33259517 0.14840083 0.60719633 0.80112827 0.72016615 0.7349866 0.16387717 0.09200975 0.12288172 0.09578581 0.86193883 0.92773104 0.31285053 0.24141353 0.66070086 0.25398555 0.3895689 0.97296697
0.46213755 1.0616544 0.6683679 0.49182886 0.26315388 1.0155681 0.31234467 0.43995288 0.3640791 0.43707472 0.9816526 0.3657408 0.91144496 1.0853118 0.32472104 0.33392152 0.64329576 0.24704425 0.34673977 0.7665688
