0.34433433 0.11990771 0.68902856 0.8213028 0.41156757 0.67542535 0.32251465 0.32863823 0.39316687 0.48882306 0.28064725 0.5103145 0.88088447 0.23092924 0.6886821 0.5577656 0.9988569 0.25969538 0.65530974 0.39295194
0.19653635 0.39717996 0.8155164 0.1044078 0.85093087 0.5252062 0.23708543 0.15657088 0.14962451 0.80982566 0.63112724 0.34916696 0.27165756 -0.081750624 0.18811834 0.14329702 0.5336915 0.8454908 0.8370913 0.797541
0.85173726 0.23173355 0.7358922 0.3635123 0.77485746 0.21690759 0.67630744 0.9557723 0.45832327 0.8353373 0.04089043 0.5390727 0.39845496 0.9448633 0.43475473 0.514193 0.49851263 0.18402416 0.20686577 0.22126381
0.08401516 0.37149623 0.6838967 0.037462004 0.73554415 0.4010217 0.8689745 0.16130713 0.67358696 0.28660548 0.6145752 0.18656206 0.47420493 0.47866133 0.4729271 0.2673755 0.40885973 0.9100815 0.02744751 0.32425043
0.89504004 0.79366606 0.6469379 0.22926612 0.7286072 0.44613874 1.0318462 0.56521046 0.2439966 0.92441434 0.5546762 0.07903398 0.9389515 0.26411623 0.18682425 0.74247795 0.40195948 0.523713 0.3216202 1.0268482
0.84681225 0.12805301 1.0309691 0.42142352 0.36760736 0.5316761 0.8764805 0.81050825 0.56244403 0.36814535 0.8013184 0.4613218 0.51682174 0.63007617 0.40155417 0.7592987 0.29578066 0.5264177 0.62086135 0.57376164
0.0676921 0.02950759 0.2067445 0.44278577 0.7289681 0.62600654 -0.0077078515 0.11854824 0.5348129 0.51949847 0.24799238 0.65906054 0.22334194 0.5947341 0.08120737 0.5362181 0.12748794 0.18692757 0.5891988 0.57796544
0.5626066 0.88624275 0.23053552 0.93074167 0.8743606 0.13302453 0.43914405 0.97220844 0.64031756 0.15071274 0.39542645 0.36167255 0.053527806 0.9579223 0.14362882 0.0419549 0.8012001 0.95577294 0.22310176 0.44817084
0.48292848 -0.045082312 0.11972879 -0.05557256 0.3423089 0.626665 0.6535691 0.41907272 0.5521374 0.79502386 0.16423099 0.25384766 0.63324195 0.7597098 0.48394498 0.7781853 0.32356697 0.055027604 0.0062991274 -0.05631294
0.68034315 0.52577513 0.7726564 0.3376387 0.7832119 0.021781007 0.41643837 0.8211297 0.43300605 0.68153435 0.3827806 0.28545383 0.9045218 0.60200083 0.5453409 0.5239322 0.18309881 0.21324985 0.16015783 0.7646355
0.51492554 0.84011686 0.06741012 0.4267067 0.6967518 0.8231912 0.50908905 0.8362064 0.3684804 0.09785142 0.64545417 0.5784921 0.89977884 0.5343206 0.630455 0.1995739 0.10451233 0.5113803 0.53762776 0.1396552
0.09572402 0.54035634 0.8568816 0.41373765 0.9152394 0.58867735 0.8817083 0.440442 0.24207659 0.15579298 0.43132755 0.91275346 0.1846476 0.3571425 0.43389955 0.3252347 0.79984456 0.6803957 0.40182906 0.18331136
1.0783994 0.40413368 0.6177915 1.0736253 0.49631122 0.9782079 0.45608014 0.6475579 0.23743913 0.2483739 0.41396296 0.20908707 0.94628984 0.22641547 0.5354249 0.9956698 0.6308073 0.18697833 0.7311961 0.51674694
-0.010529922 0.5475894 0.38193166 0.60606784 0.7755262 0.4294954 0.7222621 0.4669123 0.8325372 0.80801934 0.3710486 0.5947041 0.5635196 0.57471937 0.15759768 0.3320968 0.50915104 0.7208746 0.6048966 0.18291299
0.5236327 0.69360447 0.6361933 0.22907095 0.2785787 0.06185345 0.7083951 0.74424136 0.18228112 0.40332472 0.67465746 0.12905747 0.12881225 0.18027368 0.19825692 0.5508938 0.20450261 0.14824049 0.6134925 -0.11055129
0.88777924 0.57174116 0.88248116 0.18497153 0.7449017 0.74103504 0.416531 0.41881394 0.4152089 0.48357075 0.8001831 0.38298824 0.97637326 0.08385914 0.71563065 0.13289765 0.69411224 0.373202 0.72631705 0.7489579
0.3891659 0.8463353 0.8466259 0.50959796 0.11997982 0.21952663 0.6161734 0.8263516 0.09062307 0.9429974 0.2319879 0.39083013 0.6761902 0.46777147 0.5645836 0.13861173 0.3685361 0.42976564 0.6511121 0.6773156
0.6826072 0.20086506 0.66329753 0.25343314 0.799701 0.73334026 0.7058539 0.5037562 1.0584995 0.45913044 0.34972566 0.5904023 1.0084357 0.2155178 1.0345016 0.26073232 0.45442384 0.37528256 0.19500588 0.88111764
-0.0039881817 0.09375907 0.1089817 0.5662884 0.22768854 0.6879105 0.7998032 0.62208194 0.54827416 0.295837 0.51712054 0.86124206 0.78662795 0.25671926 0.7982176 0.64990675 0.5170139 0.7191184 0.8142583 0.200993
0.6943917 0.62582207 0.19382304 0.1166308 0.07417919 0.8173255 0.6664312 0.62635857 -0.042128086 0.7558442 -0.033758502 0.44992414 0.7174767 0.2317107 0.60042477 0.7166866 0.3170366 0.06109993 0.5656828 0.356304
0.14732294 0.3807954 0.6818741 0.5777861 0.097739965 0.6920054 0.39358068 0.20436744 0.2835956 0.6859906 0.6947661 0.85631084 0.48590708 0.025348071 0.72292763 0.74231255 0.62114155 -0.054522745 -0.050675273 0.6495357
0.8430979 0.5738189 0.36265555 0.9605168 0.44281435 0.39108998 0.57230276 0.18316033 0.35085392 0.2773047 0.5150422 0.8357132 0.9131407 1.1273587 0.87508506 0.39989424 0.34200516 0.47517207 0.6255643 0.47764906
0.9497789 0.5358609 0.2076 0.7539534 0.5956527 0.8891626 0.75919706 0.09727813 0.5590129 0.60521835 0.7365731 0.61221296 0.167303 0.74825317 0.57618964 0.2370575 1.0124465 0.30274093 0.6671337 0.3131175
0.27601132 0.23336491 0.9661712 0.18635318 0.95616823 0.19903742 0.20381452 0.19346194 0.28337118 0.43263412 0.30091226 0.38586825 0.26648125 0.6331541 0.9792829 0.4689937 0.57092494 0.92094713 0.801638 0.8515965
0.019752802 0.092145935 0.4369978 -0.013644932 0.46714148 0.5477913 -0.0099842 0.02873518 0.84692013 0.14955807 0.33571717 0.0024963424 0.3637482 0.77075064 0.62426436 0.83393306 0.1417692 0.43143624 0.9477228 0.18452539
