0.40951312 0.3408539 0.7052797 0.3745707 0.35807356 0.95678127 0.9679248 0.52666306 0.35111883 0.872079 0.45360672 1.1092498 0.49650973 0.28811312 0.7648583 0.52976567 0.56955695 0.7307459 1.0764112 0.8733826
0.31540933 0.857762 0.6146455 0.8110615 0.38764623 0.733247 0.37131977 0.9339292 0.6507817 0.9921476 0.14801998 0.7274549 0.39789784 0.86138946 0.4758956 1.0574685 1.0483829 0.24052879 0.83790684 0.35558227
0.4359114 0.81818736 1.0344487 0.35615584 0.9278718 0.5654135 0.86610883 0.66605717 0.73575926 0.3199511 0.63472956 0.9678386 0.26754206 0.36773255 0.4196863 0.7276354 0.2495838 0.3752022 0.43859828 0.44971734
0.18053472 0.16643766 0.47251922 0.8513841 0.14133699 0.1433213 0.5194991 0.698823 0.33551776 0.92862785 0.90647453 0.30741933 0.18417838 0.23138708 0.9661591 0.23905858 0.4337159 0.0840348 0.27616632 0.69377637
0.34247178 0.34876752 0.6215464 0.28394452 0.8476335 0.694112 0.57177943 0.14923817 0.25479972 0.9074908 0.50016135 0.5037447 0.95447826 0.90317965 0.46342903 0.24866892 0.21277925 1.0381255 0.5878683 0.8322518
0.5726357 0.30454868 0.4030284 0.23179722 0.2118623 0.38062602 0.58227396 0.70349395 0.87812054 0.8750159 0.34737816 0.8589955 0.7837528 0.644112 0.24881665 0.51151925 0.3894178 0.38626343 0.5089988 0.21051641
0.59344286 0.8167474 0.7796215 0.19747575 0.19283155 0.34328467 0.54436004 0.8375906 0.6907264 0.49625996 0.27513397 0.69326055 0.82740015 0.34680733 0.38144383 0.13763721 0.12772894 0.87442774 0.5750404 0.19570708
0.5345626 0.449953 0.48786563 0.22923997 0.58258456 0.6287994 0.051012952 0.49233824 0.69099325 0.08898008 0.56650335 0.6420425 0.24543512 0.6766734 0.48668325 0.010913846 0.8639337 0.8976475 0.7284077 0.73782706
0.48905128 0.21902406 0.7127834 0.49092606 0.78310823 0.7445326 0.3622755 0.6505176 0.08187987 0.7679727 0.7651413 0.8716938 0.56728613 0.5321324 0.6379279 0.65967673 0.15419908 0.7705246 0.42742696 0.9069278
0.96126527 0.16849549 0.6907923 0.2206553 0.5112839 0.7849498 0.17732476 0.37737024 1.0655053 0.8107623 0.40572995 0.43186167 0.648445 0.16235606 0.98477894 0.7592467 0.6779274 0.35894212 0.14743488 1.0223061
0.26857913 0.1839185 0.6224207 0.26100492 0.16028187 0.4490966 0.1739769 0.1393175 0.3115107 0.5299642 0.8121151 0.6060637 0.6192361 0.124441065 0.93496287 0.13916482 0.8108054 0.65545297 0.76115054 0.19656134
0.24218263 0.051263586 0.557749 0.77457327 0.77692556 0.18428959 0.38888812 0.83235013 0.6823772 0.43361038 0.8380473 0.78839743 0.99188375 0.43303898 0.8166225 0.50656533 0.18728988 0.89096683 0.8187465 0.2488622
1.0608653 0.6517231 1.0662546 0.21143143 0.60374796 0.76300895 0.6437925 0.94189435 0.3148845 0.26537535 0.46757364 0.629517 0.768866 0.6108772 0.48219258 0.46845683 0.68661636 0.45633838 0.20216021 0.31509542
0.96237826 0.717993 0.06364622 0.5355038 0.4353294 0.6083446 0.9751911 0.8451144 0.20846348 0.47668293 0.7946309 0.7001443 0.42314926 0.7685738 0.7065963 0.15026139 0.65344805 0.9632339 0.29095235 0.059550095
0.5026382 0.13890216 0.113339186 0.9899477 0.93218213 0.145884 0.99780387 0.90606976 0.37376797 0.8112479 0.20634332 0.5564867 0.83887035 0.36833116 0.24780653 0.76723063 0.954782 0.8451258 0.30079082 0.6211676
0.29962343 0.23792507 0.5051335 0.40220305 0.31310475 0.2320468 0.85462964 0.28149036 0.3916749 0.2965694 0.8622825 0.9728348 0.2700572 1.0263531 0.19394921 0.17085727 0.8480067 0.9914983 0.43014544 0.56730205
0.9069667 0.53900826 1.0128353 0.6081419 0.70629525 0.34726405 0.88188833 0.19246078 0.35738283 0.10950988 0.39535344 0.50956637 0.8179899 1.0142095 0.8186097 0.16577974 0.26461762 0.47952354 0.4536869 0.9184299
0.42760348 0.6893611 0.4781432 -0.12521619 -0.01613743 0.80334824 0.76814795 0.5605636 0.78318316 0.58531594 0.7175696 0.70464516 0.4181392 0.42896459 0.36187822 0.58251005 0.49156195 0.50738627 0.11863724 0.7401268
0.554492 0.55947405 0.6456839 0.44752973 0.90358394 0.7849393 0.8436726 0.7495173 0.3583901 1.0370333 0.8511129 0.20500837 0.35027337 0.9185635 0.42202052 0.442569 0.27214256 0.52349323 0.9684806 0.8814188
0.48239323 0.0370333 0.40460467 0.033816315 0.8135025 0.27972826 0.2868691 0.7603366 0.5237648 0.006170436 0.5886197 0.81225985 0.036001623 0.4458582 0.34905383 0.5583571 0.8155929 0.67366856 0.059939794 0.7166943
0.27923825 0.33085087 1.0363215 0.2834207 0.5600116 0.43250108 1.0504792 1.055533 0.89947176 1.1164752 0.49270996 0.4748619 0.3179611 1.0430073 0.4323038 0.15425043 0.2555585 0.41933972 0.4375393 0.40361145
0.269068 1.038439 0.44679812 0.60472894 0.3429898 0.4187796 0.5931632 0.5926739 0.86175025 0.46246055 1.0988773 0.2946476 0.59201777 0.31661603 0.48262623 0.8485189 0.46687424 0.52243763 0.36805686 0.8528915
0.852416 0.83606833 0.18745436 0.65694255 0.9860282 0.80500096 0.85333925 0.7575182 0.4908842 0.34889737 0.81135833 0.095255 0.8983235 0.4410056 0.85825086 0.34232104 0.29815143 0.17609021 0.7330963 0.12320064
0.58060676 0.42685473 0.21935467 0.0024210317 0.7139781 0.76486963 0.4400537 0.317843 0.6850759 -0.0072882613 0.7191795 0.79972607 0.33455974 0.021211589 0.36519498 0.74713695 0.39343846 0.266639 0.076698825 0.88997513
0.12162727 0.8792247 0.7271171 0.80249864 0.11399176 0.60417217 0.8505116 0.58241 0.8765551 0.028800689 0.26197943 0.083346464 0.5424459 0.56633675 0.58802277 0.8499228 0.7084716 0.09087539 0.72484803 -0.031953912
