0.043586385 0.8361842 0.56428933 0.9635249 0.448725 0.84669757 0.39841634 0.54509825 0.7160421 0.06749153 0.20905326 0.7387445 0.43034053 0.40632758 0.7911654 0.07967013 0.14887929 0.8372049 0.13462946 0.87607026
0.7953519 0.33711925 0.44321033 0.070713386 0.6719181 0.33121136 0.2756707 0.64120835 0.9039511 0.56407166 0.7344416 0.70671105 0.36520994 0.85976934 0.34311047 0.057357915 0.20085345 0.52225596 0.79322433 0.32310018
0.08168485 -0.075200945 0.7275965 0.6787381 0.67255074 -0.052249692 0.4899287 0.69391143 0.7012787 0.57917726 0.4781026 0.48293293 -0.022430846 0.30905846 -0.13885061 0.2826594 0.065832876 0.38443285 0.17249063 0.6745033
0.046086628 0.8522861 0.13818356 0.7715559 0.20948927 0.25764516 0.73856723 0.3148119 0.8768727 0.8125184 0.8131736 0.24068855 0.5194612 0.84676385 0.10872648 0.8538076 0.3645494 0.1034431 0.8456905 0.37781706
0.0025014912 0.064499706 0.57091117 0.25988835 0.7229625 -0.007180402 0.73594445 0.30886027 0.06492841 0.5727857 0.24159154 0.8072208 0.12824969 0.42466623 0.44859323 0.6612302 0.84536433 0.026749892 0.17218924 0.35350898
0.84433043 0.15848264 0.14702414 0.14246568 0.48659506 0.87843937 0.5138827 0.93085575 0.47859377 0.623336 0.14709882 0.48326528 0.5585478 0.31967863 0.61141986 0.74142605 0.009489117 0.26389888 0.1667331 0.34033304
0.308323 0.8993042 -0.030982088 0.04545227 0.5237685 0.6654683 0.5083744 0.58834606 0.25176635 0.6870392 0.8717896 0.44556165 0.41374478 0.75168335 0.72054935 0.45703566 0.31197205 0.21659854 0.5989595 0.91161835
0.063796684 0.3875788 0.44881174 0.5417352 0.10943147 0.82623136 0.79304844 0.450206 0.04319707 0.54264265 0.16062269 0.6261533 0.4625364 0.4507058 0.6313448 0.4907025 -0.07136368 0.77131176 0.46907273 0.3833573
0.35918754 0.14528933 0.32099998 0.7691034 0.4271516 0.23184025 0.36841148 0.20845455 0.09933726 0.9326195 0.068270735 0.8863654 0.29495868 0.49558306 0.07946389 0.65848553 0.6861654 0.461706 0.9449142 0.24672627
0.51295596 0.9602179 0.414276 0.47574943 0.90967774 0.6329614 0.19418184 0.93813926 0.15377273 0.212868 0.7437399 0.9824773 1.0016247 0.7698888 0.13184859 0.5682611 0.58875006 0.7007012 0.30671784 0.17094828
0.864602 0.81015694 0.74638736 0.5095085 -0.033339 0.87664145 -0.062260076 -0.0030121834 0.073474325 0.37208882 0.6853308 0.5143066 0.784766 0.14800178 0.6963165 0.20389748 0.82525426 0.04490306 0.055222712 0.28731444
0.27679676 0.6780496 0.68191147 0.79190314 -0.007240513 0.09556138 0.6837888 0.52006716 0.30786818 0.09043809 0.79380244 0.7414896 0.4749923 0.4320136 0.29919112 0.24775186 0.8150533 0.49422458 0.3396349 0.23689847
0.5826202 0.30811387 0.38086212 0.31496996 0.18114243 -0.07105524 0.15423028 0.28607804 0.60827655 0.2955815 0.2465587 -0.16537815 0.5839012 0.2517588 -0.036612425 0.42988804 0.018775688 -0.0027299942 0.69537693 0.6218559
0.50562924 0.27422458 0.3503257 0.372176 0.11422885 0.55295926 0.23664284 0.36202237 0.451921 0.7311639 0.27944577 -0.008023314 0.7572927 0.3584992 0.68388563 0.39311635 0.0017857498 0.08536168 0.12998143 0.7723506
0.9475964 0.6717983 0.6811233 0.092153974 0.7438602 0.7235285 0.78401846 0.14522801 0.65069234 0.24624802 0.25350526 0.7644251 0.4377121 0.21750796 0.74401575 0.23555982 0.55955917 0.8720936 0.9348995 0.6597344
0.74211687 0.6730158 0.96044165 0.4946385 0.30417988 0.5612349 0.25870988 0.43199646 0.5830852 0.8644804 0.24711391 0.44772178 0.47602284 0.8355417 0.3659392 0.7091089 0.2783916 0.69865155 1.000975 0.65433455
0.39657548 0.72177655 0.43333536 0.74689806 0.72661453 0.47886327 0.41249818 0.10627358 0.27337694 0.6667465 0.06090415 0.40249723 0.5292191 0.06833334 0.40438125 0.61023957 0.25171116 0.2742383 0.6154303 0.51465195
0.09651711 0.07454924 0.045911364 0.10008247 -0.053996947 0.76790357 0.63996696 0.7866747 0.07538966 0.64549524 0.2602479 0.1830988 0.34150064 0.10334085 -0.104979984 0.71784514 -0.10480268 0.5466602 0.7760935 -0.07824074
0.4435144 0.12584904 0.676597 -0.0016252359 0.27379352 0.66986233 0.05212519 0.26879084 0.4115266 0.6421205 0.71581703 0.5714657 0.16744076 0.33877802 0.5515502 0.73587537 0.05281117 0.5511039 0.7986469 0.8272446
0.6574369 0.16189028 0.1011644 0.09001134 0.81058043 0.43220103 0.78959155 0.73667204 0.15085912 0.61718386 0.79697406 0.060614612 0.75647426 0.061991226 0.7133616 0.22935002 0.3843893 0.15936866 0.77568877 0.24107113
0.9596639 0.28883135 0.12266557 0.5657585 0.37203205 0.8237164 0.4810295 0.3056082 0.42961928 0.9923411 0.3750184 0.73821497 0.65077984 0.58294564 1.0332308 0.71421885 0.23810863 0.99743116 0.3048762 0.5177881
0.5294678 0.13891022 0.20734759 0.7998911 0.7958493 0.622874 0.6283392 0.81745666 0.8975758 0.8188554 0.40669653 0.70919764 0.38662773 0.07991491 0.8820712 0.15966813 0.4679794 0.16578712 0.33944288 0.10123727
-0.020801278 0.19360483 0.52540314 0.61822665 0.56855035 -0.048028305 0.51192826 0.6059681 0.32236266 0.27383143 0.5958576 0.3147973 0.79898906 0.77177984 0.09742106 0.516477 -0.030529793 0.85171586 0.22566277 0.7772184
0.7637862 -0.03987233 0.6465852 0.6955902 0.5831841 0.30783114 0.44470152 0.1213254 0.4662084 0.1982284 0.7634492 0.57476485 0.5082776 0.74967605 0.07838944 0.25748575 0.5401129 0.4413417 0.03636556 0.6736947
0.8807914 0.30269918 0.5828518 0.44707653 0.191671 0.82531494 0.15052956 0.39909336 0.27190298 0.98205316 0.83337075 0.9047373 0.66547316 0.7414637 0.4838218 0.6262801 0.4864198 0.16938208 0.69497323 0.7669777
