0.38861328 0.4270039 0.83516943 0.79017985 1.0127496 0.9727506 0.64185965 0.6589463 0.22430386 0.100152574 0.6734397 0.77476615 0.054455746 0.2765374 0.39446685 0.21746531 0.79756296 0.5879374 0.15787677 0.2867552
0.5219587 0.64401007 0.507108 0.24421424 0.46950066 1.0554153 0.2967365 1.0563301 0.2818177 0.6610133 0.53384393 0.6211859 0.8801023 0.7945886 0.61912954 0.16572496 1.0063913 0.15255108 0.79054475 0.17609197
0.5005317 0.50271285 0.73778284 0.41294068 0.71928364 -0.017964713 0.8491363 0.2951237 0.2162172 0.6027858 0.9150297 0.47889322 0.70429105 0.75274396 0.25075465 0.36681023 0.35422426 0.6315377 0.3769382 0.22764172
0.4215853 0.7663454 0.5511557 0.6554653 0.24155934 0.2537715 0.6347133 0.036590744 0.9875583 0.28176358 0.07539043 0.10230769 0.8429643 0.9851185 0.1323116 0.73431855 0.6810767 0.7595455 0.28592163 0.44144905
0.09188957 0.35355818 0.2733854 0.7906048 0.44466248 0.1796137 0.7087539 0.8223116 0.25187942 0.26251173 0.47062403 0.54059017 0.4778679 0.67137 0.9667871 0.73358876 0.7214769 0.582761 0.2701566 0.4000214
0.0007683179 0.65459484 0.8878906 0.2850235 0.05235755 0.37492168 0.7053912 0.4944068 0.21635023 0.9030057 0.17696832 0.81043285 0.849794 0.316601 0.63378626 0.77310497 0.43026143 0.3145147 0.6496166 0.60335827
0.7203216 0.4841789 0.7153311 0.69168323 0.5526533 0.30746794 0.8255575 0.5523188 0.92805 0.35511386 0.37123394 0.47088432 0.4134278 0.5920731 0.4708099 0.28601682 0.6229608 0.08144252 0.6276732 0.07286604
0.73063326 0.8792483 0.24715614 0.7731769 0.47774038 0.64399105 0.87559927 0.28597805 0.9100678 0.7066299 0.38834214 0.12073984 0.659772 0.9924933 0.6970638 0.22683784 0.10122458 0.9161891 0.109679304 0.7836907
0.8545073 0.06585844 0.5629816 0.9770211 0.017171131 0.15465495 0.23947647 0.82377243 0.18068579 0.6068628 0.12307132 0.7965775 0.733992 0.5258474 0.6941407 0.25205037 0.22497036 0.5620293 0.78230375 0.8639674
0.32653806 0.60049164 0.58830744 0.47085345 0.17175046 0.542703 0.5187586 0.33283576 0.7722981 0.36346084 0.57371116 0.38121766 0.4992189 1.0586818 0.5015627 0.13630813 0.9118287 0.73166066 0.5524951 0.16533989
0.06520279 0.4081789 0.8366111 0.7352532 0.25484604 0.40466005 0.16456176 0.76321924 0.6824074 0.27049342 0.028899932 0.47753426 0.938403 0.5396338 0.73078686 0.95737714 0.17301932 0.34484854 0.6234618 0.53516585
0.36916015 0.6496868 0.21146727 0.5263977 0.19401085 0.83141965 0.37781808 0.26347974 1.0775372 0.8106251 0.2740314 0.99189794 0.19684218 0.18193227 0.70331305 0.99761397 0.82207584 0.580959 0.58208424 1.0331041
0.20981534 0.24187207 0.802981 0.6795383 0.22079349 0.9462771 0.31064922 0.97532946 0.43351865 0.81416184 0.09744076 0.29660878 0.9544477 0.51703966 0.70494545 0.21535455 0.13516144 0.4150312 0.71308666 0.35238335
0.082086794 0.10419629 0.59802353 0.11749969 0.6638395 0.34629872 0.7897142 0.7797983 0.03148486 0.08285443 0.2515732 0.4572829 0.68188524 0.83102787 0.4017333 0.16536826 0.69340473 0.5441725 0.5393128 0.33617133
0.39500847 0.5047409 0.6043703 0.93513846 1.039939 0.9637579 0.39997923 0.7339125 0.59912735 0.24409734 0.49020857 0.52503204 0.8769472 0.36586857 0.5145701 0.15269828 0.84385395 0.25936404 1.0102719 0.17410322
0.114174 0.9701198 0.1403058 0.60113794 0.15743852 0.063575454 0.40765655 0.21910715 0.651957 0.43184614 0.8879552 0.9667125 0.59500426 0.35528278 0.115475774 0.78323483 0.16027518 0.15275618 0.17123781 0.9402021
0.8929862 0.7798065 0.15810736 0.74865884 0.7886104 0.59511405 0.82985073 0.95140696 0.7887897 0.34925473 0.6132536 0.6946473 0.779779 0.41793817 0.3112287 0.9174857 0.41354728 0.18543822 0.7913212 0.8201397
0.5702295 0.45457414 0.8574701 0.2523213 0.34683585 0.57516587 0.7099692 0.90826607 0.3359845 0.40063122 0.16135965 0.48258242 1.0598171 0.86986893 0.5370294 0.9731694 0.29085198 1.1304096 0.9597032 0.85219765
0.28738093 0.198923 1.084403 0.3605641 0.22029874 0.48511094 0.51205087 0.23790377 0.7920794 0.8079171 1.0793629 0.5801951 0.9153445 1.0589789 0.3207698 0.56331867 0.24245824 0.829176 0.65357006 0.37008008
0.9847382 0.4051107 0.95058566 0.49989134 0.86186594 0.5024884 0.13832383 0.057266865 0.7001981 0.91507757 0.9713186 0.16718012 0.76422405 0.42874762 0.7452761 0.29980645 0.23947987 0.063277826 0.66124123 0.89939183
0.06988348 -0.08409111 0.21789944 -0.043121558 0.1919084 0.36111906 0.58487827 0.60361 0.65042543 0.25796852 0.47699764 0.29781762 0.82108206 0.061232816 0.2220911 -0.016215058 0.4505289 0.2725368 0.19639625 0.44546396
0.57886374 0.6178509 0.2743518 0.16601107 0.74955326 0.17271364 0.95770204 0.27805614 0.9844919 0.9259576 0.18296158 0.25683364 0.33892074 0.6849527 0.4910111 0.19792847 0.3620406 0.21399021 0.9199554 0.5086195
0.78518075 0.14065704 0.923544 0.30566648 0.6870918 0.9083955 0.6058094 0.5142476 0.3961297 0.529289 0.32384932 0.9290271 0.117710285 0.7019276 0.38739923 0.14243703 0.9314643 0.3743831 0.71936667 0.9012376
0.3129402 0.78991604 0.33722377 0.64783937 0.536807 0.16613832 0.386656 0.3940471 0.9163935 -0.0111683 0.75918084 0.83890665 -0.024203943 0.6176422 0.3349953 0.8819196 0.15330285 0.8938053 0.5125289 0.8352151
0.73492473 0.39278436 0.6142095 0.82160854 0.38381752 0.13023502 0.5771698 0.6907952 0.37868664 0.02117242 0.43340117 0.91709465 0.116072506 0.5027448 0.9466917 0.23743793 0.44447088 0.075709745 0.108132064 0.06339796
