0.69129634 0.7324521 0.62174344 0.29807338 -0.07191641 -0.17732549 -0.1395994 0.6403254 0.0034139727 0.53227574 0.3751394 0.28847176 0.7145158 0.2334052 0.76747984 0.6918079 -0.17151009 0.46833166 0.19567737 0.69050646
0.54919875 0.8477759 0.21305592 0.7551363 0.021329304 0.6508493 0.05828779 0.39906138 0.39876398 0.76117676 0.52923745 0.24012369 0.35133785 0.56937736 0.14043449 0.80263346 0.8675548 0.27442718 0.32265487 0.055337835
0.36944592 0.7045909 0.5310907 0.21636708 0.43672672 0.6335311 0.5812737 0.38808352 0.40667206 0.6360952 0.8163159 0.92405534 0.5855067 0.6176025 0.14198661 0.1575473 0.14305441 0.32334042 1.0003387 0.30933842
0.28880888 0.105219856 1.0040376 0.2506628 0.6799638 0.39803997 0.16088475 0.10180406 0.9994242 0.15204029 0.3750842 0.39791033 0.7759384 0.93942314 0.826263 0.83929175 0.18581015 0.12647744 0.8680154 0.63787264
0.25004235 0.33313316 0.4319748 0.32553706 0.4877735 0.23038581 0.527992 0.38030833 0.16919771 0.039472256 0.5781638 -0.052049693 0.89400166 0.8733922 0.35828474 0.52626806 0.3456925 0.6339593 0.4909572 0.770577
0.5531341 0.5729594 0.34756693 0.35697812 1.0322487 0.60663766 0.16228433 0.82363534 0.8155802 1.028874 0.97894216 0.6567307 0.35628158 0.27674282 0.5696656 0.98307705 0.43383512 0.92436075 0.90838844 0.3393596
0.57519084 0.88300216 -0.001665418 0.7541239 0.45571002 0.8674511 -0.012819229 0.62424636 0.9339278 0.2712185 0.115328096 0.071794905 0.25086015 0.8134875 0.052590962 0.9248392 -0.027494874 0.031639732 0.28191546 0.69036984
0.15945397 0.7888004 0.42395937 0.4937536 0.2051771 0.25265127 0.75711673 0.2158765 0.3856612 0.0807426 0.27950555 0.5237595 0.8565214 0.027739683 0.36814368 0.24069317 0.59908545 0.57349813 0.7341763 0.89714193
0.5070511 0.76233137 0.5684638 0.6200612 0.50007015 0.7079546 0.5620899 0.48808897 0.5770971 0.15366502 0.17676647 0.20604895 0.14753814 0.50540495 0.84798515 0.11948819 0.5066722 0.4632614 0.70182884 0.86126906
0.38029072 0.7032476 0.29467228 0.32893327 0.83840245 0.33854496 0.669677 0.16820064 0.60134065 0.49191812 -0.03340758 -0.0426312 0.5521845 0.5480029 0.12703916 0.40321943 -0.034453772 0.79037875 0.8666874 0.65489936
0.85537004 0.24798113 0.95269483 0.8109131 0.7354712 0.7170515 0.25492302 0.14039984 0.54874927 0.6699246 0.16995466 0.7305607 0.22571453 0.48113677 0.7228924 0.58465725 0.6169323 0.27079812 0.8848755 0.8466806
0.34749597 0.98596376 0.94253516 0.6386494 0.45995188 0.32021257 0.45078725 0.15989222 0.88602346 0.9444526 0.9528401 0.13314864 0.6193996 0.10413411 0.27463308 0.37889996 0.26822883 0.18257315 0.7431503 0.24441108
0.9869153 0.35703185 0.22846343 0.29556522 0.8560822 0.908177 0.7795543 0.8500161 0.34002846 0.8674998 0.27810186 0.14483681 0.42331663 0.50838184 0.7853503 0.3342566 0.29355666 0.28650773 1.087999 0.8322027
0.95216686 0.2647396 0.3415961 0.3770197 0.8693456 0.6381188 0.37715253 0.89478683 0.07134367 0.8713109 0.17521325 0.21446866 0.82937944 0.5322511 0.041667223 0.9050286 0.8458976 0.6295517 0.63102454 0.93681395
0.418282 0.24991941 0.70821184 0.42686343 0.7454258 0.040103566 0.0014167824 0.5142278 0.5534107 0.24370691 0.5765896 0.6688588 0.75541323 0.5249726 -0.031319737 0.26724994 0.06789992 0.39775252 0.43429294 -0.14867538
0.50071275 0.5525911 0.1369732 0.3468745 0.3183378 0.3180435 0.48319298 0.18925871 0.15417798 -0.16370362 0.46135908 0.5818855 0.46071035 0.1271272 0.35642052 0.14332539 0.6641901 -0.060152374 0.5436186 -0.12990637
0.3547562 0.7048802 0.5896894 0.3239125 0.4511351 0.71936655 0.82697505 0.43697244 1.0568825 0.7758817 0.46216813 1.0401776 0.7184127 0.8836486 0.33561608 0.72316664 0.32188192 0.48418877 0.9325405 0.6247447
0.11356044 0.64622617 0.18137848 0.84229916 0.32104567 0.61921644 0.49955606 0.48800752 0.15882596 0.72859895 0.3639245 0.024165537 0.5755725 0.9227522 0.358569 0.48107055 0.07130016 0.18618508 0.7113715 0.5231068
0.2935855 0.37288144 1.0067114 0.30813578 0.80051214 1.0084004 0.4140157 0.54262716 0.6091011 0.21391414 0.3010112 0.41535634 0.10494736 0.46388716 0.25571585 0.9233108 0.38332868 0.24222876 0.1859111 0.9974169
0.40603998 0.50716096 0.24739975 0.98870414 1.1013054 0.3087832 0.43611273 0.71377194 0.8336007 0.48115894 0.7220438 0.65673053 0.2481456 0.8656445 0.63994646 0.77964705 0.65904754 0.22174639 0.8786089 1.0444666
0.64600754 0.50115293 0.27131283 0.85631394 0.80202276 0.8256675 0.17266084 0.790215 0.5280653 -0.048197627 0.43253362 0.54732996 0.2895899 0.7646385 0.47740015 0.6594743 0.8340321 0.13443348 0.7237283 -0.027322022
0.8724688 0.25348493 0.4797628 0.43504176 0.21056287 0.54643667 1.1544278 0.599647 0.5798964 0.6301421 0.6936743 1.0183711 0.6780824 0.92767894 0.81348705 0.275657 0.76928306 0.99088717 0.49020165 0.3143686
0.622368 0.029633507 0.107469685 0.7777228 0.31382746 0.114013255 0.58616513 0.723838 0.8536292 0.669385 0.2887376 0.054855797 0.8018005 0.21428108 0.73178303 0.7348349 0.104639426 0.3365993 0.5506679 0.23459995
0.520318 0.45349362 0.6971748 0.8670262 0.02762481 0.68645614 0.74871534 0.31170112 0.18946505 0.9170012 0.32788387 0.13961639 0.8502387 0.43850213 0.5952538 0.61409307 0.5927147 0.5351645 0.39577833 0.2532181
0.5158088 0.8169605 0.6172552 0.23671266 0.48281792 0.7526922 0.9157859 0.36087188 0.74580663 0.9326331 0.5060867 0.71242625 0.8140883 0.788035 0.5118799 0.117682815 0.9219114 0.7529413 0.3302368 0.85679895
