0.9689999 0.79512805 0.28882715 0.38153234 0.18651083 0.977452 0.5909354 0.7091807 0.23536988 0.47124 0.9087095 0.5925701 0.8052336 0.17655517 0.05102718 0.25672844 0.556199 0.7598506 0.11758474 0.30231303
0.47554317 0.17591867 0.6015144 0.49170604 0.70286095 0.5111687 0.6201628 0.49168372 0.5552789 0.24120721 0.2720234 0.6545618 0.4488578 0.5775947 0.22507645 0.8082291 0.1953958 0.5832763 0.8053179 0.49063924
0.67932016 0.50935125 0.8144985 0.7455103 0.7193839 0.86801356 0.086285956 0.7290105 0.74109465 0.8075503 0.72284436 0.54751074 0.23684499 0.18340321 0.759828 0.69399154 0.7109796 0.48060784 0.48841715 0.065413356
0.40657613 0.7123628 0.61010855 0.46199346 0.3791517 0.78407663 0.83269966 0.932228 0.57152766 0.39926386 0.19729209 0.30887923 0.9341989 0.6987361 0.4611413 0.23353927 0.18065614 0.5843727 0.759269 0.9060765
0.5113288 0.422311 0.649479 0.75448734 0.521932 0.27648523 0.41058815 -0.019283477 0.7036976 0.5399876 0.3196471 0.7934662 0.08513776 0.6451316 0.62171334 0.017669355 0.519572 0.047040302 0.43562368 0.28088942
0.22920933 0.32663152 0.53735554 0.32746038 0.35096815 0.89443135 0.8258393 0.62751347 1.000519 0.26530015 0.36178136 0.8825374 0.6298373 1.0612632 0.45490527 0.99468535 0.16747227 0.833486 0.8938287 1.040438
0.5837617 0.14917381 0.14344767 0.568906 0.6435665 0.04519881 0.78857553 0.56120646 0.47309667 0.25470942 0.13679202 0.76766086 0.3265175 0.7177145 0.2975903 0.53612524 0.41843826 0.8134398 0.0025409202 0.37427747
0.2351668 1.0577581 0.43100035 0.29874045 0.2322658 0.9791472 0.59110254 0.21802978 0.46581432 0.37127998 0.99613845 0.9898107 0.8163975 0.52010226 0.5533612 0.41806823 0.9346096 0.8777371 0.74208933 1.0718697
0.6609881 0.7619449 0.23553771 0.832943 0.53023845 0.08477046 0.46858442 0.57181394 0.64948624 0.7080174 0.7319029 0.7777808 0.66032976 0.069493145 0.8314997 0.12520853 0.35616794 0.35847896 0.5214255 0.21632339
0.29821533 0.66835463 0.7107198 0.23735195 0.47359535 1.0483598 0.5840844 0.4136072 0.43405068 0.22543386 0.11745604 0.38047773 0.58608174 0.36057204 0.9357128 0.44347063 0.08772747 0.47049877 0.99928945 0.7343451
0.2535113 0.25421146 0.92949057 0.47779512 0.046776336 0.8008233 0.9444648 0.7349851 0.69353807 0.89065015 0.10815268 0.9402581 0.60411936 0.46461356 0.55501425 0.18908338 0.67856914 0.6557153 0.18801259 0.9140344
0.7921312 0.07040873 0.55827516 0.35509664 0.09197649 0.4111949 0.4120602 0.8100529 0.18483162 0.68056333 0.27797145 0.72105724 0.9557175 0.19391502 0.43129855 0.20240724 0.27910966 0.16750106 0.6065419 0.37052804
0.90800434 0.49244413 0.8121694 0.91308904 0.30845302 0.7216156 1.0085937 0.20367835 0.32688367 0.93466216 0.76340866 0.38998643 0.70230126 0.20670472 0.5019604 0.9107166 0.6446374 0.20406146 0.28411096 0.23403272
0.57378846 0.63836956 0.5874661 0.6623504 0.9145042 0.7752678 0.40489972 0.17663331 0.35438105 0.6753236 0.31874546 0.66350925 0.3107896 0.22184898 0.67324823 0.8720259 0.31602228 0.28375012 0.5315752 0.27502802
0.59440154 0.26423895 0.9503113 0.33169624 0.33846408 0.7785145 0.9719853 0.17992893 0.94855857 0.67219037 0.13644627 0.45923096 0.12857984 0.1362639 0.37097827 0.31577668 0.2878302 0.7667962 0.55476534 0.8633391
0.5182449 0.12216864 0.6325453 0.6074383 0.19294836 0.5333828 0.43662235 0.6542346 0.25005323 0.42451125 0.6837446 0.7505176 0.52235645 0.3362914 0.46607947 0.61709076 0.45194602 0.23779143 0.7918388 0.84048164
0.75127244 0.43827638 0.7168291 0.2310893 0.73415726 0.48979476 0.32932392 0.9710087 0.5724399 0.4375126 0.4750406 0.8835682 0.660213 0.34087744 0.44443706 0.67732716 0.19735454 0.86017996 0.37843522 0.81554025
0.3467071 0.062262494 0.64134157 0.37220097 0.90317214 0.5222402 0.7874245 -0.00059321005 0.70639867 0.8659442 0.884166 0.90214574 0.76195925 0.79997253 0.7525007 0.0820272 0.11538418 0.38910526 0.3497802 -0.0043991287
0.54879206 0.72181165 0.4733933 0.8585308 0.93184894 0.10425931 0.52386934 0.23863542 0.7854286 0.5455642 0.3844126 0.27343965 0.9567924 0.80611116 0.71753037 0.23217043 0.28745335 0.34527272 0.72377473 0.95991117
0.37884516 0.32851407 0.87454623 0.24250592 0.8139177 0.009293066 0.60590917 0.5665684 0.74981046 0.21845645 0.51708156 0.5294466 0.9099905 0.89320695 0.43538803 0.5034392 0.3324902 0.18194729 0.50684536 0.3196473
0.8866939 0.35666823 0.17650788 0.23059213 0.46850008 0.66312116 0.5444577 0.48731485 0.6576661 -0.038926076 0.11940562 0.6499396 0.011740855 0.87471086 0.53717524 0.86609185 -0.044413947 0.53076977 0.04791571 0.3807261
0.7349309 0.27831802 0.86670655 0.3765481 0.25440452 0.47826108 0.08137105 0.9136832 0.19080791 0.5817184 1.0092974 0.61189497 0.08226742 0.6145437 0.7067165 0.23458996 0.5012648 0.76575387 0.24389854 0.5367118
-0.03286116 0.10415775 0.80000746 0.83737403 0.20387661 0.5531888 0.32199946 0.4896996 0.8638616 0.65813047 0.24220689 0.008150218 0.011013516 0.12180159 0.4779873 0.43583786 0.79237974 0.60284454 0.3901269 0.762913
0.35694966 0.5416415 0.7333196 0.63024765 0.75224173 0.5703291 0.83490723 0.4402038 0.3052613 0.4671907 0.6197076 0.16480131 0.22209038 0.28338453 0.79767513 0.75634587 0.8209113 0.83096343 0.5514938 0.5929648
0.73099405 0.6399927 0.13245288 0.7808276 0.17215484 0.9721018 0.872568 0.24551716 0.20236596 0.84453255 0.540532 0.8107469 0.12652208 0.28634304 0.4171953 0.04665144 0.4281783 0.59880066 0.48851755 0.87041956
