0.18508959 0.4443134 0.5122026 0.16697916 0.8525726 -0.0366221 0.80300367 0.17986037 0.69010127 0.261178 -0.030491356 0.45816308 -0.05908074 0.677843 -0.06257169 0.5656333 0.5371294 0.5187535 0.45163366 0.26321074
0.94688827 0.84242654 0.026760865 0.66093796 0.60240173 0.021427812 0.56595767 0.41855067 0.8941367 0.64827234 0.4635753 0.7762352 0.549012 0.7844056 0.45023316 0.108301565 0.4152729 0.5040616 0.3356173 0.10679359
0.47764054 0.17931052 1.0597649 0.8857314 0.7026329 0.20480427 0.7581491 0.6855418 0.84923613 0.29108876 0.33163798 0.27668497 1.0473216 0.41937596 0.18965662 0.45282817 0.7143596 0.18080519 0.8676411 0.75580686
0.65071887 0.23233749 0.8396725 0.6037797 0.5209042 0.33257946 0.55822307 0.24205208 1.0409433 0.2246609 0.813561 0.29779565 0.58890015 0.69872874 0.9186602 0.7418124 0.4266871 0.41909036 0.9295401 0.3402018
0.19805096 0.7646442 0.6039501 0.6949513 0.87365425 0.32213756 0.92793286 0.30907038 0.30112314 0.45106685 0.2759913 0.36577636 1.0026575 0.79776675 0.4799852 0.21513683 0.57262516 0.19321114 0.31373802 0.49146307
0.3183401 1.0042162 0.66209096 0.618989 0.29668567 0.72027504 0.15765907 0.15627834 0.35846657 0.5145312 0.9381018 0.39837754 0.37281048 0.8091274 0.6332094 0.5976448 0.3781407 0.6363394 0.15916446 0.28666592
1.048782 0.2854846 0.34028742 0.43355158 0.14440143 0.9069056 0.7361603 0.23719463 1.0104383 1.0054432 0.77312356 0.21021374 0.62024254 0.66658354 0.9816637 0.5415354 0.33221346 0.76415676 0.22941583 0.19634138
0.17970933 0.690246 0.5830858 0.36993694 0.28637376 0.10137242 0.219844 0.67344576 0.36148623 0.8614559 0.16307776 0.34031126 0.99978626 0.60068464 1.0237565 0.9436039 0.37163398 0.3929925 0.40942064 0.65239555
0.2666088 0.5338464 0.4962224 0.43990415 0.8609984 0.643846 0.70548266 0.5094253 0.31787312 0.2745331 0.4498108 0.75123173 0.2820072 -0.05486679 0.7336084 0.69705105 0.16910253 0.045825522 0.1857746 0.3295984
0.24820466 -0.016978458 0.61601293 0.8785744 0.8270682 0.50607485 0.8924151 0.21407817 0.8232974 0.82743216 0.17895652 0.7487592 0.8459349 0.32013446 0.1464039 0.8241471 0.41304597 0.8325025 0.670067 0.81035364
0.7072025 0.22257571 0.9201869 0.8562962 0.66419035 0.6914151 0.31224224 0.33286998 0.36097458 0.4343453 0.4329659 0.38711616 0.8757016 0.3263953 0.56200314 0.5188183 0.16604546 0.7928507 0.90466833 0.76853496
0.2797123 0.65224355 0.20350294 0.674935 0.86380225 0.15030886 0.020847945 0.07198112 0.24694316 0.28242207 0.18199834 0.7167451 0.60195094 0.20453082 0.7236265 0.87868655 -0.009590642 0.61836994 0.65317994 0.66452384
0.6808046 0.37888584 0.20172858 0.18052351 0.19341469 0.18609513 0.4681091 1.0078899 0.1438324 0.75333494 0.9867187 0.937274 0.64715344 0.1191561 0.75782156 0.9010681 0.4604079 0.3875243 0.2879786 0.3540621
0.90616864 0.62187546 0.5498858 0.38968593 0.28604376 0.045819603 0.13976079 0.6652951 0.7775107 0.95316875 0.14497854 0.44103187 0.23923358 0.9167877 0.80407274 0.669013 0.044534035 0.53303456 0.13214445 0.7125922
0.9773697 0.9493654 0.2992087 0.54248416 0.65345955 0.3027039 0.5138303 0.25611567 0.28282708 0.74110174 0.22161813 0.33655736 0.42715606 0.7291813 1.006541 0.6688107 0.7358575 0.82531935 0.3664914 0.5493857
0.2183374 0.27075648 0.3636664 0.27701664 0.3237081 0.8657287 1.0212376 0.486825 0.79043823 0.4608862 0.9015891 0.9265611 0.81365335 0.22869661 0.6985835 0.7164942 0.19006678 0.73630977 0.6862228 0.6315677
0.75206995 0.5509591 0.20187603 0.57396555 0.50379676 0.6853967 0.46520546 0.41132402 0.48914853 0.34578502 0.584547 0.34653395 0.43073204 0.8172715 0.2631624 0.38206223 0.73534364 0.20261784 0.75924945 0.6607413
0.9300667 0.5475525 0.4465968 0.8429643 0.6413059 0.30994236 0.23012242 0.49184152 0.44844562 0.6227684 0.54592663 0.7271099 0.10042058 0.62547916 0.783135 0.55361336 0.43282056 0.8429694 0.35072443 0.9651046
0.8227097 0.043272685 0.078032576 0.8856656 0.42281345 0.16004983 0.8972568 0.2353182 0.9461177 0.1416284 0.6061608 0.82813996 0.7415598 0.39913762 0.62716764 0.63525623 0.70613873 0.79656315 0.8341048 0.7485855
0.42037877 0.76193964 0.9167117 0.6188967 0.86167115 0.8037472 0.8584536 0.026699193 0.18013468 0.99000204 0.53855467 0.7895038 0.5045324 0.38777992 0.059831887 0.2670183 0.29069644 0.50569665 0.8649649 0.72521794
0.24868786 0.77407813 0.88006073 0.9776359 0.6922176 0.6784893 0.6690832 0.6689037 0.99570763 0.6026817 0.6902956 0.4051198 0.489495 0.10931488 0.37717748 0.12799434 0.80756474 0.5240485 0.76682585 0.15933193
0.81106365 0.6241839 0.13388291 0.9365597 0.6882399 0.6066745 0.75364316 0.5125808 0.53672445 0.9476428 0.9285583 0.7350379 0.55790883 0.8211437 0.32093024 0.30806053 0.18212983 0.027474154 0.26261875 0.68484366
0.8653711 0.3170279 1.0234605 0.29859096 0.9008306 0.86513895 0.15566221 0.49076408 0.4541435 0.58483857 0.63870627 0.2446919 0.5892555 0.8486969 0.9488279 0.23333794 0.76387495 0.61866605 0.13849656 0.62927717
0.384267 0.66953135 0.1976642 0.6426555 0.8499752 0.66298515 0.16949774 -0.06634202 0.037307337 0.09069248 0.8189511 0.21475902 -0.019652193 0.481881 0.51111335 0.05725033 0.59907615 0.8119594 0.7670994 0.5207157
0.6631332 0.6242316 0.9219776 0.40724358 0.5457725 0.44070122 0.8021274 0.7777569 0.33088058 0.28626004 0.3440407 0.7452784 0.09730204 0.9628149 0.18384574 0.930325 0.18171002 0.37266463 0.13311002 0.45529938
