0.81604576 0.48334545 0.8768708 0.42716053 0.72985876 0.27416822 1.1198523 0.3281929 0.477464 0.9350116 0.38927776 0.95864564 0.3898597 1.1140252 0.6938708 0.21646518 0.76345986 0.86527646 0.29788885 0.59196407
0.28859124 0.5621231 0.1234671 0.4764845 0.5698317 0.92458576 0.5747309 0.7182193 1.0186769 0.707968 0.8070352 0.16402084 0.099439554 0.6632752 0.12776028 0.26741052 0.60721064 0.4367461 0.2298068 0.63551724
0.6655235 0.7804983 0.7062938 0.28062326 0.48289782 0.79069316 0.38780057 0.27523777 0.98957926 0.3258485 0.42683068 1.0817826 0.9511222 0.5386393 0.4100305 0.339431 0.36852825 0.6324703 0.6847411 0.31053025
0.29099858 0.42171606 0.6804653 0.83605736 0.83610195 0.35029817 0.9924329 0.34164047 0.61968267 0.14792113 0.94305414 0.41315696 0.2895117 0.5704141 0.60455936 0.99791443 0.59250355 0.5972322 0.9942355 0.14124411
0.861 0.775183 0.6651845 0.7112728 0.71822244 0.51246154 0.5200997 0.33416283 0.031193804 0.87051636 0.37825236 0.7829166 0.33781707 0.2687447 0.26281095 0.363454 0.74270254 0.33192536 0.17478931 0.5236891
0.44134143 0.3530097 0.5007362 0.51913446 0.53498656 0.44249675 0.37712312 0.7524106 0.8490744 0.5356327 0.20928366 1.0876726 0.6049667 0.80381376 0.66654444 0.82191163 0.55427676 0.211641 0.6777462 0.4179151
0.30699718 0.2970872 0.4344855 0.32990822 0.4574753 0.49688363 0.6168777 0.8225781 0.87002623 0.5069555 0.36934307 0.9001288 0.5176836 0.72634006 0.74719 0.48354486 0.53745055 0.6544536 0.84572804 0.792152
0.8328572 1.0287734 0.21226758 0.62485427 0.4707181 0.25618607 1.1161972 0.422837 0.9861777 0.27458677 0.7042985 0.3444081 1.0314744 0.99951005 0.73098934 0.23978937 0.18750256 1.0943832 0.38365266 0.79840785
0.43482646 0.49986392 0.10586592 0.5527102 0.08930616 0.28396958 0.7818415 0.024107607 0.5604933 0.37596196 0.8699337 0.8370668 0.027241347 0.93347925 0.7660651 0.87954074 0.38198474 0.7057317 0.86688995 0.088723846
0.91381514 0.81108767 0.46665862 0.40610167 0.6189648 0.93037534 0.37120685 0.3342097 0.07853472 0.6141601 0.6213841 0.3059451 0.0665805 0.6089783 0.32872808 0.038996935 0.87632906 0.7186415 0.45401162 0.59490156
0.68298453 0.45546427 0.29839286 0.10323298 0.922861 0.44736254 0.42127362 0.96554714 0.61452085 0.7464177 0.9943878 0.6037591 0.82125306 0.65660214 0.67625546 0.9682113 0.28591433 0.18780072 0.12682642 0.38767487
0.69193953 0.33430782 0.8781089 0.79986274 0.9377755 0.33668363 0.30547097 0.8288259 0.2941116 0.41763997 0.22631499 0.081245355 0.2755786 0.70895666 0.17442551 0.39087632 1.0370704 0.23383434 0.25506955 0.995262
0.3020303 0.2095269 0.78113765 0.0318033 0.5017779 0.3638317 0.51138836 0.77675146 0.6386499 0.51444733 0.22114195 0.72076005 0.5943333 0.61014384 0.54226077 0.46871588 0.25790176 -0.098963805 0.104026146 0.43381324
0.25923586 0.14513294 0.58165544 0.84312963 0.32324004 0.832331 0.5754046 0.36293635 0.6910383 0.44904056 0.12144682 0.68967175 0.32825363 0.8860439 0.798034 0.0046286895 0.3855166 -0.061456874 0.06733342 0.24785809
0.92686677 0.0036302553 0.7638504 0.027333217 0.5578154 0.6533461 0.7820864 0.8369936 0.42202395 0.44511366 0.9417173 0.08014171 0.7861409 0.48132053 0.6476201 0.19726981 0.27817664 0.546136 0.25471348 0.2810541
0.2875787 0.39777264 -0.058600098 0.2972056 0.73050964 0.8847447 0.59488165 0.6471137 0.8903677 0.29728252 0.3198894 0.09003858 0.5996825 0.16121978 0.7133981 0.48035592 0.25296 0.5438471 0.44906816 0.17754559
0.13578318 0.15440609 0.3604424 0.8774322 0.95878506 0.88105017 0.14537384 0.9593268 0.7633025 0.8584492 0.9858889 0.23926091 1.027932 0.27047664 0.56720316 0.49296108 0.54301804 0.39642698 0.8550927 0.0889229
0.48621625 0.45711857 0.6128016 1.0521743 0.5929688 0.7362445 0.9131131 0.43837887 0.64466125 0.8199396 0.4261378 0.8325086 0.84699315 0.5715548 0.30542073 0.6103209 0.8516465 0.6108883 0.6020295 0.36364073
0.6271082 0.64275104 0.72012836 0.83845776 0.97869885 0.95378447 0.88892996 0.28174484 0.32984695 0.14196467 0.31923506 0.9108433 1.0012528 0.12836261 0.17864393 0.8519035 0.30163133 0.23912868 0.37652054 0.85561186
0.34037003 0.4512192 0.80865365 0.23648076 0.8527398 0.48289672 0.75026387 0.54658663 0.7966178 0.8768065 0.7976805 0.3125677 0.45939457 0.22297964 0.5610371 0.8543956 0.7095951 0.48340565 0.22750917 0.57196814
0.18649355 0.96755046 0.51484764 0.32348388 0.9847041 0.66777074 0.2489341 0.31749418 0.4645084 0.8635797 0.8482395 0.57162136 0.41604692 1.0328174 0.7281516 0.23852818 0.7270775 0.9962723 0.7765228 0.79124814
0.9278545 0.57466364 0.33725023 0.5743546 0.24777777 0.23499946 0.80682206 0.35087177 0.44356874 0.47181877 0.2088608 0.2533384 0.5370059 0.3567168 0.66946805 0.64292175 0.51041317 0.77429044 0.1473271 0.917459
0.9360167 0.33280352 1.0307975 0.7597496 0.33428976 0.20115964 0.20161009 0.38005847 0.9829155 0.6449313 0.32936922 0.5847387 0.26221198 0.86341023 0.57794666 0.48376417 0.782624 0.79602647 0.47388083 0.40374845
0.2539633 0.35147533 0.15239836 0.8810722 0.21124552 0.3591454 0.37799934 0.60848564 0.12163784 0.9695217 0.7554087 0.8905159 0.6468308 0.154274 0.92062503 0.29409915 0.93637437 0.12915523 0.30993366 0.74462086
0.3117002 0.9058374 0.8631639 0.2626546 0.968235 0.26183096 0.30968037 0.47457352 0.26818752 0.7145381 0.40023273 0.48522317 0.71197486 0.95254445 0.7868197 0.27831864 1.0390841 0.2724138 0.29370034 0.9630269
