0.19382705 0.33515406 0.16721088 0.21521048 0.24911268 0.97516894 0.76536256 0.7804163 0.49648637 0.792764 0.9830321 0.22113048 0.7503011 0.9736825 0.32099167 0.8917922 0.58905435 1.0280558 0.5816746 0.18407357
0.8689265 0.8860588 0.9420985 0.9092274 0.3620333 0.11016883 0.7251695 0.6641152 0.42559436 0.9903883 0.417245 0.96571517 0.74369097 0.10367737 0.9685347 0.20713624 0.65775895 0.915147 0.40614083 0.6058096
0.52446604 0.64023155 0.43238816 1.0136029 0.12829712 0.23753096 0.58063465 0.7181112 0.95704883 0.43121025 0.24590583 0.67489207 0.5517963 0.36504576 1.0594044 0.6967328 0.49041867 0.8573592 0.30539855 0.72913957
0.509082 0.6244208 0.6323474 0.45241797 0.66380733 0.77655816 0.6076919 0.94476914 0.07096505 0.94888574 0.7534778 0.157072 0.89089346 0.1432588 0.48232335 0.838153 0.74025726 0.30949154 0.8958395 0.18324597
0.645792 0.20366982 0.352208 1.0757842 0.6973333 0.64588904 0.8072873 0.24379453 0.21960394 0.73244405 0.40240613 0.5106056 1.1348454 0.5231911 0.6286577 0.6697951 0.80445 0.56528264 1.136828 0.6525383
0.3929502 0.70288146 0.415393 1.0838603 0.6732992 0.27320966 1.0723413 0.5711587 0.81440455 0.82734853 0.41521046 0.7027646 0.47719973 0.76972115 0.49416944 0.27625003 0.27975342 0.21894933 0.27633324 0.678042
0.5094182 0.41301885 0.6998318 0.34446844 1.1124375 0.25175583 0.44408453 0.5212762 0.7082202 0.49774456 0.78139764 0.20929489 0.9206454 0.31854686 0.76442665 0.5384034 0.99759245 0.18738586 0.21775417 0.8538831
0.9380244 0.80286807 0.37379912 0.06772127 0.6659156 0.093194604 0.20624848 0.6043127 0.6269619 0.10419524 0.42599663 0.85135365 0.0869028 0.7678344 0.11085355 0.42851177 0.24045143 0.77050436 0.18538126 0.23774396
0.37418792 0.3527425 0.15223148 0.6510434 0.5154736 0.8343229 0.4594878 0.12972306 0.9018353 0.56915724 0.12160817 0.59985703 0.26256922 0.6342596 0.5093704 0.35768846 0.92181194 0.6988984 0.24862033 0.60815144
0.3538634 -0.020285932 0.47363743 0.61372584 0.83656317 0.8151267 -0.03856557 0.8660786 0.18176518 0.7417891 0.61805105 0.077185154 0.304902 0.8238695 0.7501 0.41070977 0.48639303 0.26087484 0.06935993 0.19993706
0.78992 0.28335276 0.78375244 0.61052173 0.4613857 0.34647885 0.6955861 -0.119561724 0.08826901 0.018835338 0.7849364 0.07122505 0.35752392 0.5304562 0.66078496 0.2913361 0.24859509 0.5158115 0.75871176 0.60789424
-0.016913194 -0.13604955 0.71623945 0.7114549 0.28745672 0.6244524 0.22779782 0.3845484 -0.13679788 0.42672002 0.23568064 0.25435627 0.5027291 0.53171617 0.7484801 -0.024328375 0.47480303 0.5182416 0.20844099 0.5642391
0.069505416 -0.02538116 0.796584 0.77494717 0.2420791 -0.11314537 0.48552644 0.42524767 0.7693932 0.32926768 0.14050077 -0.11478238 0.514504 0.4530278 0.39218867 -0.026373055 0.07872167 0.74040216 0.7003589 0.6188433
0.6609823 0.85158426 0.087981716 -0.057123784 0.70268583 0.22120035 0.35841927 0.24333642 0.32813582 0.6972898 0.23693514 0.681256 0.86121505 0.5153409 0.75837755 0.32568938 0.88669807 0.4851361 0.53782135 0.82683736
0.11305245 0.60273165 0.7199834 0.24231797 0.5813469 0.89968497 0.84543586 0.067255266 0.1731304 0.24124733 0.95673543 0.34232366 0.38966706 0.54518324 0.58464694 0.5834012 0.8103981 0.14918546 0.33387414 0.9093518
0.45071286 0.5496739 0.9375315 0.5030186 0.44594628 0.76431435 0.65170014 0.20233443 0.5539112 0.9162743 0.5589072 0.42102304 0.2787378 0.63816905 0.15622537 0.124222696 0.66705835 0.8534267 0.77029335 0.98305106
-0.024286028 0.25010803 -0.044641495 0.34830892 0.6701028 0.6227417 -0.04573259 0.05241451 0.06778616 0.19839413 0.77748406 0.8287139 0.42982417 0.06667078 0.6807466 0.6637489 0.080667764 0.7269822 0.54195553 0.40802568
0.17585759 0.8061319 0.3815651 0.03935002 0.60804296 0.22903119 0.5704655 0.091651276 0.5330357 0.25494164 0.97112644 0.121750616 0.124384195 0.98092306 0.5751004 0.28980792 0.21465358 0.12545492 0.6451595 0.8218241
0.48488975 0.997077 1.047942 0.26161003 1.0024048 0.48511282 0.44041786 0.4298558 0.5316791 0.53583777 0.45417115 0.24790642 1.0265292 0.85585517 0.2837442 0.5588371 0.5928066 0.66522527 0.38837528 0.30623227
0.11139264 0.6756257 0.4834771 0.85560626 0.23900196 0.29781553 0.9140385 0.14264205 0.5664064 0.52249473 0.60277355 0.53927964 0.45957047 0.29928696 0.97488075 0.045167074 0.10009228 0.90154195 0.60846436 0.92716724
0.512409 0.1918017 0.2906334 0.4206566 0.08027151 0.44308805 0.63245296 0.15258701 0.51442504 0.87785286 0.4628489 0.79225475 0.14590652 0.37863964 0.61631566 0.4321983 0.6683894 0.32262826 0.16313799 0.4592503
0.59700066 0.12001096 0.64722097 0.18395044 0.46106404 0.22585648 0.534295 -0.0493247 -0.02960023 0.021162199 -0.05678031 0.76952523 0.28338608 0.79568917 0.6419638 0.51887006 0.33994812 0.5941427 0.087616466 0.6274865
0.8298075 1.0056796 0.43612397 0.96026105 0.71823335 0.5357042 0.20427448 0.39673406 0.18508656 0.57412773 0.6253502 0.5927179 0.48937693 0.16771844 0.48023725 1.0972599 0.98977 0.56333447 0.8939499 1.0215073
0.9876771 0.7883404 0.2182125 0.28857225 0.9161221 0.9214221 0.27593395 0.64162457 0.22668023 0.80149627 0.7405254 0.31944036 0.75224054 0.9766864 0.24440783 0.09353773 0.56314754 0.83347565 0.86323094 0.09332706
0.31739414 0.17443949 0.75570863 0.2799175 0.3587116 0.4266437 0.4605525 0.24674211 0.7787014 0.42644292 0.7802124 0.57642955 0.59264517 0.5022533 0.5606371 0.9161259 0.95257384 0.54084045 0.13570121 0.28921917
