0.64404964 0.9300567 0.49196568 1.0021122 0.17426775 0.49268743 0.8897027 0.3836471 0.4582215 0.27534813 1.0445108 0.80021554 1.0406156 0.60571855 0.7463809 0.5651613 1.0338072 0.8524187 0.24041937 0.2458424
-0.042778045 0.6785985 0.67985624 0.0989834 0.6485075 -0.13278542 0.42794842 0.7098232 0.42011413 0.2355517 -0.024569714 -0.02888468 0.7149333 0.22687942 0.09294043 0.7926595 0.32180578 0.31424835 0.38896072 0.6873315
0.9565135 0.16491005 0.18926036 0.55319035 0.58230716 0.9862993 0.20627123 0.58483666 0.4290272 0.4049594 1.0643144 0.29603106 0.88585055 0.7003917 0.6598268 1.0185477 0.6563095 0.79328036 0.7757627 0.9287242
0.71227 0.072575934 0.4878713 0.79498494 0.8470113 0.9282073 0.71939105 0.5507344 0.37796918 0.7212553 0.4949268 0.63369083 0.46941513 0.1691924 0.06702602 0.412935 0.45565665 0.89696854 0.86239886 0.79089016
0.16283289 0.37830904 0.72431475 0.3663653 0.7387487 0.67917186 0.45634052 0.2515192 0.8583343 1.029723 0.9066567 1.0602541 0.6813047 0.84370977 0.18962301 0.42180422 0.14891118 0.24142139 0.6177495 0.5575315
0.24712348 0.5065318 0.6064165 1.1017715 0.5758049 1.0288063 0.7600401 0.38511124 0.38040277 1.017185 0.8068414 0.80636483 1.1065758 0.26023054 0.4800304 0.35792837 0.42116094 0.24006186 1.1111321 0.7119838
0.97130114 0.6968354 0.7080732 0.40108302 0.5655112 0.8329263 0.446399 0.379976 0.45145085 0.3158504 0.8425686 0.59418565 0.6523582 0.7804472 0.12210165 0.6383743 0.9060289 0.03202367 0.42449763 0.66483086
0.4781414 0.1646967 0.9620328 0.42500553 0.73326 0.25104198 0.529506 0.41983387 0.59947014 0.3109645 0.983679 0.53517056 0.33148953 0.3923407 0.34776568 0.70759434 0.32235482 0.44867694 0.59265864 0.6542002
0.5541661 0.7522235 0.41550708 0.52738893 0.7961011 0.37522602 0.3331618 0.36265466 1.0778095 0.8146181 0.79628444 0.9816635 0.18376333 0.8357669 0.86958617 0.5177414 0.4010684 0.69822943 0.74755096 0.65263736
0.91663474 0.7611623 0.3642901 0.46906382 0.68423074 0.5746719 0.58753705 0.19458857 0.26408878 0.45639837 0.35235482 0.08967176 0.15856574 0.8558118 0.9265381 0.83213216 0.5874389 0.13443919 0.2680024 0.7212338
0.35407978 0.9490242 0.33861768 0.6856377 0.6724433 0.45089695 1.0044059 0.82955253 0.6464601 0.22871345 0.8115534 0.42641208 0.7887728 0.41006342 0.48080608 0.14326191 0.86241114 0.857101 0.82840854 0.933738
0.70921516 0.3093283 0.30147222 0.50629926 0.39885432 0.3045978 0.16631046 -0.13518935 0.59374046 0.24105203 0.51708424 -0.105025895 0.7407181 0.3791951 0.44540387 0.18213844 -0.07908339 0.41261286 0.7281484 0.7098268
0.29592106 0.6634939 0.7320319 0.23774531 0.8925762 0.8571272 0.9748407 0.91198224 0.9566701 0.121575125 0.17719956 0.77525496 0.8225374 0.0777613 0.6310854 0.45515394 0.26791698 0.5483605 0.5600012 0.6828296
0.08719568 0.63799477 0.63517565 0.551719 0.6507719 0.5564452 0.58350754 0.4226402 0.18793185 0.25985864 0.08708422 0.76067185 -0.04795217 0.2040274 0.66397405 -0.08419956 0.76093894 0.6938387 0.70065916 0.3384396
0.17009418 0.76113003 0.42558837 0.5213306 0.31506965 0.2070904 -0.016917381 0.29973984 0.76056933 0.10557621 0.69851595 0.11769861 0.11174555 -0.06575909 0.31319442 0.60785705 0.5997108 0.7794276 0.41859126 0.2736471
0.18891558 0.60952806 0.6633972 0.80999804 0.25810704 0.14257139 0.7374234 0.8589575 0.6615511 0.17692292 0.25084955 0.3095914 0.5897966 0.50711936 0.3800184 0.82038003 0.43816388 0.9630969 1.0670062 0.89507467
0.70111877 0.3344484 0.90399164 0.3184146 0.2370414 0.17799583 0.22109628 0.9602398 0.5015143 1.0290186 0.8265996 0.80238444 0.38131037 0.95625377 0.3244653 0.8531871 0.35614908 0.60194117 0.27677393 0.70138836
0.103832625 0.7090198 0.80813664 0.29434463 0.46557677 0.46258873 0.7228959 0.15066327 0.5929118 0.8011147 0.7974337 0.6688005 0.7569818 0.4686649 0.8258003 0.7955363 0.360718 0.6216625 0.922625 0.30976817
0.759203 0.8901875 0.9179345 0.8778496 0.85477316 0.446409 0.33809432 0.8043703 0.21764165 0.9750851 0.898893 1.0474408 0.299826 0.69603443 0.9396122 0.19196855 0.5024131 0.5179605 0.13934433 0.44833094
0.565458 0.5757301 0.68404114 0.94862264 0.19262101 0.77889717 0.33193758 0.25550324 0.47972852 0.5133351 0.55201304 0.6662547 0.66669023 0.7487299 0.25269532 0.14021449 0.7810581 1.0313995 0.3714722 0.7947272
0.87517595 0.59415823 0.8781218 0.6016854 0.23797135 0.64538693 0.7172531 0.40112072 0.32978785 0.6748333 0.5179677 0.29517555 0.76114076 1.0612161 0.12883112 0.2960062 0.3901499 0.7476945 0.72827697 0.48233545
0.2889656 0.6950837 0.26611948 0.29805666 1.140881 0.43140233 0.5964525 0.8233604 0.51766133 0.8140999 0.44426697 0.37435666 0.6396371 0.9790658 1.2158065 0.5591822 0.3283663 0.8269816 0.39044553 1.0431688
0.54256886 0.34898603 0.49634156 1.0713431 0.3864746 0.9793055 0.350266 0.24681278 0.5631403 0.43100724 0.80635357 0.43353632 1.1133333 0.7891105 0.9694164 0.6367812 1.1376429 0.6087934 0.25632218 0.49515763
0.41441467 0.15855569 0.25022444 0.09271418 0.53669435 0.84650886 0.60765874 0.10453399 0.23735115 0.8751588 0.34124628 0.9616005 0.57727796 1.0142338 0.86018604 0.6897691 0.909307 1.036756 0.11357458 0.9037475
0.9821763 1.0598758 1.0674139 0.7598672 0.901714 0.8537572 0.46062556 0.15794364 0.5200798 0.71444255 0.37392107 0.1196524 0.86567056 0.66751313 0.13243762 0.78615487 0.7845582 0.36518016 0.27359858 0.99478716
