0.21942833 0.5402602 0.76721895 0.8654916 0.69605994 0.9766437 0.73750585 0.19254959 0.3143209 0.5586953 0.76672125 0.15328346 1.0711749 0.77449113 0.78496534 0.3799876 0.630088 0.97294295 0.46005696 0.9536586
0.25638932 0.6106872 0.4020709 0.0661685 0.6460164 0.5701466 0.12905312 0.11673727 0.57890284 0.38614827 0.6180636 0.5297723 0.31434742 0.36893335 -0.23849717 0.45661953 0.37208343 0.3276999 0.6136383 0.22540797
0.7930231 0.5487585 0.7821335 0.13599081 0.29540414 0.9704294 0.72590643 0.6266734 0.6975365 0.4721721 0.12320056 0.2282567 0.7254434 0.22762682 1.0608326 0.6735823 0.17608234 0.19981124 0.94669557 1.0531781
0.119528174 0.84357893 0.41926146 0.3556938 0.10798674 -0.002019959 0.6294913 0.79133415 0.850847 0.7733852 0.032843426 0.6538773 0.8827865 0.19440705 0.7411176 0.9222137 0.7507969 0.2629615 0.28333598 0.32805324
0.8140592 0.731865 0.15845971 0.26729804 0.27229467 0.49827504 0.8163091 1.0576235 0.5701433 0.44018155 1.0077417 0.89706117 0.81536007 0.3618156 0.99516076 0.51455206 0.5004715 0.22365677 0.22971919 0.22290069
0.18746419 -0.11265676 0.6464537 -0.03868078 0.4694917 0.5826309 0.2088634 0.0075465995 0.21460783 -0.08909623 0.4246381 0.11095781 0.59992385 0.6375183 0.40880302 0.22927237 0.6747248 0.32918388 0.11708399 0.32190904
0.596132 0.7107458 0.8036989 0.043150287 0.3951434 0.18320759 0.84483576 0.7453006 0.4051668 0.6045002 0.18948552 0.46167636 0.5008778 0.31232995 0.43416023 0.97981405 0.5765803 0.17182757 0.3986939 0.7261059
0.6046121 0.71036106 0.54276204 0.8904959 0.07562153 0.4411059 0.34833255 0.013983806 0.021929434 0.48404956 0.9206895 0.6585253 0.9091741 0.1153445 0.5277453 0.49729174 0.3017662 0.7570477 0.17707187 0.90399826
0.12833603 0.8202337 0.8950867 0.044389512 0.57554644 0.81837845 0.48546857 0.38450885 0.7116496 0.3979103 -0.01404471 0.2504415 0.70612454 0.7917378 0.21952155 0.013756707 0.79913026 0.5203141 0.74737513 0.7270449
1.0016985 0.45757526 0.74139935 0.62456256 0.6440629 0.24574946 0.3884781 0.19072776 0.6718824 0.42556134 0.55211395 0.7691979 0.6179768 0.22787967 0.18434584 0.46390876 0.8807077 1.0822455 0.91843426 0.5901753
0.35529616 0.13873352 0.32686612 0.88770884 0.00047570732 0.8131724 0.45633286 0.1409434 0.06567511 0.50755066 0.3200432 0.72000736 -0.008347724 0.31590253 0.6984575 0.6786365 0.15095575 0.7296763 0.12637456 -0.014203989
0.14640236 0.308106 0.119557686 0.42888317 0.7617218 0.4029694 0.8758253 0.11400043 0.60067093 -0.0636087 0.8579261 0.84150755 0.64246726 0.32566658 0.27109927 0.6120922 0.7868992 0.4714702 0.805841 0.80893505
0.8628434 0.2986154 0.16532716 0.4458227 0.544612 0.7406773 0.72360945 0.14826354 0.6776902 0.110774465 0.8434733 0.40599144 0.6406341 0.4756895 0.7199771 1.0307574 0.9091297 0.7219641 0.21116458 0.7973988
-0.030027969 0.43636653 0.25548133 0.2310799 0.7706687 0.25520882 0.36866918 0.3845338 0.67404443 0.17296182 0.12278542 0.80961376 0.90071845 0.43288267 0.6015594 0.7135721 0.7078432 0.11008816 0.2780294 0.5835697
0.894627 0.5404953 1.0974659 0.35322732 0.48971558 0.5683092 1.0125171 0.8253582 1.0851752 0.2801288 0.88324785 0.2310966 0.25809386 0.5245837 0.71891814 1.0136398 0.22144592 0.21288186 0.87486047 0.58566505
0.49393693 0.355449 0.61807823 0.9325563 0.15832736 0.2799862 0.80596006 0.7167367 0.25188854 1.0025773 0.8285162 0.6706169 0.9957465 0.9301765 0.9475729 0.62500054 0.9414514 0.33356747 0.7196477 0.07280848
0.082075976 0.4347973 0.7701768 -0.06986759 0.011195279 0.3097104 0.53258103 -0.08853674 0.7817767 0.48560804 0.19420223 -0.08845593 0.55362266 0.71536005 -0.08630624 0.51060337 0.6886975 0.6920061 0.45665744 0.26845476
0.4346959 0.44391912 0.35487133 0.86795276 0.6550674 0.43253714 0.3823136 0.6727105 0.8281545 0.14359912 0.7924042 0.14747478 0.9092513 0.8822336 0.48626792 0.17042834 0.21339686 0.30098325 0.3382498 0.7169047
0.69914687 0.052510343 0.4587369 0.38190597 0.16502388 0.40732384 0.6237113 0.019678324 0.4530732 0.48387787 0.24080715 0.19807194 0.20269206 0.5411847 0.8742206 0.44288453 0.792482 0.66601133 0.5011937 0.51922107
0.9345551 0.5958901 0.13389271 0.8046739 0.8673289 0.8207842 0.64377695 0.5012631 0.047000982 0.7597322 0.53778934 0.44827107 0.46376914 0.5685776 0.085601985 0.09827446 0.24751428 0.5148601 0.04239869 0.8681176
0.2473589 0.184663 0.9902249 0.5194524 0.46335396 0.18670413 0.5122003 0.36698726 0.38793075 0.7593726 0.45568112 0.93592453 0.39586627 0.7681147 0.65054786 0.8648502 0.7483912 0.6067522 0.6686529 0.73876953
0.40118444 0.8326045 0.22491693 0.43844402 1.053183 0.3850796 0.11560215 0.7967014 0.9384154 0.68029815 0.4543345 0.956721 1.079123 0.23292372 0.42341408 0.428337 0.604444 0.96441025 0.7574461 0.8905328
0.46712574 0.27918714 0.070128806 0.017383894 0.8736968 0.84854954 0.35594994 0.8858416 0.18612145 0.8135233 0.04731083 0.36670583 0.6331632 0.46091917 0.8699601 0.3856948 0.77665883 0.65592504 0.51117086 0.44964334
0.608416 0.05531951 0.37531236 0.6889955 0.47055602 -0.03982021 0.5125319 -0.18695395 0.4108026 0.54255724 -0.12233205 0.7434421 -0.038912985 0.11655012 0.3712599 0.6305935 0.4665177 0.56087613 0.55650586 0.45552877
0.58533067 0.30480856 0.32536128 0.69791144 0.5073589 0.0053689317 -0.028710164 0.5818327 0.011651091 0.7419737 0.02866492 0.700568 0.70338935 0.77682513 0.50968325 0.24661437 -0.0117438035 0.88404036 0.8709667 0.3165877
