0.69048166 0.32680765 0.5255509 0.12519805 0.5180143 0.9165556 0.79912466 0.64538074 0.8678244 0.056435272 0.12690067 0.34782916 0.9483199 0.22137477 0.22242054 0.5251975 0.45211864 0.65912193 0.5151174 0.34466875
0.7568822 0.20339856 0.34554666 0.47400856 0.50838083 0.70221287 0.34019214 0.91913897 0.50064844 0.8938506 0.71270174 0.5722033 0.17903621 0.37277058 0.112962656 0.8774105 0.27240378 0.77196544 0.5145532 0.26698565
0.30887237 0.057368204 0.5283917 0.63234216 0.36160988 0.5274652 0.7095567 0.17922662 0.62703955 0.4052452 0.32410842 0.6104635 0.18752374 0.55583435 0.6214054 0.61892146 0.9273545 0.840768 0.89022875 0.24020654
0.49904758 0.17127398 0.86755764 0.16694124 0.94406724 0.28658912 0.26937756 0.13473064 1.0430124 0.96073556 0.98358995 0.79013205 0.40041974 0.7615471 0.19491303 0.78027105 0.5877288 0.24523993 0.7128213 0.62163043
0.8376204 0.23106776 0.91630906 0.33014745 0.6252223 0.55739915 0.23093188 0.49674135 0.5237416 0.7065294 0.66009194 0.47024393 0.79527044 0.41810367 0.95572025 0.08175465 0.7685066 0.67658234 0.7742884 0.30811122
-0.06895169 0.60119087 0.7003815 0.063350804 0.589997 0.0015814028 0.6910924 0.6120789 0.5698743 0.17543541 0.5422218 0.69295025 0.6229837 0.021822471 -0.044123136 0.16604039 0.528454 -0.071039334 0.67620987 0.03432257
0.6642247 0.6241312 0.321419 0.8585958 0.29054776 0.9819497 0.6924782 0.2717194 0.53849024 0.59616375 0.5603622 0.8344561 0.52183074 1.0246489 0.55576074 0.15010597 0.3144115 0.39864168 0.6767266 0.5863793
0.99430615 0.38873035 0.39706275 1.0362594 1.1379606 0.28434262 0.56180036 0.52816373 0.25025088 0.38986632 0.25461227 0.21737115 0.35554776 0.9439717 0.28906947 0.6850406 0.24644062 0.892061 0.84404063 0.6422927
0.81118363 1.1620704 0.3947726 0.7802646 0.77528673 0.45983335 0.37825513 0.94244826 0.3755693 0.9162694 1.0817628 0.94906896 0.27258062 0.3867876 0.21717754 0.6722663 0.7671333 0.31608063 0.24948885 0.8645978
0.40137395 0.82014346 0.7166074 0.565928 0.75990283 0.32872894 0.15613943 1.1031239 0.48036793 0.7591573 0.24186762 0.8511204 0.41211867 0.5468695 0.34188807 1.1089287 0.2810491 0.28023192 1.0024735 0.5541896
0.5484737 0.64515716 0.38870177 0.338685 0.7616084 1.0738255 0.35975218 0.7921846 0.5385838 0.6664141 0.51258266 0.32326445 0.24858229 0.98142576 1.0547427 0.59773713 0.86795044 0.46112195 0.7272121 0.8210645
0.154886 0.15098225 0.8448424 0.14507979 0.41455433 1.06589 0.21530369 1.020028 0.4337937 1.0600092 0.9619607 0.75068915 0.9335653 0.59842306 0.68128395 0.510488 0.25272316 0.12642759 0.7812247 0.45634195
0.21122183 0.7740261 0.26403934 0.5812689 0.76566887 0.6400233 0.85716206 0.4610016 1.0177044 0.49180758 0.26971337 0.64657056 0.7688323 0.43384263 0.66641164 0.38511342 0.71861917 1.0743854 0.12837547 0.18813561
0.8073226 0.68737555 0.30537158 0.24358387 0.7597429 0.91491055 0.2769742 0.16671245 0.26981103 0.13055779 0.6519064 0.15306032 0.8738168 0.22500786 0.41200528 0.5326831 0.6867254 0.7480664 0.35360694 0.9005866
0.101135336 0.23634113 0.6371226 0.9935266 0.9377381 0.49947274 0.58843285 0.8427315 0.6728963 0.12827574 0.15378973 0.65243214 0.17188646 0.9928494 0.33128032 0.97455496 0.27392882 0.931826 0.3240749 0.9467546
0.18054177 0.6872829 0.100320466 0.21600902 0.8586748 0.41066927 0.67819214 0.3592223 0.93309915 0.67804307 0.8249812 0.82714206 0.65927076 0.2536911 0.8956107 0.7339144 0.40036693 0.13044071 0.026597012 0.2718525
0.77468914 0.5100884 0.8281131 0.26399526 0.6772651 0.49622506 0.6409918 0.15622714 0.7929658 0.58838487 0.83728695 0.20892045 0.5526173 0.4210575 0.27142945 0.70664763 0.83531684 -0.020651454 -0.020174943 0.48036405
0.38543373 0.8884422 0.3272794 0.31519812 0.8267354 0.28237873 0.26102772 0.6471477 0.42430457 0.7457695 0.79863256 0.838038 1.14478 0.5571335 0.63319325 0.8577134 0.48424587 1.0359786 1.1350702 0.2802552
0.72255516 0.26342288 0.41656354 0.7927913 0.20944357 0.8221639 0.8310696 0.44257984 0.8776383 0.6633147 0.7198163 0.97677255 0.84775823 0.070476234 0.9320072 0.8908102 0.63924044 0.27839872 0.45995626 0.8850132
1.0126965 0.44496357 0.22783147 0.57046056 0.9428591 0.7426123 0.8368241 1.056031 0.1763592 0.9837157 0.30207217 0.6457939 0.8241013 0.4943419 0.77266437 0.7610261 0.25061822 0.39281672 0.95913327 0.34259877
0.6205816 1.1484395 0.46450523 0.7410938 0.5524816 0.6192084 0.4629986 0.3442807 0.8312048 0.46631986 0.8927753 0.44649625 1.1354581 0.68758476 0.52609503 0.30200607 0.4764086 0.70839715 0.26729587 1.0199502
0.9422181 0.4078862 0.80168474 0.8425309 0.90128976 1.0254304 0.22099514 0.30905798 0.15506212 1.0184494 0.32457402 0.9724359 0.4013547 0.5888112 0.59205246 0.40141174 0.12704305 0.33628604 0.81238186 0.21475795
1.0667771 0.45324227 0.9598658 0.7331501 0.2170274 0.4920893 0.14262928 0.8527921 0.3425842 0.8705646 1.0344193 0.4056476 0.46098763 0.7152484 0.93680656 0.41875428 0.1881255 1.0042295 0.7032493 0.69645184
0.44082522 0.83975 0.834268 0.69182616 0.88897526 0.41405258 0.7184779 0.6664117 0.06548109 0.4927821 0.30301726 0.62750065 0.9095359 0.33490518 1.0049539 0.80155337 0.8332812 0.084500894 0.5278939 0.0991781
0.85123837 0.77567345 0.9834444 0.5838791 0.8593582 0.3407983 0.8571994 0.88894737 0.62722194 0.1604613 0.614499 0.2456318 0.95595735 0.4830248 0.22636299 0.23393352 0.8031563 0.44720882 0.41799054 0.2549091
