0.33844018 0.8432386 0.551472 0.247681 0.08135874 0.73089606 0.06512393 0.11187956 0.1657686 0.48211774 0.90763044 0.54098797 0.09665111 0.08023357 0.9820212 0.3624113 0.30761245 0.25140145 0.737898 0.7807944
0.9541221 0.56794804 0.7988069 0.20144935 0.08428326 0.7754312 0.39348617 0.23033376 0.42530957 0.89188296 0.6607195 0.16015258 0.22013403 0.6070926 0.7534723 0.77054524 0.5262801 0.35529062 0.10518298 0.4525852
0.14335303 0.95107436 0.6636763 0.5398643 0.29091403 0.88260865 0.8547845 0.29048988 0.3196371 0.5008112 0.27427885 1.0134804 0.4642701 0.70583564 0.6024621 0.27397466 0.24983439 0.2469677 0.58571863 0.08104075
0.79486954 0.7470694 0.51526433 0.21264428 0.3826031 0.46795568 0.45111734 0.27530444 0.9437237 0.81254673 0.22638673 0.52492964 0.28689703 0.69623154 0.2051271 0.37205938 0.57627684 0.22524622 1.0509053 0.27993146
0.34699088 0.24333255 0.7285647 0.85632664 0.3040472 0.43973696 0.51463693 0.20917633 0.54368716 0.05166372 0.019813608 0.77122945 0.6923294 0.7674929 0.048309077 0.71371955 0.9317977 0.4986211 0.8468026 0.40277976
0.93303186 0.7902041 0.9057524 0.62919796 0.34561503 0.19346926 0.34092623 0.66567975 0.4695446 0.90462255 0.3803128 0.9442577 0.07522351 0.3259265 0.37252787 0.105189934 0.670812 0.17117946 0.45218474 0.5046501
0.55785376 0.17099646 0.8364386 0.4216506 0.2724637 0.58565295 0.50634855 0.6494854 0.16596168 0.21619242 0.9053544 0.25088397 0.38475758 0.4966703 0.65112287 0.7527188 1.0379826 0.15054214 0.3120387 0.7261356
0.6911981 0.64566183 0.6695116 -0.07058328 0.6763505 0.39033014 0.792311 0.19907708 0.023968203 0.42190322 0.726754 0.017651752 0.38140342 0.73792297 -0.09380678 -0.08715238 -0.053843357 0.44214028 0.25876534 0.59993404
0.7889536 0.8010502 0.24138172 0.8765538 0.99532646 0.22468995 0.69706607 0.4530359 0.25120354 0.46894276 0.44769642 0.34473363 0.30576703 0.32808056 0.8879424 0.36587855 0.51156145 0.17936657 0.48591265 0.39647254
0.74448615 0.7530185 0.291229 0.13351153 0.6837065 0.2676122 0.24266574 0.9649334 0.47630408 0.79919046 0.40154588 0.13973424 0.5244668 0.76290005 0.29061788 0.3397291 0.63884926 0.4100934 0.4944522 0.67097473
0.4111646 0.5069485 0.52413374 0.68739766 0.23390192 0.90034956 0.54418933 0.1661484 0.67222583 0.94381547 0.8130107 0.94622433 0.34056795 0.6509634 0.8759654 0.2812268 0.37863085 0.17503566 0.57160646 0.81244576
0.5972418 0.12826668 0.8336762 0.12133362 0.6570329 0.65171236 -0.09378063 0.4638143 0.23845728 0.12976144 0.74828035 0.8474639 0.60688317 0.31835872 0.5488833 0.7232518 0.2344246 0.08095317 0.7494832 0.16568464
0.44435048 1.0135381 0.6571491 0.76216614 0.82968205 0.98166406 0.99097216 0.6564497 0.26861173 0.17547983 0.7420755 0.42707694 0.2621808 0.54428476 0.23282239 0.59087014 0.16940024 0.40406513 0.21927814 0.98654187
0.7955443 0.60350084 0.9841136 0.44115472 0.7225958 0.42168334 0.21928854 0.880576 0.22689188 0.36688367 0.9299473 0.79871213 1.0762905 0.71692204 0.86803406 0.26942444 0.73854107 0.5586434 0.24545665 0.91900957
0.11128859 0.24024138 0.57290745 0.32383403 -0.00449394 0.7308773 0.50614524 0.20871411 0.40907466 0.0820845 0.593048 0.40646148 0.43777853 0.74848217 0.44651148 0.7302937 0.65468657 0.19175135 0.86166805 0.44571328
0.9270678 0.6747017 0.34219754 0.36639664 0.84705997 0.5771975 0.38819405 0.22263575 0.09038583 0.7168642 0.35074386 0.55715805 0.46554965 0.0702037 0.34464422 0.9304472 0.7428475 0.34092668 0.96857625 0.15008079
0.25038898 0.83638555 0.7942551 0.7043396 0.4313123 0.17920476 0.3193126 0.07705002 0.8508609 0.3566149 0.18193755 0.48260683 0.51709974 0.2561487 0.42889348 0.7178251 0.71873933 0.861159 0.34906492 0.6717879
0.68423665 0.24434382 0.20410977 0.43585142 0.8008696 0.009582573 0.22779346 0.5642458 0.16753715 0.08153353 0.106634654 0.07099541 0.39701992 0.11424683 0.7811521 0.47243702 0.4901626 0.6472531 0.71049106 0.14395787
0.93619937 0.9729448 0.23301214 0.23543695 0.9496939 0.18849619 0.1634609 0.27387813 0.3351325 1.0818558 0.8471304 0.7616879 0.25380683 0.27717748 0.57691264 0.90657765 0.46167508 0.59720814 0.24397251 1.090604
0.31710008 1.0151894 0.78627455 0.31648022 0.88273525 0.37341937 0.46895882 1.0077219 0.5823075 0.44780776 0.19408691 0.4356061 0.3486305 0.47391564 0.20130023 0.3517336 0.8527468 0.9675709 0.95726585 0.5244482
0.35168412 0.21751294 1.0870206 0.901099 0.6491364 0.6115604 0.34507045 0.82623297 0.37410527 0.26032457 0.5084576 0.9708327 0.22430657 0.73084915 0.70048404 0.42132095 0.62336904 0.31703916 0.2974271 0.95950717
0.41938064 0.47925827 0.51430327 0.79335093 1.0583618 0.5016447 0.24942294 0.49937344 0.84935427 1.0319437 0.9882213 0.429407 0.43185237 0.60085213 0.1577549 0.4368534 0.5707431 0.8897343 0.26946816 0.4670024
0.62338424 0.3107027 0.8181641 0.60869217 1.0089704 0.18301691 0.383718 0.20425153 0.7638362 0.7048281 1.0430157 0.5200486 0.5013284 0.5277932 0.54962444 0.61196613 0.23134834 0.40180314 0.49407035 0.9482551
-0.28114375 0.4194435 0.3285162 -0.15771991 0.48516518 0.24212475 0.030965468 0.6059993 0.2347639 0.36659533 0.46186486 0.11030404 0.28966278 0.05936762 0.13255225 -0.1880274 0.08829259 0.026735963 -0.07409243 -0.12084558
0.5232431 0.29344922 0.29313666 0.20709746 0.17787524 0.7449862 0.29883802 0.06819985 0.3496705 -0.014646871 -0.080182 -0.07367201 0.8089762 0.31889942 0.46403748 0.74069214 -0.004380686 0.078228615 0.52287513 0.047473233
