-0.019301016 0.8022653 0.70193756 0.3093898 0.80776715 0.2478038 0.37017867 0.16094229 0.28615403 0.23074763 0.22418253 0.05133866 0.80938363 0.26378176 0.47251302 0.55390173 0.7779902 0.65782434 0.17375134 0.71274674
0.038530767 0.38577437 0.36739558 0.47689676 0.47874483 0.12604673 0.08463692 0.80337226 0.6674054 0.053733654 0.9500252 0.69281936 0.8472638 0.4792195 0.04789095 0.8903335 0.3970931 0.83974504 0.13735206 0.100339904
0.8708032 0.4337398 0.20338711 0.064823754 0.48586363 0.7146555 0.22242644 0.06724753 0.9679918 0.8364893 0.9107592 0.8543357 0.78828067 0.67482656 0.061891537 0.4671586 0.86578465 0.7936389 0.28390557 0.67285633
-0.078185655 0.6782006 -0.013270216 0.20748201 0.58808386 0.75884074 0.25765693 0.5801448 0.6372175 0.42554533 -0.024693947 0.71588075 0.18711913 0.27910468 0.5647808 0.35945842 0.836819 0.43969133 0.43803695 0.6969798
0.22137153 0.16156016 0.3266153 0.5689581 0.78091145 0.9057436 0.24802607 0.41451046 0.91999024 0.6210635 0.20262657 0.4966799 0.20126404 0.8360848 0.1692174 0.31160098 0.63139176 0.21036635 0.32129568 0.19935392
0.21605824 0.31411904 0.47476205 0.35389045 0.7419879 0.07663198 0.4496966 0.7321052 0.05300303 -0.02489871 0.7717661 -0.06667367 0.7559522 0.7704549 0.16530013 0.614053 -0.058967244 0.7774561 0.64420706 0.7774904
0.8784761 0.7749455 0.48798233 0.2949232 0.8492017 0.0067928936 0.5968919 0.09785871 0.013893346 0.014062387 0.22377668 0.8003854 0.2870219 0.47503376 0.1000841 0.7256605 0.6396609 0.69110876 0.41331562 0.07867764
0.44025487 0.0125216 0.2993172 0.7692334 0.020108687 0.6533823 0.22476049 0.55694705 0.002651965 0.73702425 0.68002546 0.4479965 0.5525292 0.8490314 0.86300886 0.34973347 0.27611643 0.1676957 0.37181002 0.55811363
0.5442003 0.22105879 0.36482 0.6715568 0.67483777 0.76551926 0.835203 0.45329836 0.51076895 0.6773619 0.34278497 0.8583767 0.53184575 0.40489653 0.09527895 0.23552713 0.67510307 0.48137915 0.5605619 0.14623538
0.56809497 0.30797294 0.43585825 0.25731307 0.39084926 0.42856345 0.32305512 0.7155223 0.54072994 0.5467869 0.9321634 0.45829833 0.28605524 1.0318416 1.0007737 0.9708465 0.9914593 0.7745946 1.0826368 0.58373094
0.24914081 0.81368613 0.29616678 0.46810046 0.45983773 0.76258254 0.21417074 0.60289276 0.29466975 1.0728586 0.7355062 0.14798467 0.84044975 0.55406904 0.19862634 1.0655551 0.60582596 0.94495314 0.7513993 0.1918449
0.2273055 0.5476038 0.68497366 0.28779894 0.15666388 0.19136247 0.34536391 0.78267634 0.16482046 0.39353624 0.6103448 0.41005045 1.053485 0.4471076 0.65419686 0.5370598 0.8041446 0.6768242 0.5709588 0.3623635
0.18029587 0.5529095 0.38320947 0.8479986 0.59759897 0.5722269 0.5897589 0.64585674 0.6610655 0.33471385 0.26391685 0.16469729 0.121287756 0.6251725 0.418989 0.4130642 0.4127117 0.19157705 0.13280895 0.41900617
0.23437443 0.37595865 0.5477955 0.8910017 0.31224084 0.22444168 0.9065191 0.08870732 0.57928675 0.30158547 0.07856083 0.03837621 0.09435415 0.31549007 0.41912064 0.20601109 0.7876644 0.8080326 0.3175834 0.97393197
0.2890201 0.20000015 0.8714192 0.4902184 0.13905098 0.6077083 0.46237463 0.10296691 0.305362 0.463639 0.65924495 0.8072586 0.8764107 0.60818 0.79191357 0.4150653 0.63963085 0.38709554 0.5323882 0.5806814
0.55433595 0.60881484 0.7562755 0.48070347 0.03689588 0.8356 0.119460545 0.15998532 0.77455294 0.4530735 0.03818485 0.16388635 0.28168234 0.8954914 0.7868921 0.8772846 0.6695679 0.24520658 0.38527283 0.70457196
0.19838779 0.83715934 0.37755474 0.16116126 0.9331977 0.85820985 0.48182788 -0.020409359 0.1974953 0.19448875 0.5986373 0.91018623 -0.018700132 0.74161625 0.90478903 0.31678614 0.45286128 0.7392496 0.80543363 0.3459048
0.7180206 0.115682594 0.5586327 0.011114194 0.6293929 0.055743273 0.26357618 0.6972041 0.31792367 0.07662552 0.0609326 0.67129 0.32418388 0.3581116 0.8882482 0.87648326 0.021151658 0.4778357 -0.024755076 0.23227903
0.43613777 0.12001363 0.5023381 0.34865758 0.10723887 0.38856944 0.17956217 0.12947617 0.28362262 0.6402136 0.6206939 0.267716 0.097863145 0.7258764 0.8788532 0.02595101 0.20115255 0.7443933 0.3468276 0.31826672
0.33363456 0.8794029 0.5168094 0.72415084 0.129598 0.748019 1.0221595 0.28628325 0.19342153 0.37578255 0.0861453 0.305271 0.79582286 1.0430231 0.8608794 0.81839615 0.29330894 0.75435215 0.69816417 0.5235695
-0.0585428 0.0020971075 0.13772729 0.32087055 0.7324151 0.41471192 -0.02112393 0.42697695 0.37441632 0.8177691 0.7036764 0.008465987 0.84186155 0.1340211 0.6696477 0.56947607 0.053556383 0.6126288 0.4086434 0.12358301
0.8611744 0.1249835 0.82150906 0.7809529 0.21393073 0.075590886 0.06673841 0.4250941 0.45096937 0.047993187 0.35701454 0.33835217 0.27806664 0.64868116 0.8259699 0.2684372 0.7665758 0.6143288 0.22912914 0.49011472
0.52249813 0.9218148 0.7201651 0.49606553 0.09074524 0.40386778 0.23114562 0.41043222 0.60746 0.13880514 0.8204402 0.080277815 0.08814731 1.0242661 0.84930795 0.5109111 0.7796219 0.18057427 0.47794306 0.7273163
0.47560388 0.7125368 0.6521452 0.8551822 0.5764652 0.16577964 0.3530917 0.6595181 0.69035125 0.56692183 0.5292042 0.9375799 0.61636543 0.8571709 0.60090303 0.46309474 0.81764054 0.4894562 0.33277023 0.2052625
0.47505817 0.051940642 0.49606413 0.08096751 0.55153906 0.19097726 0.22345187 0.52786696 0.11975611 0.6955192 0.50969315 0.07669951 0.25449985 0.56600326 0.6443272 0.43625328 -0.048018772 0.5847536 0.30246305 0.43122455
