0.1900189 0.7017222 0.36167523 -0.083010375 0.17427966 0.42910427 0.6531452 0.8480104 0.30952767 0.058040917 -0.07870833 0.30975223 0.41825962 0.02872775 0.62309015 0.5856696 0.7155211 0.67838866 0.12746873 0.29341334
0.7421033 0.76487607 0.27535066 -0.052618984 0.329621 0.6428688 -0.056303754 0.84270537 0.4049062 -0.06265065 0.3465831 0.7826265 0.6337642 0.2517798 -0.049641646 0.04701732 0.48241478 0.36614153 -0.06398474 0.4513526
0.56353253 0.21143182 0.50364333 0.7049443 0.09739456 0.86849636 0.17763723 0.82074463 0.5461882 0.36914396 -0.03600789 0.11356022 0.88570756 0.061886925 0.7014221 0.47710216 0.116748154 0.8793114 0.046535805 0.7357226
0.048665155 0.8810022 0.26513058 0.6923044 0.14603493 0.11316914 0.38692653 0.8223587 0.785119 0.5800108 0.87088907 0.42382506 0.60597366 0.42938924 0.7466257 0.7707123 0.49992886 0.034891717 0.7467945 0.38744643
1.0374507 0.39567754 0.9545845 0.3545333 0.29891008 0.42217866 0.5984259 0.33633232 0.539281 1.0449092 0.2447095 0.4930747 0.1834753 0.17256916 1.0196941 0.21851589 0.5384285 0.37569022 0.3391481 0.63486284
0.27608103 0.0053263237 0.23330393 0.24689177 0.23210075 -0.044858947 0.32390562 0.66126007 0.4390223 0.7393561 0.41796353 0.63233703 -0.0674203 0.4165227 0.82538253 0.48465076 0.49076 0.583703 -0.00022817655 0.4560939
0.33306128 0.7030975 0.0166985 0.61421365 0.16362189 0.52609235 0.61675996 0.05048928 0.7466786 -0.05288267 0.7785594 0.698908 0.44294927 0.18302207 0.38479155 0.12786677 0.5094834 0.7353406 0.709143 0.32974118
0.48206663 0.12290205 0.8658523 0.4266989 0.40477493 0.5816139 0.80909795 0.91448516 0.3881946 0.07447359 0.7391317 0.87529486 0.13991918 0.15865052 0.6536577 0.40166178 0.73835903 0.63980895 0.14014708 0.5454305
0.14446926 0.34614545 0.90869147 0.06671499 0.916147 0.9160924 0.7603921 0.08211107 0.23894271 0.47851685 0.8750227 0.2133343 0.9834407 0.22214097 0.29891708 0.8506633 0.1503111 0.85550874 0.12937437 0.5596302
0.8555573 0.38532355 0.53193337 0.7621007 0.60454494 1.040846 0.17368166 0.40957463 0.16719033 0.24351424 0.48705247 0.16764116 0.7463925 0.4069619 1.014739 0.33957738 0.6364325 0.31698304 0.99902326 1.0214446
0.27982482 0.3568817 0.7128346 0.65757275 -0.042358417 0.49084663 0.2880911 -0.12836017 0.7281548 0.56187326 0.19013861 0.44663897 0.3332761 0.5562438 0.26573455 0.757728 0.26368856 0.47173533 -0.048938945 -0.028960276
0.28732094 0.28365526 0.9745502 0.36492953 0.65771556 0.738743 0.17195737 0.75873864 0.13110851 0.33395922 0.6078059 0.45464864 0.14880395 1.0053476 0.5519291 0.73257935 0.7968313 0.09731087 0.677922 0.3375885
0.84261453 0.36111638 0.71656954 0.4764463 0.9789283 0.93894774 0.5331734 0.78062993 0.3901412 0.21449634 0.35257527 0.23092909 0.19152011 0.7020214 0.12206846 0.44391593 0.27586338 0.27326155 0.5847987 0.6866741
0.12684071 0.6055023 0.5108685 0.7156887 0.12429902 0.059238575 0.047620635 0.5877143 0.7309632 0.8792559 0.9873921 0.4897122 0.930431 0.48982435 0.3510681 0.04916972 0.22614966 0.58340067 0.89078104 0.7632822
0.5453119 0.7332931 0.5684634 0.30039743 0.13577317 0.023423996 0.33673772 0.36185324 0.69713753 0.036605813 0.5883554 -0.006498938 0.7968303 0.6335802 0.5028412 0.32641327 0.70921487 0.7717008 0.5939949 0.13201551
0.6545376 0.65373844 0.4396332 0.7144617 0.22352 0.5947375 0.22685851 0.8262905 0.205192 0.8876815 0.1417179 0.48702326 0.25075865 0.3949244 0.64813864 0.61497575 -0.052156698 0.015486704 0.23323648 0.44910246
0.42463407 0.604955 0.49238637 0.48354295 0.53670233 0.8141576 0.5262858 0.8008504 0.13107021 0.62556607 0.011282538 0.34804127 0.15840304 -0.022663163 0.20009895 0.8058519 0.49479058 0.66816103 0.13320395 0.38232437
0.33155847 -0.02157982 0.39581668 0.90026313 -0.045289144 0.3675524 0.13390952 0.16904218 0.20874593 0.34321794 0.722776 0.55201155 0.7831429 0.47894955 0.7690977 0.90336925 0.62157995 0.45526612 0.30502415 0.33642736
0.816073 0.012166782 0.09947006 0.20824021 0.5885479 0.7753656 0.91642314 0.6625902 0.4378415 0.47576594 0.82629365 0.19468483 0.03136102 0.366685 0.8650729 0.10633558 0.7961319 0.85442185 0.5693313 0.5637478
0.28656816 -0.021501817 0.04019558 0.70176154 0.7041989 0.6900665 0.23828058 0.22623548 0.41891235 0.57912564 0.26008603 0.29681906 0.6898201 0.8395368 0.17257759 0.70432615 0.46948284 0.07073344 0.7505721 0.54910326
0.751715 0.55736697 -0.066320084 0.505994 0.31518137 0.5110551 0.8462588 0.53692305 0.4599776 0.735016 0.06260659 0.022041067 0.22469333 0.45431906 0.71937823 0.37780386 0.7314473 0.4688798 0.16146621 0.06348461
-0.029987184 0.62894183 0.031611606 0.7944336 0.37430084 0.66120434 0.70009327 0.56352544 0.6667023 0.09998012 -0.041934196 0.3743041 0.84429103 0.7441651 0.60580444 0.85728437 0.8430327 0.7443069 0.6171308 0.09041556
0.5824178 0.7538163 0.65692997 0.10512264 0.14047597 0.50091624 0.1983892 0.5953168 0.18230836 0.5866567 0.76955146 0.8435902 0.75436133 0.48563015 0.8489443 0.065892115 0.28124973 0.05686755 0.9162661 0.6580451
0.61220694 0.33018005 0.36275983 0.829769 0.17102423 0.25974512 0.55237687 0.73497427 0.0740109 0.25811973 0.6800347 0.95938414 0.05022438 0.5271984 0.60367495 0.20068479 0.27100447 0.52947366 0.7258182 0.21005768
0.13992372 0.1234905 0.39633068 0.5710103 0.30223447 0.36080697 0.28478628 0.76589227 0.85070515 0.24196672 0.2919132 0.8384356 0.38112777 0.48397076 0.23305097 0.56454986 0.60084295 0.3842144 0.09104429 0.8564078
