0.88390267 0.41266915 0.39834556 0.85272205 0.6121503 0.89996576 0.2094246 0.4040132 0.022007193 0.5019396 0.6507506 0.23273572 0.3760805 0.6030558 0.7691389 0.8182353 0.35705444 0.11292866 0.4519389 0.6438633
0.9378024 0.8367971 0.17302647 0.42900962 0.2846866 0.9999761 0.5673922 0.4150189 0.108244285 0.2819834 0.79328775 0.43789455 0.6856349 0.76842225 0.18110766 0.92328256 0.6187789 0.6306315 0.3235117 0.8449453
0.013323153 0.55121726 0.56750685 0.41686007 0.8661835 0.7366574 0.6247523 0.3431056 0.5616188 -0.0012567237 0.19272947 0.026961083 0.06229315 0.2746631 0.6889266 0.8456534 0.09737814 0.20062879 0.36217326 0.020749604
0.85370994 1.0645347 0.78971523 0.25136507 1.0278083 0.23020384 0.19515972 0.840453 0.40720406 0.373836 0.44753703 0.48929018 0.22062364 0.6837985 0.33185366 0.9802492 0.67574203 0.86980766 0.28670102 0.42163873
0.4461263 0.7090674 0.33805755 1.0801281 0.37761313 0.5588576 0.48014352 0.26562345 0.2757442 0.9182044 0.90621287 0.48987365 0.42549282 0.4768765 0.5754698 0.2331359 0.37474295 1.0696557 0.54468185 0.94665915
0.5718504 0.61908144 0.9487439 1.0919664 0.87765324 0.22220096 0.60375524 0.89892036 0.5782736 0.5934029 0.67131627 0.3492243 0.5303455 0.80161744 0.23960958 0.49378234 0.39875597 0.38284603 0.27782914 0.34615976
0.05945632 0.64923114 0.28538913 0.79695714 0.43538287 -0.027827408 0.65109074 0.12115356 0.69731826 0.25974718 0.79549205 0.5760864 0.29513204 0.8037621 0.22157823 0.5592504 0.8187492 0.49775055 0.76417494 0.67569506
0.8725935 -0.0001983215 0.56141186 0.80817187 0.18922992 0.30032566 0.54389393 0.38540524 0.56986094 0.013340629 0.9211894 0.8945465 0.04616617 0.87711823 0.728069 0.87195957 0.83299756 0.29758713 0.32637507 0.10246931
0.44095945 0.5423369 0.18171878 0.80844307 0.53923833 0.5436458 0.8316149 0.8536132 0.8622298 0.08398896 0.52692103 0.26809043 0.20789328 0.4602504 0.62353045 0.31342292 0.55246025 0.46649987 0.3597867 0.8560111
0.557219 0.44937658 1.0929863 0.4281367 0.33949518 0.29352042 0.78525275 0.30488753 1.0592706 0.25454825 0.6127462 0.85871077 0.7279028 0.6032037 0.56919056 0.9953138 0.6579338 0.32120895 0.20076473 0.5669643
0.3666368 0.53983307 0.52420956 0.69519794 0.5926763 0.52489805 -0.0192584 0.882347 0.08023045 0.11807233 0.8343547 0.38422334 -0.017755024 0.60341555 0.58213097 0.4409828 0.5760706 0.31900424 0.4212084 0.40622786
0.54214853 0.6859821 0.6463535 0.5569676 0.44668433 0.24039197 0.1468509 0.21993378 0.024738189 0.33337468 -0.09931383 0.37100086 0.57136494 0.28369957 0.24826619 -0.042103387 0.3306026 0.28844613 0.04404646 0.156529
0.23174687 0.81435686 0.3288362 0.6685563 0.8832152 0.45982918 0.8776367 0.9040028 0.117693625 0.61252826 0.7734841 0.40982303 0.8833007 0.7692899 0.9677583 0.4010672 0.2790587 0.5310016 0.28778625 0.08581545
0.39825547 0.1348125 0.32866192 0.7644855 0.2204948 0.64377123 0.88597935 0.28699753 0.3231947 0.5987612 0.3147273 0.8012198 0.359241 0.5351483 0.44808236 0.179283 0.94258523 0.071263656 0.29299736 0.15129437
0.81621593 0.19481951 0.41817057 0.090997495 0.31555456 0.7589989 0.31051716 0.3026563 0.6401876 0.9150917 0.93458766 0.7466806 0.76803017 0.4891324 0.58653075 0.35279325 0.4965738 0.16554607 0.6566698 0.3452179
0.81394356 0.642438 0.026475534 0.90530324 0.822459 0.5455282 0.58278674 0.4969596 0.9241825 0.35040838 0.0708422 0.04527997 0.1588413 0.87629426 0.5617761 0.44678366 0.87956136 0.6912974 0.13956282 0.10776709
0.47816974 0.7697137 0.01227862 0.42793715 0.54123414 0.6345329 0.58640677 0.13103658 0.24159549 0.7855691 0.4251149 0.009766531 0.15739276 0.7330113 0.7013172 0.4448292 0.18572968 0.37056702 0.78514695 0.19332707
0.46836352 0.46289876 0.44204834 0.6847172 0.35974932 0.17271756 0.9146517 0.07170661 0.88435733 0.55240536 0.7058364 0.4206857 0.40041992 0.3259959 0.76279306 0.09612756 0.5427688 0.45486426 0.75504804 0.6415604
-0.07820032 -0.019164503 0.09387364 -0.057226524 -0.20356914 0.15157038 0.55891275 -0.03748807 0.5419638 0.67048454 0.57978237 0.53868246 0.482115 0.5696453 0.65775687 0.63124555 0.44607112 0.66422397 0.46581778 0.53867674
0.78703123 0.67166513 0.4551925 0.5305463 0.94602954 0.77997315 0.0830074 0.26140565 0.77999145 0.26229328 0.3785757 0.2506391 0.9569509 0.72410166 0.25137052 0.23873419 0.46042803 0.4044008 0.34060442 0.49996832
0.6393352 0.71079034 0.46605572 0.5239771 0.28665495 0.9452575 0.45760813 0.7427233 0.7632 0.8021189 0.06564585 0.24210338 0.37082854 0.07754402 0.62423664 0.21072651 0.30408776 0.3954096 0.3026325 0.9281964
0.61217195 0.33889997 0.30011177 0.6588326 1.0513318 0.44965446 0.81117165 0.5673261 0.2343761 0.88517284 0.49630597 0.30254927 0.74223554 0.38688037 0.4157295 1.0216721 0.28592202 0.66401815 0.4951736 0.8293183
0.292463 -0.04466566 0.52171415 0.85078806 0.3392191 0.12152036 0.104386725 0.052521326 0.6317945 0.6054632 0.39986125 0.761887 0.5414966 -0.103886776 0.36464196 0.030751236 0.61236143 0.33429 0.84098995 0.096455544
0.33960173 0.3310907 0.78497005 0.4062138 0.9649833 0.5767638 0.5215311 0.9766253 0.44482842 0.49048024 0.54947734 0.57080764 0.47826988 0.18027058 0.9460144 0.3146553 0.059135262 0.06427174 0.14501034 0.7961021
0.2647794 0.93106467 0.6073039 0.9025071 0.29008904 0.6971045 0.77666414 0.68995523 0.5623493 0.5089396 0.19456522 0.6853255 1.0740211 0.2938167 0.7708989 0.69466794 0.47880197 0.3523054 0.36618835 0.31776038
