0.71295094 0.8305379 0.5505896 0.48846525 0.6120622 0.18347913 -0.047129765 0.7303167 0.58465827 0.5828272 0.8461868 0.18101332 0.07922625 0.17029807 0.50000477 0.20874354 0.3382715 0.010713661 0.35236394 0.6275147
0.79323846 0.4702865 0.5249147 0.7762624 0.60345525 0.46965206 0.83486766 0.73485476 0.80374986 0.9544322 0.19094005 0.8364761 0.297464 0.209989 0.7508407 0.54490304 0.1102816 0.79130507 0.4428764 0.513999
0.52130675 0.9221587 0.56272626 0.5010394 0.77173364 0.16449256 0.9656682 0.37596294 0.03856323 0.2364011 0.3627754 0.58122385 0.9336507 0.35308322 0.19181466 0.3091254 0.4646819 0.6535392 0.24827169 0.98099834
0.74904776 0.22563583 0.7387469 0.43360084 0.0021021399 0.6686656 0.8826865 0.72452617 0.75477594 0.90343416 0.5627046 0.18015233 0.17259398 0.40304646 0.81899786 0.29527283 0.1453398 0.9402201 0.48147064 0.15338567
0.07415995 0.030947816 0.9389007 0.92604756 0.0061331056 0.00073354796 0.7718862 0.52865475 0.92229843 0.21283863 0.4498811 0.93384206 0.025157982 0.8558496 0.7557358 0.17891638 0.29519624 0.84029907 0.6936463 0.57397515
0.7370929 0.2534441 0.040189818 0.81707036 0.6001026 0.40954748 0.46865085 0.588507 0.8460336 0.84438336 0.27682123 0.8951929 0.863225 0.7353571 0.31673154 0.22121435 0.90092605 0.47885686 0.5508074 0.51731974
0.80029756 0.99687314 0.23832075 0.634171 0.4032835 0.404028 0.29487312 0.09053936 0.16103344 0.33567172 0.59416884 0.33083317 0.6564792 0.9117647 0.62480605 0.86414874 0.972118 0.87111855 0.48347217 0.89256024
0.5735125 0.74655557 0.8351596 0.41721812 0.98626804 0.6380691 0.35602033 0.4180545 0.26801577 0.97789603 0.94428706 0.6010226 0.75143033 0.86783177 0.6948033 0.30012783 0.7252587 0.22673054 0.749757 0.7162786
0.41465008 0.9833761 0.44538686 0.40665224 0.942956 0.83641857 0.8676928 0.53919786 0.29022914 0.22415642 0.96583575 0.32826278 0.6839915 0.9773446 0.6269005 0.22439913 0.2755658 0.15966257 0.42331764 0.8337878
0.6668927 0.7819125 0.74461967 0.40081695 0.23870246 0.29618675 0.5048483 0.802548 0.66451055 0.75232935 0.5709069 0.8539642 0.3543874 0.5030807 0.7758271 0.09653553 0.6918145 0.19701119 0.2764794 0.09789745
0.8319016 0.8253067 0.24220802 0.063947305 0.24923016 0.78145033 0.63093126 0.5994842 0.11101847 0.75406 0.72678035 0.147735 0.0739209 0.34762698 0.032356214 0.6874081 0.35727656 0.32386023 0.91595596 0.058957823
0.30716026 0.6967562 0.27004835 0.6783476 0.36072555 0.34481788 -0.012157132 0.71758425 0.28691182 0.011748678 0.7882112 0.40479612 0.5679756 0.35654902 0.1889849 0.26850915 0.55059123 0.7734042 0.79467934 0.46423975
0.0053119925 0.07548006 0.54166454 0.33301213 0.73402756 0.899977 0.1930224 0.96574885 0.52424383 0.1547065 0.75337005 0.8838891 0.89851725 0.46335375 0.64057827 0.12654321 0.5893068 0.96857846 0.7436307 0.872063
0.3403097 1.0418899 0.2548611 0.430916 0.84386533 0.92757636 0.5253319 0.20661236 0.31625187 0.21481524 1.1412971 0.29534975 0.71062785 0.5159459 0.43691108 0.6809898 0.7818117 0.4651223 1.0452964 0.39632744
0.3116915 0.6789785 0.7847495 0.515251 0.6308628 0.16360052 0.7018597 0.46770912 0.087463506 0.965883 0.24943608 0.69671136 0.7965606 0.17296918 0.94420284 0.857175 0.7449581 0.5155304 0.11409512 0.9506078
0.3022629 0.18173523 0.107602 0.8235408 0.5434852 0.4248216 0.6845972 0.33630523 0.65436256 1.0198784 0.2673678 0.38706374 0.540448 0.98834 0.38399038 0.9769986 0.0665557 0.15390801 0.72996426 0.4817792
0.4033257 0.8151796 0.662081 0.80380183 0.14073616 0.65970653 -0.06994288 0.548322 0.086208716 0.43167663 0.4927219 0.5650735 0.441149 -0.06342734 0.34755334 0.3777208 0.75742996 0.26296937 0.854242 0.27912363
0.63413906 0.24709561 0.5969745 0.62367105 0.56434315 0.3753146 0.2912129 0.40261066 0.09355382 1.0193505 0.6677947 0.60197395 0.3966133 0.32412955 1.0240704 0.52618957 0.25416574 0.80058247 0.3617862 0.21700671
0.5458964 0.4530304 0.5988363 -0.003212018 0.28603014 0.16217051 0.19726126 0.36014292 0.7691277 0.2527139 0.010763968 0.5526593 0.17188875 0.32326052 -0.010500963 0.38921934 0.46414688 0.37722704 0.65100443 0.717101
0.080297746 0.5129361 0.78907806 0.6940173 0.7802143 0.58694285 0.011851992 0.03685924 0.48527688 0.019732872 0.09335095 0.5223667 0.3437308 -0.058119338 0.19429868 0.3573156 0.27449086 -0.05040732 -0.053942412 0.2727556
0.7674208 0.642451 -0.056073558 0.71832514 0.35977915 0.72584015 -0.16266407 0.74269855 0.31495366 0.61735 0.22966614 0.16182026 0.74992293 0.74266475 0.4508305 -0.11668405 0.5382349 0.54579693 0.11051001 0.724564
0.5594533 0.8749306 1.0264318 1.0059745 0.2551966 0.70086133 0.45023274 0.9702355 0.14353012 0.5803616 0.60268563 0.42483032 0.68424 0.6362232 0.15944894 0.67964154 1.0367432 0.47184813 0.8894462 0.5311687
0.28744176 0.5096326 0.47383496 0.22129579 0.53311765 1.0769058 0.5976936 1.0784655 0.75633824 0.89048386 0.52227145 0.70981956 0.26335645 0.2721168 0.4012351 0.582413 0.2339117 0.23191853 0.82648814 1.1245856
0.27169108 0.06485902 0.98144567 0.54438806 0.7562977 0.7607166 0.03331675 0.5032338 0.90327746 0.77193886 0.1892145 0.9132961 0.2731294 0.8913051 0.030235177 0.27552384 0.095811814 0.7582257 0.2841971 0.8704606
0.72213644 0.359488 0.33684555 0.79072696 0.46775675 0.79330975 0.88940024 0.7127815 0.53922594 0.7743403 0.530142 0.5571445 0.18358341 0.42784482 0.16103351 0.73903316 0.84063727 0.40163842 0.65283144 0.7678094
