0.095593914 0.755279 0.46293923 0.3815041 0.7129081 0.34524462 0.05910542 -0.026281396 0.6035729 0.6671172 0.7897388 0.27496427 0.88552594 0.52012616 0.48400116 0.21083963 0.32751867 0.79487926 0.0047059376 0.15442982
0.8543211 0.15026592 0.21102253 0.35635966 0.74538034 0.3707017 0.88299316 0.06904347 0.35803112 0.39330208 0.073903784 0.8841582 0.5658529 0.0325124 0.6870731 0.21993856 0.15344144 0.12048863 0.7077972 0.89068484
0.052397985 0.4429369 0.5676848 0.53537685 0.8978522 0.8006552 0.104460135 0.5976719 0.35108563 0.4974345 0.5223451 0.49293926 0.17738274 0.8198434 0.6424962 0.52872217 0.804241 0.06646894 0.7689937 0.23821038
0.6007984 0.43564487 0.58773756 0.8146277 0.24496616 0.08411046 0.9042176 0.36537227 0.6962085 0.603869 0.09058936 0.887979 0.50786644 0.28095675 0.45946404 0.7824565 0.5253258 0.32890838 0.5621984 0.42689103
0.19674462 0.99924254 0.1628485 0.9080038 0.30485442 0.119315706 0.058923993 0.70365936 0.6329035 0.30730456 1.0057697 0.67843115 0.24457635 0.48552316 1.0108951 0.6148796 0.19275136 0.6059986 0.7083922 0.23179816
0.34611276 0.31733245 0.67979217 0.7816601 0.5295467 0.41530985 0.4488011 0.2960039 0.2519597 0.8600423 0.6166736 0.77465373 0.84776986 0.43741396 0.20422477 0.93502575 0.7007 0.5845874 0.62540644 0.6877606
0.15356523 0.40079913 0.20424677 0.69830936 0.50190425 0.122389205 0.32044035 0.7055593 0.3458951 0.13323846 0.09894911 0.79858655 0.94083333 0.092540234 0.07445261 0.6645079 0.49098295 0.9485048 0.9008452 0.11482446
0.22190344 0.76743376 1.0074549 0.17955808 0.4760248 0.809701 0.60663545 0.46087644 0.14497481 0.3752693 0.8770413 0.3882082 0.86001736 0.8966379 0.41083422 0.3801445 0.8785874 1.064803 0.17808095 0.35441458
0.63086075 0.4463222 0.38006994 0.063469805 0.30282542 0.09242738 0.4893521 0.8264416 0.5293561 0.61246604 0.72219133 0.48234645 0.2674327 0.0048070606 -0.0154645 0.57310724 0.86599576 -0.04273292 0.055835698 0.099725276
0.73128027 0.65984935 0.3715814 0.024905043 0.41366065 0.3209989 0.13980441 0.57612085 0.7632167 0.46447557 0.5960851 0.48438486 0.3249251 0.5721605 0.8403898 -0.0532479 0.75833434 0.1773599 0.09538445 0.41469216
0.29022434 0.6720915 0.5421393 0.5710038 0.4306336 0.24356547 -0.1958738 -0.19536406 0.070013575 0.5093988 0.5631909 0.13830413 0.063244775 -0.07083776 0.2155595 0.14612773 -0.16570199 0.3833569 -0.081491634 0.41385517
0.24552217 0.27923706 0.50863385 0.74926263 0.57606536 0.30406332 0.0517647 0.359936 0.6674923 0.010622657 0.8841354 0.8201717 0.6656466 0.8333754 0.70453256 0.7975516 0.06556447 0.29833853 0.8493512 0.5574233
1.0689945 0.89802843 0.7994471 0.34733015 0.99133724 0.6055503 0.5728041 0.42967698 0.30856597 0.33104584 0.5342422 0.7078849 0.16651371 0.19466946 0.121618204 0.49504286 0.5195643 1.0178849 0.3594264 0.95705736
0.19452342 0.72302324 0.20340607 0.5788641 0.8435046 0.21111223 0.98396903 0.17202525 0.96599877 0.48126286 0.30628535 0.524417 0.9913385 0.45229885 0.27748168 0.2676142 0.6503356 0.9546142 0.68882674 0.8881306
0.55596244 0.3460413 0.47493124 0.44466424 0.3686299 0.36905348 0.99763584 0.15626405 0.6144855 0.7590261 0.21337533 0.9081593 0.3134157 0.15401848 0.8725624 0.2889302 1.0261813 0.21453564 0.69295603 0.34134486
0.62286663 0.079045914 0.14179972 0.07194658 0.7157701 0.76686317 0.71909803 0.9084257 0.55767316 0.8065331 0.2725135 0.83921134 0.5812687 0.92520845 0.75954723 0.6317723 0.19822101 1.012124 0.2209062 0.6754214
1.0366521 0.32312888 0.5669577 0.44311637 0.3284583 0.7846327 0.8927123 0.9118024 0.86751515 0.4808757 0.26819226 0.7834133 0.30049175 0.5345396 0.55734473 0.9835341 0.4539882 0.22929913 1.1251731 0.77274984
0.6219248 0.5557802 0.76746136 0.76257735 0.5475341 -0.016280835 0.42495832 0.029472766 0.44636187 0.36156642 0.82359743 0.5943306 0.8104145 0.09386184 0.36440006 0.7206401 0.17484269 -0.06445501 0.1321143 0.42541525
-0.2078126 0.60669976 0.5994279 -0.13228895 0.07815458 0.37952256 0.21668631 0.4456966 0.7122086 -0.02965216 0.48524415 0.22220686 0.69463617 0.4687391 0.6716118 0.033287626 0.02364466 0.34839743 0.15863827 0.030987479
0.7973437 0.36161816 0.40720758 0.3832459 0.21325667 0.92945546 0.16414899 0.40275946 0.36840755 0.25907698 0.17472997 0.22302532 1.0123016 0.48245895 1.0992388 0.9582322 0.83887637 0.8625806 1.0474441 0.37627426
0.12408217 0.33864826 0.21061707 0.27943897 0.68476945 0.14423361 0.62206006 0.36852348 0.9047551 0.09475153 0.912338 0.24125965 0.6084481 0.4931849 0.62294227 0.26586574 0.38009048 0.11875708 0.27578488 0.8158447
0.96409816 0.24941908 0.11969351 0.34662938 0.67512256 0.6655259 0.21180658 0.2527982 0.76052004 0.93888587 0.9199452 0.7574068 0.75579596 0.9257295 0.72029626 0.32019016 0.5156051 1.0026954 0.89699805 0.6902758
0.30864197 0.20224892 0.43810937 0.29039544 0.790693 0.22787611 0.21942104 0.20314497 0.6115455 1.061634 0.9917643 0.35882434 0.8521743 0.41825774 0.5594027 0.92808557 0.9738637 0.95095414 0.8656974 0.22009994
0.065769695 0.82294804 0.3011404 0.18286009 0.6882066 0.6496362 0.6787074 0.9392887 0.5404921 0.3889849 1.0023993 0.32828707 0.17912744 0.6072367 0.3333056 0.93876916 0.6203588 0.42506778 0.9074831 0.92353666
0.65492004 0.31611064 0.19272414 0.49459082 0.41448316 0.6440734 0.59551144 0.71347225 0.27421454 0.43427467 0.62945455 -0.010676369 0.17984627 0.18583742 0.6761667 0.8112857 0.6441227 0.6507063 0.74980766 0.7368547
