0.38314852 0.22310698 1.0376993 0.9311886 0.24527086 1.0518192 0.6273962 0.5604302 0.81108046 0.44570166 0.29345793 0.38472185 0.19369656 0.34399995 0.55053437 0.6351364 0.64898884 1.0721302 0.7476577 0.37588584
0.056022394 0.4827248 0.8326896 0.6769147 0.3895533 0.0913018 0.51053524 0.25303245 0.09913071 0.4749368 0.12438501 0.3084158 0.553468 0.28454283 0.55662644 0.6905066 0.55627424 0.5327304 0.40717396 0.61666596
0.49449223 0.41917038 0.2432347 0.97736394 0.7628172 0.781721 0.6693301 0.2728288 0.56431025 0.5465115 0.47811052 0.26714802 0.22404358 0.7385478 0.81578016 0.2936301 0.51527923 0.6584141 0.98523235 0.7079457
0.83201855 0.08836079 0.51919377 0.20459555 0.83847106 0.31694847 0.5675097 0.13886279 0.46788523 0.017209286 0.84583336 0.22516052 0.66066426 0.7272856 0.556298 0.5470967 0.8919289 0.85791695 0.12615305 0.5890738
0.94808155 0.501165 0.5570551 0.4793627 0.23949164 0.61728656 0.42993477 0.32876766 0.3131944 0.7040868 0.86677504 0.8084295 0.059857816 0.91186625 0.26322675 0.5820484 0.607126 0.0867597 0.73381776 0.14796431
0.8358851 0.41547388 0.10746291 0.7239423 0.053668927 0.59390277 0.47899696 0.7889767 0.18026018 0.965133 0.9743953 0.41445503 0.46821135 0.7861922 0.15902679 0.8423181 0.60212934 0.36432815 0.8031865 0.7282972
0.92589307 0.21856806 0.74572104 0.4784176 0.25922692 0.5637011 0.26145732 0.074986465 0.8658048 0.2508625 0.79582965 0.39082092 0.5880355 0.12465319 0.24086262 -0.0142464945 0.72776645 0.39156628 0.18012188 0.75572425
0.5464753 0.5289163 0.8025258 0.042040933 0.12875818 0.71159667 0.2688768 0.19863999 0.5904151 0.8740404 0.041984353 0.35572892 0.22556177 0.27663285 0.00039089992 0.6487471 0.48060614 0.018525029 0.114281274 0.520873
0.71721745 0.11981976 0.6879711 0.60289 0.5969014 0.7974626 0.54577637 0.3328059 0.9751969 0.27140006 0.7091171 0.6146002 0.34898865 0.87858725 0.9436281 0.45825294 0.52650434 1.0384601 0.18329582 0.31321737
0.96049947 0.20217168 0.97277355 0.20398909 0.68604004 0.4570955 0.7067832 0.5900292 0.21854399 0.4023577 0.19461185 0.07691231 0.04355686 0.39355996 0.6568406 0.2847603 0.6976479 0.5132039 0.8948797 1.0042484
0.51010793 0.844519 0.7199889 0.84693897 0.56809634 0.17334495 0.31154948 0.7639402 0.25497508 0.38191912 0.33251622 0.47205168 0.1975576 0.9111399 0.41971055 0.87554556 0.41080946 0.5737653 0.1448562 0.6217354
0.61612296 0.12703125 0.509582 0.34887487 0.9166998 0.65559024 0.31738546 0.29988226 0.2594294 0.47579864 0.24787417 0.4294336 0.18305026 0.17850944 0.4721908 0.9404635 0.26790133 0.28209758 0.44819862 0.8598532
0.15372069 0.08390462 0.5348622 0.38744512 0.7904801 0.99059826 0.40260723 0.8096659 0.6709254 0.32699034 0.773835 0.5317052 0.90724695 0.17331795 0.22659703 0.453622 0.769229 0.34598857 0.30387196 0.5841222
0.40861282 0.82617587 0.65426284 0.3026223 1.007108 0.4817749 0.9265742 0.49333832 0.42589647 0.845704 0.15055788 0.7318368 0.99351776 0.43456534 0.5976661 0.6278333 0.8748189 0.105476506 0.76839143 0.9836998
0.7685462 0.33374724 0.06253145 0.6940026 0.16304384 0.045214925 0.72003585 0.12328955 0.86116093 0.13460006 0.86934906 0.77278835 0.34878752 0.23935555 0.8738795 0.20489381 0.12318054 0.34263307 0.23530406 0.84685594
0.94405806 0.69269663 0.41684458 0.49336177 0.5891384 0.71857643 0.09032411 0.09236227 0.3024317 0.7517307 0.03590527 0.9663642 0.4595232 0.097651176 0.27788055 0.8247814 0.3734127 0.42910552 0.84597945 0.47621438
0.4104997 0.7394573 0.8153241 0.78513116 0.13691579 0.23848069 0.6350715 0.6530995 0.43726823 0.7724727 0.1503579 0.1640934 0.52328444 0.5382672 0.80487466 0.8427541 0.5100797 0.081427164 0.28186876 0.60880786
0.60601175 0.9318881 -0.0131406905 0.7922733 0.116359055 0.78434 0.5254597 0.3186316 0.5268915 -0.00080015714 0.8054262 0.20987424 0.86086404 0.7888946 0.9020079 0.9046917 0.43067887 0.34177786 0.17021814 0.28713253
0.85760427 0.55259335 0.8498524 0.23839253 0.9666878 0.8746555 0.47093737 0.57183486 0.3018982 0.5794881 0.42813355 0.6431716 0.6755014 0.15870658 0.9976109 0.10925587 0.39899108 0.49846792 0.8284421 0.54123706
0.13958593 0.24833281 0.13596512 0.8358445 0.5518116 0.8443424 0.30835643 0.559635 0.5528168 0.39917952 0.38400134 0.19522879 0.8917871 0.1702988 0.24516079 1.0023425 0.89180624 0.5827036 0.24553573 0.9500397
0.76055884 0.46610296 0.19072166 0.7771627 0.25655377 0.8438262 0.20891067 0.5002164 0.39145884 0.7593754 0.56190044 0.3476465 0.08651487 0.5462247 0.5165735 0.7697295 0.27707988 0.38276342 0.5465806 1.0114443
0.6659631 0.100950986 0.6105639 0.30165604 0.85795903 0.06738499 0.44700253 0.84857935 0.18066259 -0.0637113 0.70751536 0.5775671 0.45584783 0.6288769 -0.009123839 0.54704225 0.34028742 0.6057968 0.16556051 0.46039888
0.8615877 0.8804358 0.65547884 0.69517016 0.90075225 0.9105128 0.22926708 0.25376356 0.4975803 0.41794065 0.05490923 0.0118643 0.37590504 0.5729556 0.7600353 0.19819827 0.5988094 0.47633362 0.4422368 0.16530235
0.2793405 0.23994517 0.22514613 -0.073679 0.34380335 0.7625785 0.77939117 0.5109231 0.8321752 0.22063671 0.8422663 0.38826478 -0.042177625 0.6168761 0.5361687 0.6106409 0.55579484 0.39103195 -0.0565134 0.5079701
0.15673026 0.9568813 0.41348037 0.39059263 0.3098676 0.8971788 0.7381728 0.23653382 0.41667104 0.19125482 0.34602338 0.3376083 0.8733845 0.830822 0.83502626 0.91596836 0.19690128 0.9103849 0.7159945 0.6502912
