0.20973548 1.0114988 3.2467513 1.145566 1.234919 1.0073135 0.8599714 -0.06996284 0.46636906 0.12393212
1.534667 0.8077302 1.7445602 -0.12411544 0.5506371 1.661178 -0.09206349 0.97712225 0.59552497 1.6026571
0.2169852 0.6198738 0.36059946 1.1573074 1.456642 1.2101548 2.1545227 0.2091646 1.5379535 0.34250513
1.1474531 0.024335608 0.9193739 1.303212 0.22903173 0.7765992 1.0312102 1.7211249 -0.5248292 1.9590852
0.681628 0.8160176 1.5029668 0.6882085 1.0589085 1.5599488 0.030414006 1.1762834 0.4710891 0.27056044
0.6910927 0.28836694 0.63697326 0.35632014 0.690244 1.4750613 0.8126414 0.9898428 1.0963696 1.255457
0.3205778 1.4867549 -0.3264997 0.7175093 -0.27619997 0.9023897 0.9347213 2.4701588 1.360208 1.3493615
0.66484845 -0.19533086 1.236623 0.7294112 0.61295676 0.9304357 1.7036568 1.0152006 0.21859625 0.5867746
0.44841158 0.5618092 0.6366061 0.61991966 0.24676315 0.6454328 0.5714178 0.39429718 0.5370385 0.41613543
0.7092537 0.9323687 0.26727554 1.5652274 0.4916183 1.5356096 0.5121107 1.1402987 0.8251199 -0.0858629
1.1844387 0.53412807 0.43840423 0.86672914 1.0495824 0.63464487 0.3711577 0.82527727 0.6846914 0.7632761
0.99453986 1.0739912 0.7734936 -1.4113979 0.21122491 0.5174335 1.111793 2.3404016 1.3529482 1.6453154
1.8233714 2.2568247 1.4168894 0.025827603 0.51379716 -0.6147537 0.74523324 2.2624068 0.28124517 0.52997774
0.20720893 0.6676488 1.5714813 1.043371 0.57595474 1.0282137 0.83734775 0.8878632 0.4731049 0.8704922
1.6651554 0.09948881 0.8084227 1.2887756 0.012023602 1.7940726 0.5653583 -0.71030676 1.7532825 1.8679398
1.4169445 1.1874766 1.0175568 1.3911158 1.2885039 0.12767075 0.07904165 0.34482133 1.2102097 0.14541034
0.57688403 1.0903456 0.9334036 0.502466 0.8637189 0.5921454 0.5506585 0.96499485 0.53938884 0.7786527
1.0576873 0.5275458 1.5264057 0.33528018 0.6301265 0.85213864 0.710866 1.4458326 0.29012612 0.79961336
0.7029151 0.44229314 0.60838497 0.7743715 0.44385564 0.7949111 0.49016425 0.78404903 0.761614 0.5585439
0.660347 0.82408845 0.67787313 0.30076283 0.40492642 0.8792861 1.2292928 0.7415351 0.58886844 0.6988263
0.014873818 1.4554039 0.86148083 0.2565844 0.959951 0.4777469 2.6357927 1.4166807 0.6667759 0.007664764
0.6651422 0.8189538 0.72729975 0.37707427 0.72815555 0.38361257 0.6517933 0.51929015 1.3391415 0.76495653
1.3535342 1.481777 0.38575998 1.0436902 -0.050274752 1.4158281 0.58988327 0.036310535 1.4307216 0.1240466
0.90638673 0.047203008 1.1629266 0.5544656 -0.32008484 1.0703102 1.5594621 1.4875445 0.68624854 0.67751545
0.4799499 0.9865769 0.8110608 0.8046553 0.94687974 0.42529 0.72452044 0.7486433 0.31124052 0.7778488
