0.42117593 0.72002995 0.6044112 0.14382067 0.64812154 0.13068993 0.6169606 0.85859346 0.52489406 0.036413394 0.6217784 0.6902568 0.7724283 0.119824596 0.32296956 0.7796316 0.09196322 0.6605098 0.5754198 0.7580085
0.574901 0.7061899 0.63813287 0.22341807 0.3209227 0.31364894 0.6722046 0.61893755 0.24912226 0.6273456 0.87648296 0.52882105 0.6228817 0.1529091 0.108940825 0.6949803 0.4145171 0.88658714 0.41477427 0.39276832
0.1400952 0.52686584 0.6908422 0.78927624 0.8359956 0.7685858 0.70422447 0.37038603 0.04094285 0.19956234 0.83483046 0.13295783 0.00076683884 0.52801967 0.112601236 0.31269056 0.29654014 0.05409654 0.5826069 0.7021465
0.2360255 -0.0138836 0.41131222 0.071982875 0.071707614 0.76796997 0.36079612 0.3070157 0.8799042 0.30621943 0.93289757 0.70844156 0.33223054 0.24782932 0.37043256 0.22185865 0.78507346 0.6874915 0.07154978 0.7484726
0.8018626 0.48861814 0.38710085 0.5652572 0.58017254 -0.024468241 0.17996055 0.6319552 0.011757885 0.89189607 0.7573124 0.69571763 0.18284604 0.05901825 0.59906644 0.08532305 0.41004497 0.44875368 0.32674354 0.7696681
0.44099012 0.12296129 0.10577366 0.80646545 0.7212257 0.24244834 0.2802328 0.9552296 0.5536127 0.9871514 0.34474644 0.9653949 0.77338606 0.2897406 0.36306587 0.6504199 0.06020996 0.097355515 0.67176896 0.45269313
0.5815609 0.6082797 0.78000253 0.22588569 0.42646837 0.5197134 0.50003564 0.8179853 0.48901498 0.31240964 0.7319806 0.7597287 0.38903487 0.11379663 0.04126241 0.0650701 0.4604404 0.7720532 -0.0205701 0.19943656
0.6847697 0.631476 0.11187143 0.6114886 0.742653 0.42895398 0.29374218 0.15012749 0.0909824 0.4806054 0.7433652 0.42391554 0.80826074 -0.01096339 -0.07013659 0.2780973 0.047969177 0.45768204 0.86432797 0.8761186
0.5157746 0.48308414 0.39977178 0.6101025 0.82221013 0.23727567 0.4540091 0.22348787 0.15391915 0.73006064 -0.08842142 0.72202146 -0.08277358 0.3602296 0.72845316 0.62147 0.40407738 0.7239795 0.78389287 0.043046497
0.59609616 0.32440653 0.3751297 0.63164496 0.32809496 0.2737271 0.6396382 0.61969554 0.31465286 0.41960624 -0.112017915 0.31084913 0.5860429 -0.014886196 0.34213316 0.09850128 0.13740467 0.5146017 0.3474099 0.5787709
0.83411384 0.91174227 0.4951444 0.5756657 0.21611173 0.13804576 0.5673634 0.2151113 0.27622762 0.7097557 0.19315825 0.4581238 0.54574466 0.19862291 0.4652366 0.8844736 0.7818721 0.59775597 0.54436505 0.6204206
0.32484362 0.82612824 0.7310592 0.8598774 0.41076085 0.2686251 0.30709308 0.8442586 0.8251526 0.37187043 0.1739837 0.7734174 0.07288929 0.6269313 0.1572271 0.46577045 0.042505752 0.42838308 0.724919 0.8592178
0.3793695 0.28105846 0.44563416 0.6851704 0.6021054 0.8509925 0.75269914 0.5445434 0.23211567 0.83686113 0.5849539 0.15997355 -0.030896088 0.23850144 0.04387807 0.71769065 0.7136482 0.4879541 0.6442965 0.822807
0.94254416 0.5508166 0.15249266 0.41276246 0.5670423 -0.0028037322 0.5365061 0.8030915 0.05670059 0.9420655 0.18595998 0.8917905 0.6249965 0.5989306 0.82086676 0.41952103 0.719814 0.10120748 0.060340285 0.4985502
0.49259102 0.6975713 0.34010994 0.67809385 -0.0014559736 0.021862933 0.16402772 0.28204802 0.6424692 0.86630166 0.75635654 0.83371484 -0.069301195 0.3414463 0.6060441 0.22889909 0.36211947 0.38237146 0.266325 0.65541583
0.18670411 0.27067307 0.7513877 0.33333457 0.8044973 0.66916645 0.77742904 0.4381987 0.6899941 0.91315556 0.48472217 0.68823206 0.13407446 0.07119027 0.47516656 0.41176724 0.62832403 0.42380574 0.18881193 0.7446533
0.6880174 -0.0075400653 0.6517061 0.08590463 0.6085752 0.79448235 0.5199671 0.056101955 0.21758597 -0.048762843 0.4325679 0.69156975 0.5840506 0.23036066 -0.038384452 -0.0039630784 0.7992297 0.42363384 -0.047368404 0.7899992
0.49199876 0.35101297 0.0037602792 0.11820212 0.64102805 0.119104356 0.52478725 0.8228338 0.2797767 0.12914962 0.549813 0.41483665 -0.11336984 -0.09345309 0.78116536 0.68407255 0.5672902 0.30827227 0.21818452 0.35657224
0.85834855 -0.06254682 0.5188807 0.36442703 0.1784019 0.73113567 0.34878004 0.87113315 0.14998895 0.3573375 0.59982896 0.3170428 0.80970126 0.6271616 0.072112456 0.1447496 0.4514372 0.37364107 0.2260192 0.7959914
-0.03602763 0.059391484 0.5809032 0.31359145 0.20416321 0.063753165 0.5487467 0.07772687 0.7004513 0.7992724 0.2725874 0.5864497 0.54574114 0.7431035 0.19315933 0.12420083 0.46389246 -0.115818925 0.8055065 0.23152958
0.042156998 0.043961957 0.33229855 0.41810805 0.09136318 0.856819 0.7006209 0.057717215 0.56063765 -0.016255418 0.81162727 0.72915095 0.37467176 0.74138606 0.17363724 0.77891314 0.31786853 0.73126 0.50762117 0.4459539
0.7195116 0.031726282 0.1672873 -0.045870394 0.50419915 0.8429972 0.31281447 0.89854634 0.50756794 0.2732767 0.17439958 0.5097018 0.63113195 0.6386921 0.8675197 0.3182774 0.53295004 0.48782474 0.13691549 0.14362644
0.71934825 0.4586461 0.1666145 0.8237393 0.53950435 0.49258798 0.53933036 0.6698296 0.11811593 0.88098186 0.28036872 0.1568463 0.7455068 1.0063311 0.31193703 0.8771537 0.15330282 0.4569131 0.44706094 0.19344734
0.14713247 0.45035762 0.47844836 0.9791622 0.14911382 0.12245081 0.23645712 0.74651235 0.92176324 0.85271806 0.51529115 0.82936853 0.696631 0.9233836 0.30745664 0.18665117 0.5368176 0.074469894 0.80085814 0.18320471
0.30549896 0.3824128 0.66561586 0.2967205 -0.079267226 0.8582419 0.76578575 0.32314962 0.6539133 0.42216337 0.5468264 -0.054505482 0.45235285 0.32690868 0.5598925 0.38847426 0.25495854 0.76971215 0.047537778 0.8082454
