0.85903955 0.5293807 0.6159574 0.13912259 0.7614826 0.66421765 0.23282987 0.87283635 0.6346934 0.111906886 0.5860754 0.9269387 0.41053593 0.068665124 0.110621735 0.7421367 0.6358986 0.39684176 0.3622108 0.27216092
0.78789634 0.34581268 0.24112767 0.03825387 0.7192242 0.5803502 0.8732127 0.052560236 0.66037196 0.7777858 0.13743415 0.18572474 0.5206918 0.58711916 0.84961313 0.8792726 0.27038068 0.40168104 0.7905066 0.31109744
0.3520335 0.9363775 0.9329976 0.060748365 0.5647746 0.0937682 0.97453535 0.9832125 0.15639232 0.38190123 0.801778 0.81736404 0.7409385 0.43205702 0.27870867 0.60658413 0.44588473 0.49311525 0.35610306 0.9429832
0.13787258 0.22372909 0.1793567 0.7736747 0.82889706 0.7435304 0.26796502 0.63576293 0.9674391 0.104368426 0.26120454 0.43219292 0.26021764 0.37051368 0.26083198 0.47378573 0.16231136 0.39509338 0.35210508 0.75261194
-0.10141486 0.049237125 0.5683585 0.58613676 0.52320033 0.3532678 0.23100893 0.6480051 0.49015886 0.34124675 0.2649477 0.015159434 -0.08506593 0.019900084 -0.12004075 0.65476894 -0.058119677 0.015403592 0.71689594 0.72724783
0.7836724 0.09982251 -0.041875 0.49360678 0.44088185 0.5322032 0.8094815 0.6879185 0.18609154 0.23031525 0.3055516 0.5998497 0.65574825 0.39355296 -0.028775007 0.18415424 0.5699519 0.47677842 0.4986072 0.80453527
0.0597019 0.37003157 0.9021605 0.51379824 0.70688605 0.3963976 0.081231564 0.22823977 0.3474957 0.4921526 0.762447 0.8356382 0.009356455 0.55215013 0.6150057 0.6229968 0.55846375 0.9325038 0.46901974 0.84965014
0.7760452 -0.1262019 0.6958335 0.6537716 0.56657726 0.00506667 0.31716648 0.25172713 -0.108167745 0.7001202 0.45234063 0.39426905 0.72751105 0.36758745 0.3666653 0.33356306 0.57192445 0.6623827 0.65443057 0.34814802
0.19626303 0.6802348 0.29861814 0.66232055 -0.024435714 0.4744666 0.23522885 0.2676003 0.8080477 0.10245265 0.49028963 0.74373084 0.4628131 0.49817422 0.72841763 0.70120186 0.8503223 0.43632257 0.17568609 -0.02929843
0.9411814 0.02496237 0.9455584 0.574086 0.3888446 0.55052423 0.46006042 0.8942594 0.5125128 0.25524828 0.023611056 0.92491657 0.5874928 0.30884108 0.93635046 0.5438757 0.6565594 0.16094562 0.18399689 0.37349033
0.22404411 0.38409877 0.92586 0.78708476 0.26874495 0.46437043 0.25762168 0.17381307 0.51062906 0.58509976 0.938741 0.6506921 0.31786257 0.9210952 0.31315035 0.13116033 0.4249309 0.6016557 0.7463643 0.3461088
0.8612269 0.726419 0.31105152 0.13609096 0.53744817 0.51806134 0.060093533 0.15271528 0.64239293 0.8234206 0.11246194 0.85695034 0.94287694 0.197475 0.08139705 0.056156296 0.70463514 0.2952429 0.6574088 0.038140167
0.037848033 0.8652981 0.7404246 0.5117309 0.34311295 0.43187934 -0.10442212 0.08214892 0.73584545 0.37734452 0.54204905 0.20111771 0.6376234 0.43574652 0.7810918 0.5597267 -0.09229102 0.11249318 0.13815616 0.122096784
0.9476281 0.060904734 0.42065823 0.13980436 0.5332049 0.7920111 0.16444217 0.23206326 0.092887394 0.768945 0.3745753 0.20787063 0.905411 0.014003603 0.8392731 0.8894661 0.06325461 0.6516369 0.022207987 0.5276726
0.45273796 0.9245577 0.70006555 0.68773896 0.55405027 0.2618291 0.402908 0.90742135 0.4977932 0.91205597 0.038581923 0.57459295 0.13967077 0.9710752 0.8348373 0.048453663 0.20041934 0.617421 0.79052025 0.9053022
0.079888225 0.52149945 0.7114385 0.7640211 0.8471589 0.5747757 0.71593434 0.21839413 0.772288 0.010048658 0.8161266 0.20472226 0.09967479 0.71853924 0.5733446 0.39580944 0.02385163 0.23535779 0.29135928 -0.037377555
0.23472477 0.65036684 0.60027033 0.8468378 0.23614542 0.6209251 0.29097247 0.22317052 0.19599938 0.34387842 0.7244966 0.7486816 0.47566333 0.3262835 0.13622536 0.5774532 0.41342315 0.698398 1.0082622 0.8399366
0.6827867 0.28855804 0.932646 1.0062325 0.7773524 0.09565918 0.9442938 0.24041975 0.632193 0.1614372 0.21991456 0.481995 0.8262715 0.31697875 0.23431692 0.35097954 0.6860283 0.80461425 0.9940137 0.73352593
0.61397964 0.8503647 0.7428819 0.33354312 0.7826189 0.58613783 0.950252 0.7408897 0.329619 0.14378534 0.7734887 0.5837821 0.644679 0.54138446 0.2356637 1.0243481 0.6269031 0.17548077 0.23809195 0.6223284
0.85466266 0.7410982 0.5289672 0.32089782 0.21867771 0.6448981 0.79815674 0.22628331 0.9266981 0.9193425 0.6870116 0.49227086 0.6315069 0.30754063 0.76473486 0.22340347 0.8730037 0.49110797 0.42156675 0.46587017
0.25921664 0.7274358 0.8415418 0.50993323 0.780995 -0.026854478 0.46704534 0.7224984 0.4086908 0.36180973 0.7426202 0.0058542555 0.4946536 -0.08480625 -0.112730056 0.05265006 0.2720581 0.47732124 0.38255155 0.16869396
0.47789693 0.565692 0.9303066 0.56583965 0.08508917 0.91306174 0.6219257 0.13335785 0.5860437 0.42623731 0.3175729 0.24353266 0.41109896 0.30272046 0.6474361 0.8593394 0.7032722 0.08518612 0.53189653 0.71908283
0.2504353 0.5609703 0.80339324 0.8735685 0.44603342 0.82495284 0.03157863 -0.014737473 0.19367492 0.6368107 0.0038901968 0.036559615 0.23810709 0.1250983 0.26919612 0.4371644 0.84156024 0.7415338 0.5303288 0.9204148
0.8516462 0.33406675 0.62321776 0.26929805 0.353014 0.47298843 0.48275238 0.9987873 0.7207448 0.63171595 0.6820986 0.27546984 0.5147976 0.20264596 0.37198386 0.7647201 0.78683597 0.52534807 0.92628574 0.60465485
0.3772986 0.4215304 0.21869677 0.8943969 0.17322724 0.5090544 0.48049474 -0.038105402 0.5081793 0.7869432 0.102060676 0.55727303 0.2712765 0.25343612 0.80932754 0.07166778 0.80142385 0.34647322 0.874987 0.39145467
