0.5133956 0.7086279 0.51990753 1.0035121 0.42080668 0.3548424 0.89015913 0.16428572 0.6156446 0.36529702 0.17021841 0.57867545 0.8896152 0.27056393 0.8705769 0.1880416 1.0434577 0.71426016 0.5093016 0.64119613
0.059828714 0.48937428 0.063000806 0.48449948 0.53690755 0.74070513 0.21199332 0.0054473085 0.4962528 -0.046506736 0.65618634 -0.0035569111 0.00039932173 0.635263 0.8916626 0.27227274 -0.04024442 0.21562946 0.72908 0.6786849
0.593706 0.5949243 0.3105104 0.99016756 0.14213066 0.7508285 0.48669794 0.23207122 0.80772513 0.09746882 0.15585251 0.40632325 0.44922307 0.41949356 0.6065945 0.2038996 0.4093786 0.42746964 0.54647464 0.1386533
0.37551808 0.25592458 0.6203698 0.5786876 0.5650292 0.5656402 0.28013316 0.3121946 0.629031 0.3587649 -0.08514348 0.37062335 0.5511416 0.44895154 0.60500336 0.73755485 -0.11053126 0.6055691 0.48083234 0.64873964
1.0008377 0.45481497 0.8697903 0.9981354 0.6362641 0.537564 0.636249 0.8333149 0.9267397 0.39577046 0.9811853 0.3819005 0.38518462 0.6775554 0.6862398 0.49541253 0.40887985 0.30006936 0.12644972 1.0020372
0.23863903 0.62335265 0.48560366 0.23696822 0.24090278 0.42205426 0.3485517 0.31903428 0.44042683 0.8173723 0.32325673 0.45696935 0.48377284 0.75116473 0.3459261 0.97399276 0.28249916 0.8827637 0.9721418 0.53809863
0.8312938 0.86409885 -0.027484015 0.67086864 0.53547335 0.5858848 0.70102924 0.1396964 0.49630904 0.8954929 0.43747804 0.44755372 0.7029028 0.8866419 0.06560706 0.7793983 0.30499932 0.23109588 -0.0455774 0.6068218
0.1330413 0.95528156 0.10583359 0.13023038 0.8066498 0.6385446 0.720283 0.3878915 1.0308043 0.23630242 0.89788634 0.36989087 0.6993365 0.96574235 0.37291658 0.78939587 0.4598269 0.7663724 0.70237976 0.45157775
0.77089524 0.8680417 0.31442866 0.6261913 0.38897476 0.14370756 0.7469932 0.43155664 0.5929177 0.3100053 0.57141566 0.015360653 0.2455964 0.68057775 0.30341437 0.92377234 0.64156705 0.74945694 0.2639937 0.58857286
0.33855954 0.7646276 1.0520736 0.9754347 0.81756777 0.5923894 0.6904687 0.7072559 0.62054765 0.750955 1.0027025 0.3431403 0.537777 0.68861574 0.19055577 0.63574314 0.24588622 0.3432382 0.9262188 0.53087837
0.53904825 0.8545356 0.33369052 -0.012631766 0.8753833 0.81376904 0.61707014 0.83404315 0.7337118 -0.013216705 0.640478 0.5174762 0.7326118 0.0075848284 0.51271194 0.22731309 0.56628215 0.48427054 0.36361697 0.6261211
0.6882347 0.26327997 0.39390856 0.93081677 0.8276288 0.608859 0.9406948 0.96129644 0.8564448 0.538382 0.59538305 0.18064964 0.6200693 0.70435303 0.5591965 0.47360456 0.14086644 0.07971657 0.97592026 0.32088208
0.18072198 0.9185564 0.6073077 0.6854225 0.012394962 0.38860878 0.3174961 0.76209503 0.12269891 0.6597994 0.5153843 0.75612015 0.13322733 0.76084405 0.6648111 0.6935255 0.23106314 0.5875184 0.4375961 0.8031759
0.7982839 0.047020182 0.5071739 0.41622776 0.4345567 0.42843488 0.8216117 0.25698736 0.35996947 0.4355864 0.80352986 0.112648726 0.8331279 0.57714176 0.8327274 0.58673453 0.51857585 0.8401654 0.48430735 0.09605607
0.23651318 0.22285207 0.652845 0.7697624 0.3386859 0.2236082 0.09341648 0.8287097 0.9700579 0.33768672 0.45603776 0.7061514 0.87375426 0.8815464 0.8667229 0.66243684 0.1832971 0.91363263 0.48654103 0.92658615
0.13361926 0.5072572 0.7882598 0.56674224 0.388741 0.22796234 0.9655297 0.1806053 0.84763205 0.46529195 1.0001422 1.0059364 0.75876445 0.9869979 0.31393632 0.59999007 0.41950268 0.34980935 0.7371146 0.13116221
0.9161826 0.2445299 0.7133538 0.43199578 0.12030151 0.8609413 0.5157987 0.37559083 0.5586744 0.3489417 0.2532366 0.29681653 0.5232346 0.8863193 0.49249357 0.8209171 0.073735334 0.40774718 0.44409612 0.82095444
0.54708225 0.20891972 0.6516776 0.98607856 1.0882164 0.45037743 0.25070333 0.22902195 0.6390944 0.6470712 0.4428107 0.30690557 0.35834727 0.6201936 0.4017856 0.5259385 0.44968385 0.36774856 0.16778533 0.71113074
0.2022715 0.8298176 0.57133144 0.30931216 0.29254884 0.4531284 0.80759853 0.4203518 0.4844115 0.812787 0.84468204 0.1330455 0.5327599 0.34814802 0.8800284 0.6811114 0.9467019 0.16308838 0.18239589 0.02805381
0.25161818 0.73349 0.5561067 0.75727975 0.69344985 0.21226902 0.7491916 0.42687646 0.93621457 1.0523443 0.21636048 0.6617834 0.56622005 0.41521248 0.61476475 1.0027009 1.0338744 0.27313894 0.8831127 0.70793504
0.290293 0.5871462 0.9705635 0.5640364 0.28559092 0.43759504 0.3997557 0.65757304 0.46701312 0.65322876 0.5163356 0.6547628 0.28642505 0.40282014 0.90003574 0.11925491 0.36997736 0.12781607 0.7430031 0.6415103
0.2505469 -0.06846429 0.11564078 0.49164706 0.27011085 0.5687803 0.1690429 0.76844746 0.020685287 0.5339296 0.513294 0.79014534 0.77363056 0.15673652 0.7222898 0.21114089 0.5271711 0.40956026 0.7878509 0.61952335
0.51430637 0.9568127 0.73351353 0.65245056 0.8362005 0.9891088 0.39946473 0.7799871 0.34998408 0.5111257 0.58387464 0.24594161 0.45367396 0.16917631 0.3872577 0.66368943 1.0174512 1.0065734 0.87153983 0.67762995
0.92595905 0.7624248 0.5571976 0.6486855 0.9438566 0.10334828 0.7016682 0.53291875 0.9127724 0.9208614 0.34478804 0.31954113 0.7499093 0.61143184 0.494454 0.6168923 0.23562665 0.14648786 0.44814172 0.43260235
1.0869095 0.52784497 0.5345332 0.28735536 0.48780307 0.4432139 0.6975372 0.2861876 0.75703394 0.43174767 0.57583594 1.0355424 0.7462274 1.1000085 0.6352552 0.772094 0.8486606 0.9045899 0.2751256 0.28135318
