0.34677255 0.13281369 0.8416124 0.040398177 0.7222501 0.47443026 0.5937066 0.36665082 0.38514253 0.8914692 0.44156307 0.94592875 0.22839724 0.6567954 0.72773784 0.76655537 0.17976214 0.58384514 0.31654522 0.30476642
1.0405595 0.44897425 0.46142873 0.12741081 0.4755493 0.737146 0.70122 0.46749663 0.84601635 0.41324937 0.63027316 0.5747556 0.65059865 0.48343423 0.41549423 0.5239143 0.20635362 0.66555893 1.0652902 0.45123756
0.21203423 0.4329146 0.6685563 0.56023973 0.47721767 0.23122779 0.25471076 0.97693485 0.15563183 0.33562252 0.63774216 0.7253313 0.17423797 0.6791384 0.94784576 1.0532042 0.16383521 0.12772413 0.8063529 0.670624
0.7824613 0.20841648 0.6006426 0.49426937 0.6720823 0.47899815 0.71666026 0.4810012 0.5956761 -0.029897656 0.3447654 0.21406291 0.4714072 0.15808253 -0.031909827 0.6107402 0.35925674 0.17623405 0.72091734 0.45179814
0.8938242 0.92744803 0.31388345 0.6814066 0.8624089 0.24005911 0.38697168 0.15084945 0.47832766 0.66945165 0.13471445 0.27641895 0.83947974 0.40991774 0.938731 0.10328322 0.59097385 0.1053407 0.58645195 0.50251186
0.058348283 0.8227651 0.22282511 0.4253724 0.8211402 0.20789115 0.5604934 0.87887913 0.069923386 0.6612698 0.6396251 0.62360096 -0.06543447 0.87965053 0.75930095 0.48925817 0.5239109 0.88441706 0.056824632 0.6212224
0.538993 0.6435295 0.6790897 0.84808224 0.010184959 0.7632205 0.45316413 0.36461866 0.08883012 -0.049777478 0.07672653 0.8682691 0.049489345 0.10638375 0.54100645 0.09797199 0.8444254 0.6381418 0.7159411 0.42840505
0.65564555 0.6987606 0.3538738 -0.09074064 0.8491916 0.011685788 0.47074848 0.065003 0.087384686 0.35999864 0.80913776 0.15273976 0.7499987 0.05657325 0.6065351 0.6947416 0.63426816 0.5279719 0.703258 0.4658331
0.75084794 0.5516693 0.80725956 0.76223713 0.21358865 1.0381758 0.11541616 0.32839435 0.2884419 0.28980848 0.5975238 0.74146134 0.4221087 0.43089554 0.86237514 0.5322624 0.969836 0.220753 0.45034295 1.022443
1.0491874 0.3495748 0.9069278 0.3648771 0.2816274 0.15807046 1.0185846 0.619363 0.23114996 0.34593293 0.9492494 0.43964458 0.33929265 0.49183926 0.44890115 1.0299109 0.9806294 0.49300033 0.6694682 0.35952613
1.0364517 0.5350915 0.9837755 0.25559726 0.82410926 0.32167712 0.18289492 0.39762774 0.19731948 0.8085918 0.25813884 0.7118683 0.16720414 0.38152573 0.8871295 0.17497928 0.28038752 0.57511216 0.73701125 0.23302819
0.7260625 0.7826858 0.24406825 0.016972784 0.2532958 0.344497 0.0009972552 0.64901096 0.28204036 0.64784825 0.74762803 0.47864732 0.5979789 0.49484313 0.6033461 0.3881052 0.86321825 0.63227135 0.7869102 0.6139722
0.8046984 0.36180305 0.062443297 0.30210596 0.21766633 0.57714653 0.3367029 0.2872601 0.83655316 0.6725601 0.58225036 0.3154391 0.6517565 0.50946194 0.43147725 0.4171785 -0.03871691 0.50249165 -0.012388368 0.78265834
1.0956178 1.0563478 0.23969682 0.25154343 0.22324938 0.35236797 0.30691886 0.6994486 0.37222964 0.3345708 0.94404364 0.29598704 0.2458304 0.27294698 1.0790278 0.6924882 0.26703602 0.38943484 0.23859486 0.55765927
0.16789399 0.7587657 0.48318282 0.60335976 0.14973484 0.7390568 0.6770441 0.69021416 0.25367093 0.81128776 0.104674175 0.06325945 0.2601584 0.3009584 0.7114087 0.8047918 0.85604185 0.8125448 0.7556363 0.1581003
0.75886095 0.5600324 0.25999862 1.0306371 0.12468008 0.82122743 0.72623074 0.87109077 0.9831427 0.16130413 0.20688799 0.37996668 0.2165173 0.6232298 0.85673785 0.088939875 0.20832737 0.22038081 0.20883317 0.76283723
0.21423788 0.13692254 0.32115957 0.8523956 0.8161627 0.6555795 1.0843363 0.60818136 0.17691644 0.54108 0.36450815 0.6430567 0.35339838 0.9611043 0.13465548 0.95451623 0.19166555 0.54296225 0.2785418 0.19757229
0.71843344 0.12839171 0.25754803 0.65308905 0.45351163 0.48727688 0.51594913 -0.10349967 0.25960708 0.4666546 0.40553892 0.091646425 0.079493426 0.05214031 0.78300565 0.029316768 0.7341886 0.6130921 0.3318599 0.38524607
0.1716856 0.71433425 0.97020847 0.82088023 0.4173103 0.5021366 0.25088787 0.11376118 1.0314881 0.24191903 0.18750656 0.4781647 0.2868901 0.18752156 0.92680794 0.6301312 0.80280924 0.86138856 0.14275846 0.40170148
0.26653475 0.41593033 0.10792183 0.102122106 0.41328382 0.5281737 0.8430467 0.30417177 0.35073277 0.046482746 0.38795608 0.71617013 0.6743408 -0.0747582 0.6698991 0.46783316 0.5256409 0.8232153 0.5633434 0.5716512
0.7114031 0.535895 0.40660936 0.38884163 0.5448691 0.9108526 0.6917727 0.23533656 0.7677743 0.2122514 0.37921908 0.20519562 0.43538648 0.65719897 0.28544122 0.93597734 0.3238157 0.86201173 0.34989014 0.2667782
0.3599184 0.2554622 0.67422044 0.92789936 0.18953145 0.04587216 0.5618593 0.072890565 0.75733954 0.64065903 0.73076606 0.6306998 0.35212916 0.91043955 0.7658475 0.7378489 0.06865367 0.7566177 0.54151875 0.23249912
0.61487645 0.40548652 0.78391355 0.13326108 0.7295254 0.06454035 0.7937731 0.17718628 0.7997354 0.8989073 0.19037151 0.21407296 0.85948616 0.4345425 0.19746569 0.8496622 0.36361372 0.027162684 0.92114556 0.63920975
0.34616417 0.7194746 1.0845858 0.25197262 0.6337787 0.9387114 0.5168249 0.909515 0.27817518 0.85896367 0.5373985 0.44704506 0.49825376 0.8263133 0.44810346 0.46889505 0.5613167 0.2935333 0.2787479 0.33797714
0.6271463 0.29899392 0.6841765 1.0015872 0.6164971 0.5209799 0.91699153 0.2323345 0.2361022 0.23674305 0.41413653 0.4645284 0.15009284 0.80279756 0.84884477 0.95273656 0.13441013 0.9650628 0.29507342 0.9930734
