0.32346708 0.2717768 0.22880426 0.26954055 1.118838 0.24039146 1.0168146 0.6584533 0.88789994 0.5538301 1.0653256 0.82579786 0.19927487 0.61286235 0.606212 0.6343512 0.6341324 0.20330851 0.40486032 0.8584116
0.2176872 0.42191318 0.26293412 0.8489059 0.84538233 0.6193623 0.9445165 0.22498994 0.3776303 0.5320501 0.36916602 1.0522816 0.8433203 0.27658173 0.21714246 0.15981549 0.22384219 0.46157804 0.1627826 0.8327592
0.18908472 0.38171074 0.6032496 0.77161086 0.77337396 0.588999 0.87953407 0.23460573 0.7618363 0.23096888 0.23316534 0.6158414 0.39829934 0.6899417 0.24021944 0.8132637 0.5323872 0.22147149 0.45458022 0.36928514
0.87664026 0.6338588 0.36663654 0.24108616 0.20757423 0.6633496 0.12739018 0.36666706 0.4292982 0.745435 0.021780802 0.70289594 0.7921026 0.49947214 0.91770643 0.7864 0.27142382 0.7711966 0.21945608 0.5251231
0.14016214 0.89938813 0.4745915 0.27391702 0.70230174 0.5909048 0.37193096 0.32422236 0.72903806 0.3142957 0.2785112 0.3149213 0.73873496 0.34742397 -0.03855217 0.47681752 0.21282503 0.8255425 0.22671762 0.54650366
0.6460322 0.85671383 0.1289176 0.55394614 0.13974784 0.58294314 0.2576086 0.92453706 0.373653 0.83277977 0.27165058 0.059147164 0.26870072 0.31275427 0.9357892 0.46844804 0.6600047 0.4765878 0.9320895 0.59426814
0.48700348 0.7941485 0.28485093 0.53590506 0.14852427 0.6389234 0.0646301 0.2454453 0.50518054 0.8064742 0.06477395 0.097331494 0.18817374 0.12266694 0.13181506 0.1827445 0.47934076 0.401244 0.57368255 0.3811949
0.53689575 0.60708106 0.12993464 0.4151004 0.47237036 0.03057817 0.23915105 0.84850496 0.5898382 0.69459116 0.23073786 0.65244025 0.17368974 0.34969136 -0.003850782 0.26823047 0.17930302 0.48585013 0.23098245 0.36493874
0.91699386 0.64823973 0.9652571 0.5738108 0.875747 0.81780887 0.16821127 0.5775486 0.6640821 0.117435776 0.67245543 0.252268 0.32746425 0.5244123 0.72172225 0.09636357 0.8079313 0.22084105 0.7028138 0.60786355
0.78325427 0.45398226 0.9341395 0.30303434 0.1493638 0.27864775 0.70287174 0.9927491 0.24210975 0.76578486 0.33876953 1.015663 0.7783821 0.6878593 0.42923597 0.78889394 0.21092774 0.26510227 0.8402643 0.29814154
0.91641074 0.21178135 0.09221976 0.9698687 0.48659188 0.9476431 0.7862097 0.950812 0.33872527 0.05053352 0.77884257 0.66682 0.048340254 0.16708456 0.76593965 0.8437788 0.43942586 0.5220234 0.049554575 0.12974945
0.7079891 0.5063942 0.9137524 0.9555596 0.64580894 0.5927679 0.96230155 0.4732684 0.4252818 0.82745266 0.3026058 0.40796417 0.35804513 0.80673593 0.34316805 0.17978834 0.5048468 0.6773703 0.35053143 0.28730658
0.08814377 0.5502365 0.5326525 0.6839254 0.6980375 0.34908694 0.98409504 0.82130665 0.45529643 0.19331409 0.39402717 0.7934982 0.5779763 0.5091745 0.94830537 0.47418687 0.46535823 0.17659836 0.08392386 0.23407865
0.8026272 0.7565598 0.38403764 0.7173944 0.3159672 0.43295413 0.8891157 0.64733416 0.20324421 0.8421676 0.7328357 0.7993044 0.68231803 0.17771031 1.0250441 0.70079255 0.50974345 0.27688858 0.37813696 0.26073727
0.5725489 0.17466445 0.22527662 0.2873242 0.5998288 -0.06472843 0.77241206 0.2401024 0.8214053 0.42698905 0.3815274 0.62054133 0.4271475 0.3552958 0.06452098 0.787908 0.725832 0.39819202 0.17832492 0.7437993
0.73985326 0.3079877 0.90562177 0.57668936 0.7182852 0.62180495 0.21044214 0.54007953 0.29033867 0.8235111 0.11475928 0.5964697 0.49473602 0.24013741 0.55079836 0.9198342 0.31674024 0.10537247 0.09267137 0.85929686
0.45452353 0.20195098 0.8999985 0.7843614 0.06120992 0.12272199 0.716885 0.08457652 0.9031637 1.0092825 0.24901433 0.70351386 0.753262 0.911602 0.4870606 0.38026342 0.8199869 0.45957798 0.8179575 0.7577953
0.8832194 0.417124 -0.012433843 0.27272266 0.44776624 0.35765958 0.030972725 0.18140449 0.66165775 0.352845 0.13581914 0.89764285 0.92421484 0.8275645 0.7033389 -0.013882288 0.798326 0.18733461 -0.0051008915 0.49215734
0.75531983 0.1806771 -0.04360512 0.2630787 0.35222566 -0.01746439 0.5520344 0.0032421078 0.5582073 -0.02913506 0.79031676 0.5246305 0.28121102 0.8611514 0.66189146 0.50299525 0.6650128 0.29257497 0.025528383 0.21036837
0.72325593 0.44752496 0.46362975 0.8738271 -0.041563842 0.22239487 0.072904214 -0.034008835 0.6785932 0.566122 0.1396434 0.57161725 0.10696032 0.108359784 0.46851102 0.60928494 0.19165757 0.7265199 0.8975276 0.9108042
0.6593977 0.08140121 0.16061261 0.40374786 0.07867816 0.1775184 0.76977265 0.7066441 0.61668366 0.7363849 0.88111687 0.40428588 0.82606316 0.1178556 0.72027504 0.15630761 0.8662287 0.7206466 0.82614034 0.43522945
0.36846805 0.80363834 0.39950982 0.5329802 0.9383335 0.6464566 0.54538393 0.49785045 0.59041685 0.56748843 0.7402115 0.23956619 0.69204265 0.15921737 0.32884485 0.78970176 0.4446342 0.95311695 0.19325544 0.99772745
0.33998317 0.6425303 0.9338063 0.45613608 0.4032941 0.35294735 0.7157928 0.08195549 0.21345419 0.23347372 0.3671647 0.61599857 0.82823265 1.0202976 0.1660521 0.22544068 0.88435227 0.23607865 0.7348871 0.5022708
0.29732484 0.9393471 0.64874154 0.9928389 0.60802084 0.60605323 0.77383447 0.36438045 0.5617436 0.89843124 0.30848917 0.72958595 0.60851747 0.57056123 0.8600768 0.6465307 0.25272754 0.47566384 0.22473715 0.22460309
0.34945664 0.38226712 0.9400036 0.36604628 0.9202897 0.26781636 0.8867048 0.88254523 0.22035044 0.94416416 0.24762246 0.9010652 0.42814726 0.44089022 0.7922167 0.45866722 0.38019413 0.59997874 0.63337606 0.53402376
