0.015823325 0.7632627 0.39031062 0.24594617 0.7934214 0.7828454 0.3132317 0.9635338 0.4929025 0.888737 0.88017446 0.46850914 0.9256836 0.6651545 0.43552753 0.13985297 0.23072957 0.5198581 0.52101415 0.82183737
0.3573825 0.5393678 0.43281472 0.26454863 0.80825764 0.5986265 0.74289525 0.15214813 0.8794151 0.68761224 0.7749922 0.82179713 0.78899896 0.19314338 0.27948076 0.13485418 0.46435678 0.7625239 0.9133642 0.8615216
0.20802873 0.5576878 0.44553867 0.22639312 0.32498446 0.60306036 0.9602418 0.8395235 0.6566996 0.9054084 0.37766382 0.41260988 0.2713006 0.6609469 0.13227527 0.20256157 0.7206696 0.64930165 0.33904776 0.5920946
0.91118515 0.8881986 0.12086375 0.577291 0.7799936 0.6292521 0.5152457 0.20028047 0.038599413 0.3779556 0.5550639 0.0401491 0.40780103 0.48025584 0.67018 0.052276857 0.17394806 0.9104702 0.0045863083 0.4997995
0.30915198 0.46522468 0.13687897 0.4040936 -0.14229774 0.4070002 0.4198348 0.3414118 0.74520576 0.060767975 0.6725675 0.31462488 0.17299454 0.46712655 0.22847904 0.6637161 0.022941679 -0.14996637 -0.1702096 0.65631205
0.25690398 0.2999211 0.12769692 0.8460688 0.12007501 0.3765272 0.1710788 0.33098483 0.95756584 0.17608622 0.8725693 0.44843614 0.16932374 0.40774918 0.8572848 0.7517973 0.8752346 0.5005001 0.76320684 0.7645256
0.1345416 0.76100826 0.19376114 0.63644564 0.3168898 0.46594927 0.38863575 0.7295722 0.73151094 1.0672221 0.767221 0.48749933 0.40310884 0.5120536 1.0386202 0.47287112 0.31911933 0.6172674 0.7170815 0.8521358
0.30167207 0.7797422 0.1664107 0.23321918 1.0104707 0.50455827 0.7471397 0.8534269 0.7327648 0.63056105 0.36711058 0.18803345 0.99391365 0.5868384 0.59579575 0.9559452 0.78899795 0.40075332 0.25053683 0.33860457
0.5873738 0.489261 0.8502748 0.5409052 0.81025755 0.5555389 -0.02523248 0.5938232 0.035276838 0.4536128 0.903157 0.50940084 0.41842762 0.30059442 0.65372384 0.6338324 0.7384874 0.7966838 0.08980458 0.12087148
0.91559505 1.0418103 1.0101913 0.28388494 0.7282398 0.5714316 0.24004802 0.9215655 0.3980365 0.9129243 0.5028772 0.6931522 0.19457231 0.8794231 0.33107087 0.47524732 0.69744515 0.14021721 0.1608239 0.19165692
0.56878793 0.9058942 0.47382495 0.23210578 0.58095336 0.34968916 0.6095552 0.59793705 0.16387743 0.6997894 0.99934024 0.88496435 0.7852327 0.8966316 0.3373986 0.073482595 0.8197609 0.72950983 0.68482226 0.22397122
0.32591942 0.049076393 0.94250256 0.80695295 0.8257576 0.7781468 0.21663511 0.8603969 0.52496785 0.6749403 0.757428 0.8410139 0.5023474 0.7497044 0.43231753 0.6320712 0.9244234 0.46403742 0.009697835 0.2844824
0.8206122 0.72462803 0.4960394 0.20434812 0.2184121 0.25001517 0.7336303 0.9903244 0.16030414 0.4189331 0.693141 0.04987044 0.3179904 0.6059209 0.85906553 0.69893163 0.4733905 0.08317498 0.6838896 0.7645691
0.3414524 0.7585539 0.10589581 0.7264294 0.62300646 0.4898881 0.38063005 0.15447259 0.46470782 0.5419522 0.37219292 0.71055186 0.52945757 0.9172238 0.25051075 0.48722395 0.5959419 0.4393858 0.10554799 0.9129058
0.0635659 0.57156414 0.6490367 0.69327646 0.82600135 0.50082403 1.0015984 0.48017386 0.11317642 0.24082407 0.6373839 0.11368653 0.12833397 0.4282962 0.89309156 0.82002145 0.6343071 0.87397885 0.21566726 0.40929893
0.9260692 0.5165808 0.32828945 0.43093926 0.8336268 0.8390763 0.23145013 1.0163183 0.5799693 0.95296675 0.20669645 0.5851922 0.79419684 0.66351277 0.3171771 0.6472542 0.26192307 0.3350759 0.7447541 0.1700612
0.5142743 0.44011125 0.4237212 0.1324704 0.18295926 0.42425284 0.5302959 0.70029885 0.56763303 -0.034618102 0.21562597 0.7581513 0.6787847 0.58560145 0.74853414 0.27400568 0.6715593 0.30517104 0.6348457 0.10156798
0.250971 0.98913586 0.9923494 0.8170085 0.51860756 0.6564638 1.0969968 0.58995694 0.534949 0.21706724 0.9801436 0.6268226 0.58863264 0.39483938 0.92562824 0.7790242 0.36966583 0.41124278 0.35021374 0.70271087
0.29366714 0.13996528 0.74747187 0.31212217 0.27646023 0.50496846 0.9369981 0.87682503 0.62399197 0.74752265 0.9200917 0.8372209 0.8086175 0.5261667 1.0087305 0.20549712 0.8630647 0.18738176 0.40654483 0.32681677
-0.09544268 0.49822578 0.35786563 0.7892241 -0.045766745 0.8496715 0.45233715 0.5248381 0.6969581 0.40309456 0.30281937 0.16450146 0.74162954 -0.027965765 0.10360023 0.56574875 0.306103 0.07253405 0.4928483 0.29843253
0.9536252 0.42727304 0.57956 0.95162123 1.0012301 1.0143336 0.14827886 0.483463 0.9830331 0.29021704 0.3538886 0.7178234 0.72351503 0.6537365 0.37738395 0.45146698 0.5434027 0.24682699 0.71265954 0.98107725
0.86629486 0.81598485 0.52067596 0.7907446 0.36401767 0.3951206 0.44488862 0.06892452 0.60255456 0.26182833 0.197851 0.83724385 0.17578655 0.40251377 0.5770892 0.29210272 0.87502027 0.5931832 0.724034 0.15620717
0.33073342 0.92889553 0.13266204 0.8792339 0.6877878 0.37719846 0.57846266 0.5829608 0.27661124 0.6906336 0.7758601 0.03970783 0.0200851 0.32759935 0.43502915 0.97260207 0.25568375 0.92156464 0.73733205 0.2886685
1.0110307 0.9121471 0.70466965 0.21941221 0.7835029 0.32706422 0.41528797 0.4416779 0.75931686 0.8902185 0.37116608 1.0882822 1.0409894 0.4936611 1.0400746 0.5452434 0.13598786 0.21420227 0.92163014 0.4027755
0.33747563 0.42985472 1.0113231 0.27506655 0.75616217 0.68828577 0.2574692 0.46596363 0.52924615 0.24434717 0.6207997 1.1083665 0.50550663 0.5825776 0.86844605 0.60667795 0.35665712 0.82168025 1.115278 1.1408839
