0.9207365 0.6109203 0.5644043 0.7650885 0.5600888 0.45265722 0.17914863 0.16939934 0.45490962 0.66771394 0.93538356 0.25052527 0.7566132 0.49656853 0.9183244 0.633088 0.22270682 0.8709749 0.011085832 0.9329876
0.22216359 0.9221906 0.06530008 0.2391826 0.8142703 0.0044105593 0.36563408 0.6001723 0.81598103 0.07139355 0.20464301 0.10607567 0.7360514 0.6840809 0.30236384 0.8282642 0.42404842 0.47925445 0.07184187 0.65430546
0.26397753 0.37221578 0.4747961 0.25736353 0.28738248 0.3774039 0.4191909 0.5101918 0.6612572 0.3415093 0.52946067 0.9959891 0.48115236 0.26696345 0.8066747 0.8110255 0.68078613 0.823391 0.21813089 0.63959605
0.91068757 0.43353668 0.39402276 0.9328895 0.56235784 0.6875794 0.21165854 0.49205843 0.6010201 0.3007404 0.67275494 0.4413509 0.13648793 0.48313835 0.7590292 0.21950185 0.6593638 0.2684093 0.057429247 0.6865631
0.4485921 0.07077507 0.3697191 0.7017194 0.7452772 0.94959164 0.8626882 0.8535477 0.8179411 0.39747536 0.6504195 0.20736766 0.4055779 0.67951906 0.5128108 0.29263124 0.91856253 0.6860317 1.0108608 0.108097255
0.30992198 0.5023778 0.8504833 0.75481397 0.7170623 0.82424605 0.6394378 0.27111933 0.5412686 0.90177613 0.035739854 0.16881938 0.3439261 0.70016426 0.090844676 0.6880306 0.14013822 0.9029841 0.6739408 0.087572075
0.4056387 0.9031253 0.41680053 0.24865632 0.90613306 0.4213856 0.8286291 0.44278747 0.8299804 0.49792674 0.28278664 0.481434 0.45099527 0.91866046 0.23546952 0.95449084 0.59953195 0.85443896 0.31081298 0.3884618
0.9341607 0.39944962 0.04116308 0.64733064 0.33470836 0.98195046 0.55288416 0.9215946 0.09230308 0.46695963 0.70757985 0.22874577 0.047048848 0.82263035 0.9487353 0.19514494 0.12568806 0.32361943 0.27159715 0.91935873
0.4717997 0.5370619 0.35780066 0.69269586 0.7364527 0.83961207 0.5140329 0.13987643 0.75291216 0.7485099 -0.012137623 0.4965389 0.385406 0.1768796 0.48182878 0.7805509 0.43985856 0.40105623 0.85232925 0.49090156
0.6636 0.73844177 0.2907953 0.9014025 0.31099203 1.0342518 0.42815232 0.58889973 0.25775433 0.3115534 0.9564998 0.43462008 0.4641373 0.20152463 0.9110522 0.3712805 0.3130436 0.735515 0.67507917 0.94097203
0.45374635 1.0151073 0.61562246 0.45210767 0.22928353 0.34824538 0.93418866 0.9324495 0.23534514 0.5528546 0.7865782 0.36307466 0.6209662 0.74038726 0.7223037 0.8015314 0.12590219 0.78082 0.11300489 0.51692677
0.31297794 0.29494557 0.6824581 0.49463403 0.72722644 0.37740865 0.6935236 0.52143526 0.9163692 0.48511356 0.7601203 0.12101036 0.17698012 0.9114402 0.6412743 0.89266336 0.786876 0.38116807 0.98676205 0.3733719
0.5584526 0.60324657 0.67563367 0.53018284 0.6474825 0.44735354 0.816517 0.53311616 0.21512496 0.61805505 0.49022388 0.26326644 0.6774176 0.16151202 -0.06601598 0.67698365 0.59332275 0.82106626 0.26511762 0.47441903
0.86482364 0.2970187 -0.02112961 0.6764744 0.2937326 0.8601248 0.41879198 0.22794038 0.7786223 0.35194215 0.6219395 0.21686168 0.5732697 0.7136 0.4527563 0.27418202 0.52276564 0.6259526 0.8452025 0.58832353
0.85250354 0.43149462 0.50522953 0.8631604 0.72506946 0.76885164 0.13767698 1.0806453 0.69172364 0.36095405 0.34831813 0.1503385 0.26923716 0.52212477 0.67638 0.7745444 0.41120794 0.6341017 0.27345183 0.86596286
0.17739655 0.52390593 0.7632738 0.124839924 0.227593 0.50075305 0.22533093 0.6299649 0.3379091 0.24259426 0.5775594 0.21491186 0.22264701 0.8110674 0.23017874 0.64640784 0.3975173 0.5855036 0.4772301 0.64607304
0.39075842 0.23116003 0.3179243 1.0849651 0.4786155 0.38253018 0.9577721 0.80585134 0.8202641 0.25771123 0.79023635 0.72040427 0.4852037 0.37568748 0.8678089 0.2831777 0.957988 0.5928132 0.26993147 0.2826376
0.84632623 0.8807567 0.25374377 0.75956154 0.3814314 0.6918919 0.64474934 0.60920346 0.9942957 0.9529625 0.7356687 0.25489962 0.4099462 0.23966207 1.0690006 0.34990624 0.39162424 0.99805593 0.58992356 0.7093866
0.079420194 0.9666722 0.050750583 0.57604253 0.8504407 0.94495356 0.49366426 0.536278 0.28557146 0.56329983 0.9008632 0.4810588 0.37246037 0.14129776 0.90705144 0.6945662 0.6763451 0.87627155 0.6975869 0.58858305
0.4549519 0.53155535 0.4349397 0.6296198 0.8505323 0.38239595 0.63691455 0.68272555 0.935901 1.1376481 0.41987655 0.53055733 1.0158281 1.0912846 0.49994472 0.432794 0.4403262 0.43709537 0.36774907 0.97441065
0.55044186 0.40018222 0.6337655 -0.06361383 0.7493301 0.78395027 0.7559759 0.4039976 0.8647255 0.5412598 0.85424453 0.07718229 0.043912623 0.2772029 0.39600652 0.7780082 0.5431891 0.8473235 0.20973596 0.55469024
0.39278618 0.8311545 0.28382814 0.63716096 0.54847115 0.24992199 0.2818488 0.7105332 0.5242395 0.6883989 0.59163606 0.6747453 1.0835582 0.3618473 0.8668174 0.96450347 0.43943164 0.21007685 1.0759434 0.19618379
0.3781951 0.7037167 0.4869941 0.06298046 0.7407283 0.2572836 0.5912333 0.1752086 0.2429167 0.5985471 0.7064197 0.4301163 0.52292114 0.4264494 0.89962286 0.19130093 0.5392073 0.6737759 0.4680111 0.9319027
0.045614783 0.82857317 0.8108614 0.20553565 0.5776329 -0.028029703 0.7619902 0.2789029 0.8329792 -0.00390844 0.3666337 0.23218414 0.83214587 0.21415654 0.8357397 0.56095654 0.29751307 0.06375766 0.8019747 0.21142586
0.5432848 0.097087316 0.6480963 0.5794052 0.7562181 0.67896414 0.78707844 0.10512873 0.6879608 0.6746427 0.67329687 0.22224085 0.5241214 0.066666104 0.7929047 0.67913616 0.25695497 0.45720005 0.80838597 -0.022678994
