0.3364918 1.0800339 0.7350793 0.839154 0.28408 0.34073663 0.870797 0.83155733 0.37745228 0.38535458 0.50387895 0.52191013 0.35110316 0.81288546 0.5574539 0.54198045 0.68110806 0.18935946 0.9443884 0.45446938
0.50606745 0.7537257 0.42587784 0.42374745 0.746476 0.005006229 0.60651124 0.3458555 0.43526033 0.3417108 0.8731035 0.7578314 0.4326816 0.722322 0.590904 0.026040493 0.89306897 0.1498502 0.3438878 0.701986
0.1953382 0.39374602 0.11291661 1.0188265 0.8201657 0.34091073 0.4934054 0.826017 0.922149 0.13343939 0.6174905 1.0059222 0.22672844 0.3068468 0.34957266 0.22887696 0.27581078 0.774884 0.4517985 0.47949058
0.17595074 0.49417126 0.3010008 0.28886205 0.23673762 0.43168452 0.6358673 0.8093796 0.96447676 0.65374595 0.6865951 0.5800606 0.80902106 0.5153999 0.31240433 0.4506423 0.4444492 0.1223025 0.5424284 0.82433444
0.20250836 0.7540562 0.8334955 0.43580028 0.23535243 0.15703052 0.5194741 0.5940291 0.23121798 0.50994235 0.85588086 -0.004855716 0.7044726 0.44050074 0.36869335 0.7611702 0.23039523 0.7700782 -0.041090246 0.36230013
0.38150358 0.7919758 0.9585517 0.8768016 0.89471847 0.81895596 0.22037858 0.4567224 0.640661 0.1423761 0.4067993 0.8876524 0.67740524 0.55457973 0.34061247 0.98074675 0.3049866 0.37035722 0.78554946 0.044245932
-0.0057318113 0.4406215 0.8714236 0.8509634 0.49070382 0.39717767 0.7930417 0.3087145 0.8539682 -0.049680047 0.8204093 0.762206 0.014492584 0.045622952 0.52085924 0.19872865 0.68404806 0.17896953 0.22385672 0.33251727
0.12638307 0.1846909 0.1825006 0.64479774 0.107403755 0.75854397 0.82169795 0.5297028 0.6410584 1.0041435 0.8025326 0.91843647 0.65058696 0.2647631 0.8543074 0.3712164 0.195029 0.45912167 0.8488893 0.9335747
0.49094296 0.07217547 0.12656327 0.9366489 0.47035307 0.91414726 0.3983985 0.80351543 0.5298236 0.56309605 0.28491545 0.16660781 0.9327871 0.8358082 0.21378669 0.8717512 0.5121879 0.9428926 0.7620627 0.49882695
0.4791325 1.0325849 0.2435933 0.9411596 0.39625484 0.93483496 0.5932021 1.0186678 0.19712341 0.2339701 0.16831097 0.7401094 0.2561325 0.83727694 0.85388345 0.47391766 0.7334432 0.5048251 0.4861171 0.36206713
0.6057205 0.16692443 0.22480106 0.64513415 0.5245514 0.6711869 0.22024012 1.0764155 0.2158044 0.5141481 0.1566269 0.7918764 0.26978114 1.054352 0.9709119 0.97783226 0.20179406 0.82144517 0.8629296 0.45066357
0.025823543 0.87989753 0.111981735 0.7659202 0.5123538 0.8253098 0.5406095 0.7808154 0.11743939 0.83151275 0.4177959 0.4801072 0.6889429 0.67243457 0.34088156 0.68138134 0.14119717 0.12885332 0.18210232 0.76489174
0.36270756 0.35405025 0.8653327 0.61807686 1.1741507 0.40249848 0.4366683 0.26569125 0.8033418 0.25443453 0.97467124 0.62312746 0.75167316 0.7929749 0.34582487 0.2573735 0.3051977 0.85814536 0.34879988 0.7509388
0.774866 0.8965111 1.1064128 0.82581943 0.6139381 0.601168 1.0370009 0.83969355 0.57080615 0.50772566 0.5410348 0.46663296 0.5990188 0.2144014 0.435721 0.40279296 0.86491764 0.8398461 0.49090922 0.19844453
0.43422487 0.57008964 0.27352688 0.76091814 0.05617321 0.19778877 0.5019435 0.58538646 0.13990219 0.3341473 0.2435043 -0.10562763 0.4709309 0.28055775 0.3844202 -0.04182689 0.5128806 0.35454032 -0.14324506 0.15977992
0.526831 0.13430423 0.585908 0.87682277 0.66740423 0.12322693 0.50507843 1.0031886 0.3473428 0.61033475 0.06640515 0.74381644 0.5311329 0.6395916 0.68301547 0.969566 0.95825994 0.2785134 0.8443714 0.29457226
0.39875975 0.44201317 0.026212422 0.8095479 0.044707134 0.6247212 0.46681935 0.8867368 0.5679117 0.57904845 0.6263899 0.31051365 0.6002784 0.71876055 0.8775631 0.6803077 0.6248457 0.31231093 0.29947016 0.22767363
0.8200123 0.40828726 0.7970596 0.45029387 0.45571736 0.9240307 0.8625394 0.8544362 0.07683079 0.12817693 0.53947693 0.86578816 0.38151446 0.56608206 0.89916724 0.8185118 0.70273364 0.7012505 0.8681107 0.6379377
0.43321002 0.7821869 0.50445104 1.0741652 0.32007107 1.0033375 0.56788033 0.7404781 0.2556063 0.3796247 0.47583592 0.51594657 0.17374982 0.3724651 0.3457352 1.0515438 0.32641616 0.9440564 0.77204424 0.5092322
0.32930762 0.75631726 0.6312408 0.5319416 0.65505844 0.86413544 0.22321679 0.8462079 0.6368963 0.7272972 0.17330033 0.25092617 0.9639162 0.38866436 0.3320038 0.9234653 0.53779125 0.68306 0.38562858 0.74508876
0.3744103 0.49454397 1.0606136 0.32190657 0.47057027 0.29317024 0.53218335 0.5342356 0.360148 0.361393 1.1028215 0.83458364 0.6023502 1.1157341 0.6806906 0.7861618 0.9804634 0.65193 0.6740563 0.4668534
0.6472909 1.0362326 0.8140234 0.68757623 1.0133885 0.23109908 0.50385106 0.07448927 0.15442447 0.16424996 1.0256399 0.08315374 0.58721864 0.41148978 0.41317195 0.5290955 0.780125 0.4045513 0.78095555 0.9785449
0.69358814 0.7835264 0.6083618 0.47428387 0.77854997 0.18608263 0.60513204 0.37183326 0.28829673 0.7847275 0.6775645 0.21531753 0.5010194 0.64434355 0.46137214 0.7342647 1.0644181 0.7478789 0.17088383 0.50661397
0.70912987 0.3502 0.7466206 0.91034627 0.21298988 0.46896568 0.22553194 0.58955544 0.58123475 1.0672911 0.871449 1.1039046 0.39401194 0.5242546 0.39913893 0.25932926 0.48530623 0.5236528 0.18705249 1.0124913
0.7939197 0.5305765 0.24206294 0.55008715 0.25158072 -0.122483835 0.7237275 0.6375502 0.52244115 0.29181448 -0.06645501 0.49724832 0.10754369 0.33396536 0.63876987 0.1879144 0.7700069 0.7466531 0.72526854 0.33471775
