0.3064252 0.68120915 0.43027842 0.32976073 0.8504167 0.5451827 0.41870922 0.33292344 0.32516092 0.61577916 -0.049962487 0.06260662 0.12812133 0.87831783 0.251936 0.5439828 0.34303018 0.36178935 0.7135918 0.43798897
0.7673658 0.66357166 0.34409156 0.7919292 0.5582246 0.78141826 0.44566432 0.21827321 0.4068528 0.57230926 0.25756902 0.3722098 0.15370463 0.12049546 0.7336561 0.838871 0.9020683 0.80355465 0.35628566 0.13274688
0.8546482 0.9127142 0.29539302 0.53886294 0.30323425 0.60353845 0.42486316 0.30076382 1.0553988 0.34078854 1.0015785 0.87582284 0.3922657 0.62885535 0.5782743 0.9542653 0.8178998 0.45760423 0.4503304 0.91993105
0.9477656 0.6710033 0.8197476 0.51553106 0.6480057 0.60401744 1.0705953 0.68311024 0.7452964 0.680015 0.17463571 0.6052017 0.45929584 0.20299414 0.6137361 0.3174612 0.62877256 0.87177515 0.49338576 0.93599546
0.6659953 0.13832808 0.37983686 0.2689513 0.74941933 0.577926 0.5059274 0.51291955 0.8623807 0.72775483 0.69844764 0.5323588 0.8404974 0.071224645 0.6641556 0.8634792 0.95211905 0.124558106 0.78397167 0.3976877
0.33932436 0.19459048 0.98652977 0.8090545 0.6589624 0.54948866 0.7251707 0.9013537 0.61464715 0.35092825 0.26297218 0.90670687 0.40148026 0.5106039 0.61582434 0.8582625 0.3895188 0.42015958 0.5427744 0.23862703
0.086513214 0.22177988 0.26777127 0.6015103 0.59160274 0.12501794 0.3643876 0.822722 0.16452168 0.78184617 0.7084392 0.16751127 0.6186969 0.21224168 -0.05047405 0.43829393 0.36172745 0.4660469 0.12617077 0.23258072
0.37092012 0.4613018 0.42563677 0.9112287 0.9127758 1.041737 0.26496586 0.4628293 0.45790106 0.9657931 0.98698074 0.9745364 0.48533097 0.4870228 0.4359536 0.30212635 0.94833034 0.5085334 0.7287565 0.6068937
0.45806137 0.90046495 0.8732677 0.9180257 0.4749826 0.22312091 0.35420728 0.1046974 0.2507273 0.931934 0.12871537 0.280438 0.5036149 0.85835445 0.4225951 0.4041965 0.107739486 0.43371114 0.60152316 0.99040616
0.704562 0.1752075 0.57144195 0.84375715 0.35632715 0.16187401 0.9250973 0.789139 0.011599156 0.50105923 0.89040416 0.08665405 0.15634479 0.88043493 0.2942928 0.8265774 0.7271314 0.3177403 0.37947485 0.41210824
0.9690657 0.11401889 0.11715363 0.39308813 0.7209565 0.31431672 0.9154898 0.2930167 0.05607673 0.8465264 0.7027917 0.13513762 0.79893875 0.59672403 0.6650562 0.563484 0.71221304 0.41461438 0.09910176 0.60873693
0.9033965 0.5397919 0.7124875 0.7069358 0.5097209 0.51756126 0.9719241 0.45976302 0.19759353 0.617891 0.32609972 0.6552107 0.61970395 0.31419826 0.49685583 0.5459952 0.4748225 0.5447467 0.3481506 0.8231947
0.42662516 0.35121378 0.69955504 0.30530787 0.38322946 0.79992974 0.840485 1.031096 1.0171262 0.20371963 0.32677335 0.4576977 0.98487264 0.23442185 0.53131884 0.4453525 0.45973012 0.6747786 0.48779467 0.6812788
0.6406334 0.026131393 0.41664395 0.5027125 -0.011939759 0.6255227 0.803528 0.67520803 0.319748 0.6384206 0.23960882 0.7297999 0.6119561 0.52186733 0.77212805 0.28342444 0.37886846 0.77408457 0.53997654 0.60702735
0.17328914 0.94503444 0.92921835 0.68189627 0.78158087 0.06414675 0.25993773 0.89839566 0.9242588 0.83376503 0.5722489 0.13207313 0.4715659 0.23312192 0.24883631 0.6080293 0.5995648 0.7575924 0.6685149 0.66318303
0.9434405 0.09393365 0.35052592 0.89733446 0.27070546 0.8156837 0.37115982 0.6841641 0.1696092 0.3632104 0.4365136 0.82043993 0.9214768 0.68263876 0.38293493 0.6162076 0.6957694 0.2690485 0.2519114 0.1077314
0.6247287 0.5769983 0.11711018 0.9660474 0.8382505 0.32278386 0.548406 0.6473479 0.1611887 0.9723888 0.24407545 0.46250346 1.0445015 0.21815513 0.8289611 0.1679189 0.22806367 0.6219253 1.0663745 0.9110165
0.5104107 0.5735225 0.45084068 0.8195137 0.78194684 0.5102956 0.84806323 0.1721174 0.24107245 0.404883 0.5506973 0.82662743 1.0594443 0.83608025 0.19679677 0.5098889 0.76183325 0.7049533 0.22997011 0.5350287
0.35640994 0.17109942 0.68756723 0.62210685 0.15993927 0.8259984 0.13889599 -0.034021102 0.5054397 0.41549414 0.3479873 0.7651864 0.7000878 0.7606283 0.65667087 0.7219072 0.14251506 0.7634642 0.3496721 0.8362457
0.66768813 0.34079525 0.33757418 0.0903664 0.939105 0.499407 0.8379884 0.42040882 0.99803185 1.0083622 0.4619394 0.5639507 0.54883075 0.7590117 0.43073657 0.5648352 0.548594 0.8487866 0.19791244 0.38431633
0.34863847 0.2585351 0.11290519 0.6555658 0.33697912 0.28406438 0.42627034 0.85616124 0.8910283 0.17725354 0.72404635 1.0054432 0.6370811 0.26916388 0.69621474 0.6888274 0.21979709 0.35413155 0.8429936 0.33635712
0.10073728 0.4552427 0.8820802 0.38370055 0.7065266 0.5773622 0.51278955 0.5329288 0.079624265 0.5264711 -0.0043320768 0.14374065 0.50539637 0.62217087 -0.04313479 0.5392139 0.7121088 0.6383066 0.35798106 0.31077933
0.57838845 1.02513 0.10765656 0.6858202 0.3643213 0.8595089 0.32646227 0.49674293 0.41919327 0.8063483 0.9557447 0.738426 0.67069346 0.49169588 0.32571998 0.7002381 0.5031169 0.4440395 0.91594493 0.19190568
0.19201119 0.2302325 0.4684091 0.2856948 0.45857832 0.64811075 0.5489838 0.2231005 0.76306033 0.5135735 0.6934504 0.8848795 0.40294072 0.3074183 0.9220956 0.4832111 0.9435366 0.42108184 0.61476445 0.19848289
0.668329 0.6979931 0.63248885 0.35267064 0.22719182 0.12106382 0.32131478 0.09780279 0.8889795 0.88835627 0.6062131 0.6403465 0.83552796 0.8974064 0.60819536 0.8097077 0.00048930367 0.68680567 0.78393996 0.6790919
