0.19324358 0.30050892 0.28630847 0.5332941 0.22693568 0.9412866 1.0978376 0.9707675 0.7579643 0.4878733 0.7588847 0.22098741 0.73359036 0.6272485 0.8673578 0.6961634 0.6057274 0.27663645 0.6288225 0.15414634
0.3695381 0.036342926 0.33740222 0.04780279 0.8686452 0.4795792 0.8446782 0.0039608544 0.8140147 0.19706589 0.10406127 0.2371831 0.34052446 0.81574094 0.27653936 0.7191332 0.6040834 0.8629783 0.16576867 0.4378756
0.16742787 0.21436381 0.36499584 0.109535895 0.61016566 0.5441525 0.84263694 0.22636192 0.2005997 0.83357626 0.5038223 0.70617205 0.9679654 0.26723763 0.29362231 0.24516715 0.37826943 0.82811743 0.07025388 0.23114479
0.5389577 0.73868096 0.07267762 0.22900762 0.51918495 0.59718907 0.6162004 0.7649975 -0.07680621 0.5529462 -0.08663223 0.4777291 0.58834684 0.80730194 -0.1316516 0.5965177 0.361222 0.19281942 0.5409024 0.6829543
0.73407555 0.29726562 0.5604116 0.07417998 0.6785032 0.12398895 0.7340348 0.48823142 0.20603122 0.8269876 0.10707494 0.065918624 1.0088856 0.8971422 0.28456697 0.6763653 0.21625903 0.14455065 0.94795275 0.88682616
0.48026896 0.18401948 -0.08502341 0.19474636 -0.05380219 0.19869539 0.6616699 0.8583452 0.7707291 -0.08007865 0.104808 -0.013106097 0.66686213 0.5966634 0.25401327 0.12408885 -0.09297409 0.2988784 0.47329053 0.43579817
0.0837218 0.9678715 0.34827092 0.2529123 0.7800224 0.83311653 0.3290317 0.31644443 0.9473416 0.47667858 0.1878676 0.22509778 0.3175811 0.34796524 0.5602737 0.34374335 0.8143841 0.46357682 0.6814898 0.7885653
0.64645684 0.027261417 0.5722281 0.07803727 0.636483 0.24886292 -0.17440468 0.36188802 -0.025098661 0.7378534 0.69596153 0.64890146 0.6584219 0.6543566 0.4854069 -0.11412621 0.6831471 0.6467511 0.69738585 0.5510846
0.5128321 0.29741472 0.4920513 0.9588413 0.32482174 0.90611064 0.52935743 0.24432462 0.6302676 0.6966867 0.2745627 0.9060913 0.4952655 0.1936262 0.7193871 0.4405032 1.067847 0.32436863 0.6378782 0.6189609
0.44431645 0.76090443 0.37142518 0.58202034 0.23275648 0.28725708 0.80475426 0.10725554 0.62512606 0.35923618 0.21336178 0.24553792 0.9966221 1.0444005 0.23372258 0.62803936 0.34899408 0.32797 0.431348 0.99488044
0.1306938 0.554607 0.3299222 0.36420327 0.2234718 -0.16267535 0.25183216 0.31072792 0.68213695 -0.19141428 0.41659424 0.74298143 0.19647828 -0.19533545 0.7567331 -0.013454428 0.70338976 0.35945275 0.1250491 0.3557095
0.88346225 0.6182635 0.278717 0.33298096 0.5979227 0.399389 0.48079717 0.3451911 0.6954404 0.4335835 0.6168376 0.48821157 0.3154479 0.8868161 0.35852423 0.252265 0.31441897 0.5623389 0.40351096 0.72383285
0.010886927 -0.04740226 0.6128715 0.6255821 0.74975806 0.3345927 -0.13463263 0.1034199 -0.10936846 0.36869362 0.70318633 0.36210978 0.59844005 0.50934184 0.7048615 -0.045808032 0.42233813 0.25363058 0.680028 0.4243253
1.0621223 0.71178424 0.27828926 1.130157 0.358017 0.31977963 0.6257075 0.366318 0.6441312 0.51906276 0.35326144 0.64049006 0.77121496 0.3412338 0.6168497 0.82990426 0.73684865 0.19290186 0.56333816 0.37275544
0.55961615 0.82223815 0.15466519 0.24817203 0.5152772 0.96767 0.113961786 1.010034 0.45759398 1.0043875 0.6832081 1.0360085 0.83596617 0.7351429 0.7146073 0.11022335 0.15796316 0.24449016 0.7006478 0.27901974
0.66312176 0.96690595 0.19376719 0.22189602 0.70627236 0.572541 0.95260173 0.35213622 0.6257676 0.1390169 0.84794736 0.8408535 0.16269617 0.27499494 0.14179844 0.6632784 0.6924239 0.8768941 0.6421399 0.8730211
0.01721208 0.77433413 0.64786917 0.40306193 0.07261361 0.06778902 0.13993852 0.12713854 0.2305736 0.72568977 0.29577282 0.118630774 0.78514135 0.95214736 0.691709 0.16112164 0.0019159628 0.44550392 0.20177078 0.5274724
0.062085338 0.5539724 0.5680935 0.58682287 0.24670961 0.40989777 0.6923244 0.7512814 0.27018803 0.70021755 0.31917143 0.35844517 0.6667026 0.6343504 0.95976245 0.74809724 0.067846596 0.84216183 0.006496304 0.58892673
0.573711 -0.08752408 0.47070235 0.5139752 0.6933179 0.48416343 0.7684548 0.58751076 0.6695791 0.715323 0.49874178 0.70640093 0.35337815 0.75409675 0.09452876 0.69817424 0.32874787 0.322304 0.43832144 0.49796206
0.22829057 0.066532664 0.25246054 0.86436504 0.14779295 -0.005883047 0.5607083 0.82931244 0.45887914 0.23175043 0.10734596 -0.0353613 0.62020165 0.08820062 0.17416397 0.2748889 0.8747163 0.752093 -0.05807347 0.65926874
0.99552244 0.5174786 0.31369567 0.17077726 0.66001886 0.47420987 0.3389369 0.13078555 0.16693641 0.93105483 0.7690454 0.30343762 0.13028994 0.41214946 0.07710743 0.7594918 0.62089133 0.29102224 0.078015335 0.45560053
0.15152214 0.3418544 0.07560385 0.5061401 0.002076917 0.7268936 0.8331928 0.2640299 0.57144964 0.6341573 0.72934914 0.0515963 0.20509353 0.5963934 0.51666254 0.74435574 -0.059578124 0.40091395 0.5172315 0.7402904
0.34884527 0.13015279 0.84392387 0.76358175 0.7530248 0.85060185 0.89704037 0.508339 0.5684823 0.52863383 0.26136395 0.87196743 0.6751691 0.7111159 0.502154 0.26755103 0.2764336 0.83303905 0.26470274 0.6724666
0.4120934 0.11552549 0.99814683 0.65304977 0.6310732 0.27280366 0.16149716 0.21445784 0.12554274 0.7292645 0.53209245 1.0226284 0.7470114 0.22119759 0.074841596 0.6427082 0.21800473 0.3352055 0.9357029 0.9648345
0.87840647 0.40990987 0.4737254 0.4169387 0.57080084 0.28555712 0.8116826 0.7506455 0.368792 0.29849026 0.083480045 0.56846875 0.5514821 0.29680675 0.7180913 0.32027486 0.093593806 0.8784649 0.8140774 0.41651836
