0.18980701 0.914232 0.83937925 0.59103113 0.44753474 0.40320218 0.47981477 0.68729144 0.3928267 0.044332486 0.37988493 0.9561073 0.089207195 0.7161254 0.36797723 0.43984964 0.22939739 0.7734175 0.46883944 0.5679483
0.53989977 0.5187526 0.18290308 0.32215035 0.4128145 0.16613352 0.55973995 0.3547376 0.7856687 0.7407964 0.5506476 0.4489149 -0.01904661 0.9032115 0.1582397 0.1856003 0.60016185 0.2779035 0.37247202 0.6805533
0.4416754 0.95058507 0.19635524 0.37381107 0.6951522 0.8422714 0.37976798 0.18916684 0.5481949 0.23689681 0.37681332 0.11867737 0.16938125 0.10230675 0.2294181 0.06891037 0.8043611 0.8584225 0.33236384 0.79461724
0.106163085 0.12275921 0.067698695 0.34065112 0.33708748 0.059126522 0.12054843 0.5423251 0.51585805 0.5515331 0.7339705 0.8104628 0.25549206 0.14443089 0.53557175 0.66653377 0.59727883 0.15163627 0.35462233 0.39369622
0.8038679 0.35070506 0.85593325 0.40151045 0.82171386 0.82790333 0.83786505 0.2742914 0.37087741 0.31908724 0.19654764 0.15924568 0.6572271 0.66673493 0.37672985 0.29855105 0.19976987 0.69072354 0.64434326 0.20000629
0.43900844 0.5076794 0.7242656 0.50724983 0.8025935 0.89762354 0.60113555 0.21628219 0.3175907 0.8354835 0.24437535 0.8270026 0.33206725 0.79506373 0.9469817 0.8871101 0.65626425 0.18197285 0.31688577 0.47972727
0.6549752 0.6080406 0.63027924 0.30952656 0.17223065 0.35661882 0.8263611 0.8693296 0.23307285 0.29034597 0.83929425 0.7282613 0.30216792 0.29246107 0.5983691 0.09290588 0.3818309 0.5933441 0.4642073 0.83574545
0.8055473 1.0215275 0.83596784 0.3454189 0.8060927 1.0392958 0.4513714 0.91210836 0.69272983 0.11378457 0.30957693 0.27422765 0.18650043 0.7055917 0.16464444 0.24527206 0.24454315 1.0031918 0.47587934 0.91248256
0.22172356 0.91691184 0.80269223 0.63325465 0.15626423 0.62174314 0.577535 0.6990195 0.2109602 0.35833353 0.4545357 0.43814313 0.8364711 0.5595248 0.16640297 1.0455428 0.8921492 0.7919862 0.66804105 0.5717929
0.7305536 0.5237959 0.30491537 0.13696861 0.656564 0.70037407 1.040971 0.42643338 0.32934707 0.6915974 0.5907384 0.44720307 0.7904581 0.15101717 0.7220585 0.95880115 0.9426218 0.5966719 0.54929364 0.36898926
0.23622638 0.81933147 0.39638704 0.80441105 0.5591439 0.91304874 0.1843118 0.65221477 0.7174548 0.71619546 0.9238991 0.8547354 0.14366399 0.28932288 0.871411 0.2555359 0.51837176 0.8130758 0.08864988 0.5931579
0.06946178 0.71807677 0.68544036 0.39094618 0.50207394 0.62601364 0.72903097 0.5420339 0.85153395 0.64266247 0.08611107 0.1487987 0.5327525 0.5793219 0.013830893 0.0059925094 -0.090573855 0.32648847 0.7879173 0.46618423
0.5982021 0.2185884 0.05971431 0.4364883 0.26973343 0.42779216 0.4488154 0.729458 0.81632566 0.26037154 0.88364834 0.12108494 0.018587038 0.69125575 0.7761294 0.11582241 0.5978928 0.43921342 0.7374267 0.086176775
0.52500695 0.5109298 0.9385726 0.43631503 1.0229579 0.7014494 0.5109644 0.6136246 0.21260996 1.0488849 0.33617228 0.44500348 0.7370441 0.4513668 0.25350937 1.0138019 0.34638244 0.3010421 0.39539847 0.6540441
0.28780133 0.39755076 0.83188206 0.29154927 0.83235127 0.23387395 0.38448295 0.32673332 0.33342722 0.93579173 0.7374527 0.45655513 0.6396042 0.37086365 0.10445362 0.3027183 0.96307576 0.23159215 0.6481233 0.8933807
0.056627844 0.05490215 -0.1402613 0.29146546 0.1746542 0.23963489 -0.008130099 0.28967556 0.42310375 0.58287436 -0.012564817 0.16460638 0.5891941 0.24287201 0.68767166 0.4197903 0.3592299 0.58214813 0.06923889 0.6126254
0.24648292 0.81067044 0.5037092 0.58204746 0.9711844 0.76513493 0.9318235 0.6077795 0.0987867 0.9316447 0.5231912 0.7977166 0.21549226 0.9249383 0.47560552 0.079654254 0.95454645 0.21682476 0.4979061 0.29402903
0.377116 0.830254 1.1152335 0.71745455 0.44652888 0.7251144 0.4357368 0.34362233 0.3882419 0.33717236 0.7418798 0.94884104 0.8333053 0.76174515 0.8205943 0.5139361 1.0130646 0.5248111 0.2744265 0.59490407
0.38746554 0.12046935 0.6868003 0.39636296 0.2379635 0.74108905 0.86784655 0.62972784 0.5046236 0.68316644 0.10889072 0.3916194 0.48148093 0.9634956 0.7858853 0.7613421 0.7454989 0.8538723 0.3760922 0.7191598
0.29585722 0.7322397 0.15182444 0.7528567 0.148084 0.81341946 0.7250129 0.20260938 0.85691816 0.84836644 0.62928456 0.57809067 0.9245531 0.48793653 0.9630953 0.7002115 0.11570486 0.21414661 0.72712356 0.58782035
0.8168884 0.1544953 0.81561255 0.23060353 0.30576465 0.46323317 0.8962778 0.29052922 0.9536513 0.53227675 0.7580594 0.5091076 0.46263376 0.43175608 0.85540044 0.007487371 0.70016336 0.691145 0.17657706 0.068951815
0.6944789 0.49597493 0.07666421 0.11251755 0.6652269 0.94894683 0.6582218 0.97047186 0.4481979 0.36517048 0.34122136 0.8220065 0.4761448 0.59051466 0.6265661 0.33108726 0.16639332 0.65440226 0.32216555 0.47637567
0.1165622 1.0002432 0.4299104 0.055740744 0.2331133 0.7976957 0.62176037 0.736297 0.9034541 0.7894302 0.6183218 0.5194393 0.69000196 0.26845357 0.39846638 0.103191294 0.15600416 0.6761259 0.65077245 0.30811912
0.65947807 0.7908336 0.88042814 0.20643432 1.0551924 0.7812704 0.5827509 0.19155444 0.23722346 0.13776517 0.39914244 0.16252995 0.6867151 0.57567894 0.86212504 0.3024482 0.23513299 0.9711706 0.9065771 0.75020015
0.5644053 0.73576856 0.4495193 0.45616654 0.19819443 0.19856958 0.31058437 0.16183065 0.60911125 0.843009 0.19438423 0.38014764 0.39200392 1.1320825 0.47589785 0.64825445 0.7830808 0.6832543 0.41807106 0.46278605
