0.12342578 0.6049227 0.06403312 0.55487794 0.8047215 0.940704 0.30493778 0.9987452 0.507695 0.16866282 0.06337016 0.4383293 0.09019268 0.71303177 0.7629001 0.6521193 0.56039697 0.6852419 0.71916926 0.2885676
0.7099143 0.104901664 0.4977279 0.37721753 0.97245884 0.36733076 0.8431436 0.91186714 0.87056917 0.4025337 0.32336664 0.10222861 0.81017035 0.24433507 0.7528475 0.47620845 0.32119507 0.0969924 0.60724 0.4492064
0.6257874 0.56089056 0.43499315 0.64037734 0.10541744 0.6664844 0.48851502 0.7672917 0.54814416 0.0115459245 0.2339237 0.6088208 0.671479 0.046336018 0.6353899 0.05092825 0.33021903 0.666025 0.2663165 0.54523546
0.6543217 0.65015286 0.32195136 0.81429565 0.36222696 0.51776433 0.6519659 0.86122334 0.8567887 0.3901227 0.49084073 0.7100585 0.026865726 0.40883502 0.5764412 0.5394348 0.33297735 0.6097811 0.33708322 0.18959779
0.5524085 0.853403 0.8878191 0.68617165 0.8356502 0.08588007 0.14349568 0.12579006 0.56854886 0.41351405 0.6866669 0.4149695 0.37909263 0.35259807 0.3083634 0.08912335 0.4208244 0.5878102 0.4590022 0.07007984
0.3929534 0.22058323 0.68027157 0.3370078 0.03984159 0.52906084 0.5913831 0.8008042 0.058158122 0.51127917 0.16615242 0.07802823 0.6047835 0.27659574 0.2162133 0.7711034 0.06426182 0.27574196 0.09466048 0.6813954
0.43291953 0.6518119 0.6532473 0.2420599 0.881855 1.0383772 0.8655071 0.3668432 0.41155434 0.54457086 0.32500282 0.2567559 0.5800064 0.30875313 0.24259807 0.36817354 0.80950385 0.32327333 0.5142093 0.49587816
0.09755361 0.18271086 0.7221357 0.5754715 0.8151187 0.43749446 0.7141314 0.22876695 0.942072 0.49594867 0.18295757 0.053765155 0.96469516 0.08197956 0.24523857 0.39317802 0.20413584 0.49354017 0.46523398 0.23331273
0.80548227 0.72789633 0.52843606 0.9340666 0.7589487 0.8674057 0.20141989 0.510034 0.43268532 0.740135 0.51694065 0.36420682 0.9285154 0.89491814 0.38435557 0.5767379 0.19675912 0.2144176 0.28163454 0.73170865
0.37708598 0.37026864 0.64367485 1.0878029 0.45463365 0.22004236 0.61636674 0.6209005 0.7791334 0.6633396 0.19599712 0.29915792 0.9942397 0.70547146 1.0649732 0.6943708 0.5077199 0.47677726 0.28980106 0.3074151
0.46927577 0.43020198 0.92480975 0.4226601 0.6737118 0.45993015 1.0109805 0.8804595 0.61337745 0.46964216 0.8562671 0.0904322 0.94956017 0.42585224 0.8356955 0.17025465 0.3826296 0.30203903 0.9170467 0.22402748
0.1227814 0.5919935 0.11388889 0.82359743 0.8832129 0.014125919 0.7896022 -0.048314545 0.30849355 -0.037017655 0.81005436 0.11018478 0.794522 0.23134017 0.48637998 0.30698442 -0.03183958 0.19936782 0.07784821 0.8511896
0.3939017 0.5783442 0.35550573 0.34394175 0.11258859 0.6396744 0.8761515 0.22317493 0.2530675 0.8727251 0.6619011 0.93765354 0.16612059 0.7752895 0.47813573 0.57582337 0.1594577 0.84145546 0.83665806 0.0808308
0.68821687 0.55357283 0.4080913 0.44625458 0.8053611 0.811358 0.33620855 0.06400269 0.90842533 0.62907773 0.20935105 0.72393817 0.72670823 0.6132244 0.86454445 0.72024614 0.1413224 0.5114414 0.62110996 0.60427135
0.7694724 0.7371561 0.5698936 0.73930395 0.5203568 0.28371954 0.4828269 0.41139925 0.5141602 0.7673403 0.27039033 0.28598413 0.048464697 0.43594512 0.63516057 0.62934065 0.057556354 0.55041796 0.8179002 0.4891469
1.0620534 0.1528784 0.44262373 0.9131877 0.30076203 0.28274113 0.9771871 0.43358704 0.37058893 0.9449024 1.0574297 0.945604 0.4021632 0.6980276 0.6278157 0.4324381 0.16663264 0.62940663 0.30584866 0.3973895
0.75791574 0.23019436 0.58454865 0.27247617 0.16513216 0.6784774 0.7253579 0.83905685 0.09924751 0.7594687 0.97406816 0.7409356 0.8477806 0.05067445 0.34026948 0.71483856 0.13301052 0.100680694 0.20619932 0.7321692
0.6030914 0.31521627 0.2778566 0.35343125 0.5979908 0.5373275 0.26596275 0.48120236 0.82769686 0.3997269 0.6496529 0.5481249 0.31123355 0.8740936 1.0233114 1.0414995 0.3967798 0.5539769 0.8434687 0.5548706
0.7330098 0.2663411 0.3316559 0.3503319 0.624822 1.1158396 0.7999991 0.1506406 0.22512408 0.5805218 0.3342142 0.4484142 1.0930829 0.4273479 0.28801474 0.6084147 0.65945 0.42492932 0.927744 0.9247974
0.39682972 0.030680392 0.16666414 0.84420305 0.6948333 0.1402544 0.41932806 0.50869393 0.31159326 0.87452763 0.84136164 0.6773653 0.3168305 0.28754333 0.12385518 0.8293442 0.78081787 0.68227273 0.9709972 0.34189278
0.31557214 0.5028616 0.5131822 0.1304467 0.2294771 0.4907316 0.37689763 0.06563996 0.18498828 0.25605094 0.55107164 0.49695075 0.62539196 0.44477785 0.9183186 0.44607583 0.1654967 0.8026008 0.890119 0.21642263
0.700837 0.97140765 0.16615292 0.29413792 0.6759827 0.68953097 1.0093206 1.1171882 0.26504272 1.0443488 0.59419566 0.2851388 0.7920687 0.6657939 0.77140313 0.25653136 0.43041125 0.9138156 0.24609739 0.82399243
0.6694837 0.7696263 0.65966153 0.22168761 0.8304261 0.7127126 0.46992746 0.1686997 0.24015678 0.7331131 0.27949244 0.03751538 0.38348636 0.045059286 0.46744496 0.7493451 0.5132313 0.9508724 0.39081904 0.9321858
0.49336928 0.13777609 -0.06290831 0.6030148 0.38141844 0.48126516 0.8270945 0.54624325 0.3460444 0.52106446 -0.058567207 0.8029335 0.65529907 0.042536337 0.09439428 0.79517615 0.17335774 0.6395546 0.77323854 0.275992
0.20076813 0.33250412 0.29890135 0.4441374 0.12721652 0.91665494 0.5331093 0.5478721 0.6897155 0.9663338 0.11277556 0.08938652 0.9282924 0.60322404 0.13856761 0.3050731 0.5640308 0.23073359 0.46701807 0.32469928
