0.20592466 0.16636144 0.6704672 0.22927551 0.7411305 0.92386353 0.03322916 0.093465604 0.18687625 0.60154843 0.17049243 0.9149211 0.51070124 0.8257761 0.46800628 0.7599681 0.1135465 0.90989614 0.8241255 0.750429
0.3614767 0.9356935 0.46611336 0.853957 0.82043654 0.8336292 0.13494274 0.61858124 0.9907027 0.54171103 0.36006764 0.26616943 0.99323857 0.7451743 0.58409244 0.2553272 0.12985258 0.68436986 0.3473454 0.42872924
0.3082827 0.66010493 0.9957817 0.43345645 0.14944299 0.23476666 0.24831653 0.16246802 0.6029802 1.0208195 0.2980239 0.32294688 0.13916965 0.46869764 0.12375478 0.79639035 0.45827934 0.59320444 0.9756433 0.9013297
0.583425 0.92756915 0.40871567 0.3599313 0.88827235 0.5269769 0.5482532 0.2658416 0.59275496 1.099046 0.45623946 0.3334631 0.6495764 0.23121895 0.6874895 0.8604577 0.51516086 0.46882486 0.33098218 0.6315078
0.4145381 0.2900042 0.2917793 0.8448547 0.4941626 0.6540656 0.16657723 0.37111998 0.44025686 0.022294417 0.60402906 0.31795707 -0.0022883918 0.45900974 -0.00635434 0.6541546 0.6536979 0.25379103 0.17246442 0.07414127
1.0829879 0.24368624 0.32333168 0.16027859 0.2776175 0.43800682 0.9698344 1.0307178 0.5861312 0.48747614 0.40444744 0.49405196 0.49802792 0.5765087 0.8956085 0.48855424 0.6790405 0.5242262 0.57620555 0.7659572
0.6108093 0.30846992 0.19402458 0.6782646 0.51384413 0.7870032 0.35082522 0.48471987 0.42228147 0.4736522 -0.017238617 0.87088627 0.35211504 0.38335943 0.68724537 0.32559556 0.32321757 0.30436873 0.82667804 -0.017084334
0.6236347 0.5205555 0.4240259 0.42912084 0.8079967 0.7507173 0.7100755 0.3232426 0.89550555 0.5458658 0.35515168 0.27719527 0.34174037 0.3544663 1.0445682 0.3788211 0.34749234 0.6782732 0.65259796 0.9837051
0.8293106 0.39421672 0.37813243 0.74128777 0.2904288 0.07256987 0.6463431 0.90801686 0.8098322 0.30494657 0.25721654 0.5618244 0.25208208 0.71833146 0.4705576 0.8527636 0.8711962 0.5245 0.80540055 0.58462334
0.7908923 0.6412759 0.6339915 0.14145179 0.17867602 0.90494883 0.8335591 1.0482527 0.27073348 0.84053427 1.0699105 0.1553971 0.5277443 0.6962284 0.95020837 0.28661096 0.96058047 1.0177897 0.5691356 0.19706729
0.859688 0.2020232 0.17145611 0.8603005 0.9785893 0.80918473 0.23477767 0.41955099 0.411456 1.0420059 0.21980612 0.9903808 0.10887543 0.57240844 1.0006621 0.9753402 0.39043295 0.7207791 0.35640973 0.1292584
0.32370228 0.6816264 0.37677604 0.92409927 0.29319185 0.6735518 0.69213426 0.9599684 0.7549628 0.8198725 0.2150981 0.0789881 0.56367 0.7619364 0.2890303 0.1442781 0.77126974 0.27832842 0.4509708 0.08761045
0.69299424 0.24133474 0.3999388 0.7326771 0.66291124 0.41831532 0.4510167 0.84315014 0.74285495 0.3145302 0.4843358 0.21827078 0.8279806 0.97399765 0.111931026 0.45831004 0.459742 0.424644 0.26778984 0.54278266
0.5716768 0.7022223 0.2418442 -0.00013196561 0.45119953 0.3444408 0.8225327 -0.04061114 -0.022463297 0.8167393 0.54800427 0.32858354 0.48718688 0.52098405 0.28536785 0.8358766 0.4473805 0.14889702 0.6823748 0.6013522
1.0087421 0.5849071 0.30299345 0.72063583 0.24447404 0.65555733 0.122266166 0.2735766 0.9740496 0.81870925 0.91185486 0.5370903 0.49796876 0.17513783 0.5622336 0.26642394 0.99970806 0.31669793 0.16978188 0.19817162
0.7042442 0.33358797 0.63211006 0.3611737 0.36392733 0.3107079 0.6904436 0.26336578 0.32972383 0.19151644 0.23466916 0.4015866 0.38109055 0.0061674127 0.007377735 0.58072495 0.5152875 0.08223016 0.7846587 0.20340686
0.14626597 0.81618375 0.3008359 0.33650786 0.37678933 0.026182862 0.3472966 -0.035320584 0.25351164 0.16681309 0.8318824 0.07634929 0.33922726 0.63915175 -0.051160965 0.1814501 -0.017819924 0.45850813 0.8054695 -0.015052935
0.2648733 0.71934426 1.0580297 0.8338145 1.0595261 0.13421483 0.54550666 0.25015762 0.4142373 0.8212417 0.3978617 0.9112873 0.2935211 0.16001552 1.083415 0.17027566 0.81263226 0.74839354 0.16859484 0.42782134
0.2286183 0.113296576 0.52293164 0.46494502 0.62794536 0.5198472 0.57841116 0.1682173 0.9471432 0.91069824 0.45086113 0.1272213 0.97353506 0.843134 0.20836243 0.60149044 0.7653148 0.34669533 0.21759135 0.33727673
0.6504441 0.91341615 1.0194691 0.55632734 0.31135696 0.4557486 0.49621618 0.91281927 0.56851125 1.0019385 0.5500717 0.3527218 0.3950582 0.8456668 0.39926267 0.57084304 0.9399776 0.5006054 0.5379012 0.7339079
0.4321628 0.7487896 0.41815343 0.6359978 0.67351335 0.45408553 0.17744824 0.48850608 0.64488626 0.6982483 0.039326973 0.8156474 0.9712254 0.36651796 0.7845903 0.5601463 0.42042872 0.937996 0.100740805 0.9664923
0.26153663 0.50049347 0.44753656 0.88340557 0.37074724 0.7600848 0.36452454 0.3730756 0.26879758 0.46466848 0.82674843 0.57804596 0.7379504 0.5362109 0.47051382 0.6206582 1.0323586 0.59043926 0.95574504 0.2969765
0.21352242 0.08269471 0.33073494 0.6682575 0.19305208 0.41682866 0.080974266 0.4383884 0.63673055 0.09965083 0.082358465 0.5324734 0.48233977 0.49769685 0.75464565 0.8599604 0.9027156 0.32027465 0.30986562 0.7141163
0.2600786 0.6137322 0.77458835 0.91357684 0.3143748 0.2147401 0.66052526 0.7973444 0.5755882 0.10627237 0.41562214 0.2846597 0.8973117 0.35414773 0.29678732 0.59058183 0.8124227 0.1521745 0.9039096 0.22988503
0.14342107 0.5016007 0.515267 0.22914249 0.16564189 0.5643869 0.6353931 0.5876028 0.31763595 0.016298238 0.8199805 0.43140003 0.8805613 0.80517995 0.12364133 0.075444765 0.34732 0.34534174 0.4887945 0.7844685
