0.31996453 0.43554926 0.4168605 1.1087315 0.8546015 1.056683 0.19505179 0.51550305 0.3665169 0.6281657 1.0953722 0.9635794 0.33990288 0.45230797 0.19561099 0.8695956 0.6249465 0.18201584 0.2524541 0.80161154
0.51293087 0.8245148 0.87578046 0.09665037 0.9078747 0.21979019 0.8427169 0.79985267 0.3385378 0.32249352 0.60939777 0.16200376 0.79058653 0.21970783 0.70958155 0.44111136 0.47554532 0.7709415 0.5922954 0.73693746
0.061212458 0.34412092 0.50522983 0.31345436 0.56331027 0.2842993 0.9389465 0.38987297 0.74849385 0.8831644 0.65466166 0.3196122 0.30190814 0.50218743 0.84059316 0.452915 0.16600785 0.8647483 0.8478119 0.037228435
0.048580546 0.5520044 0.056640532 0.44910997 0.7208462 0.57034135 0.77031934 0.25477606 0.31660667 0.5360132 0.0661759 0.44097555 0.84257627 0.79161626 0.5721943 0.34683466 0.068063684 0.4222654 0.5057657 0.16166602
0.8167313 0.88930696 0.5820011 1.024419 0.138191 0.26613024 0.18115614 0.1613981 0.30416632 0.16608503 0.9197262 0.17973469 0.085503 0.7144052 0.86328137 0.12383465 0.88275045 0.8488176 0.873699 0.25082982
0.70199823 0.19177571 0.9768049 0.9784981 0.4501799 0.36885822 0.4439335 0.4268282 0.78809917 0.6448179 0.9438507 0.22901699 0.38307565 0.509102 0.20272833 0.76385427 0.91775894 0.68155336 0.25540793 0.57521296
0.799129 0.8911894 0.84851044 0.5442374 1.000294 0.35555014 0.19786568 0.38148078 0.4631499 0.7195934 0.4791919 0.11760829 0.6002903 0.3686231 0.67794514 0.2666092 0.7773738 0.30836764 0.6308555 0.9969279
0.9173273 0.48626396 0.36803448 1.1111007 0.27634856 0.8994536 0.65777445 0.69124055 0.6685253 0.68814206 0.23561786 0.3285973 0.73638844 0.70582813 0.6949503 0.3618495 0.3537805 0.25184533 0.3103083 0.7046475
0.27345112 0.046281397 0.756056 0.6474991 0.44077542 0.8895073 0.41504565 0.38283956 0.0745082 0.00758532 0.16898 0.6749952 0.33057237 0.85001075 0.7773149 0.6159308 0.90198123 0.5310394 0.90837425 0.4274176
0.7854269 0.080177724 0.61638576 0.7838372 0.8750726 0.59618646 0.30611113 1.009557 0.95120114 0.54866683 0.30769053 0.96983707 0.81245923 0.7294624 0.22417746 0.09390141 0.30042675 0.26618403 0.35990757 0.6461554
0.79497254 0.011258722 0.64157736 0.122479 0.25917605 0.8162769 0.68264544 0.42155164 0.10714059 0.6291139 0.8569519 0.15945107 0.35965192 0.10314503 0.70190734 0.3641839 0.4229767 0.6041083 -0.027625779 0.6787892
0.571243 0.77628726 0.24547583 0.8390135 0.604892 0.8765307 0.078411184 0.26711765 0.6477308 0.58301115 0.7711655 0.53755456 0.6377906 0.27776638 0.15508722 0.08607065 0.12521355 0.77709615 0.85767514 0.4609528
0.578048 0.58426434 0.09721193 0.8043124 0.38476196 0.68644416 0.887555 0.3396973 0.24172369 0.6315312 0.56604683 0.8345859 0.53210163 0.114832506 0.2550441 0.81265664 0.061750643 0.21471894 0.6726303 0.9191643
0.5032054 0.27148297 0.55081207 0.43650812 0.6555454 0.9413408 0.444009 0.5653089 0.65434146 0.80870086 0.7268077 0.7420735 0.7840395 0.6145152 0.7779982 0.44951838 0.67837864 0.47404742 0.58404654 1.0095267
0.80338037 0.53693 0.16401352 0.49505556 0.6778875 0.36511338 0.98471266 0.18457788 0.69356066 0.8525552 0.87456995 0.48670226 0.87549025 0.58320636 0.5632391 0.6163489 0.4000917 0.43166223 0.28249606 0.6857167
0.63035613 -0.078739844 0.2640979 0.6935721 0.49067873 -0.07772659 0.45291603 -0.090913154 0.71638525 -0.120124705 0.22292155 0.04958659 0.52565247 0.017059907 -0.11503722 0.08918933 0.64986724 0.50003976 0.60543954 0.44473156
0.0268466 0.93526626 0.7502854 0.26219526 0.68531466 0.18114094 0.76465374 0.5703722 0.6566791 0.38090006 0.5180721 0.33348942 0.2921435 0.9854197 0.32137024 0.5032033 0.23294552 0.33024123 0.5243088 0.7027509
0.08625131 0.38304806 0.45985925 0.42805016 0.8452486 0.53288126 0.5309233 0.07969426 -0.0099675115 0.6404921 0.27870807 0.5563486 0.5635731 0.2768706 0.12508325 0.83500254 0.102116294 0.88970906 0.74760556 0.4511253
0.9182874 0.65237385 0.86469895 0.85456765 0.61748445 0.8916804 0.18309383 0.632157 0.35049266 0.13595118 0.66402805 0.53476846 0.32220852 0.25641623 0.19095817 0.5311503 0.55832356 0.6503855 0.93263406 0.7558191
0.21434647 0.81498194 0.25476113 0.6025538 0.877981 0.4968021 0.85529506 0.6494852 0.18535678 0.3124738 0.2635773 0.5012903 0.30990592 0.3337357 0.1269793 0.37831753 0.56894 0.28452307 0.26437786 0.6139956
0.9064093 0.08252195 0.8483051 0.8709134 0.57046944 0.4852967 0.5430412 0.7847439 -0.0201904 0.16785878 0.5591287 0.73626345 0.29582036 0.80506545 0.19831747 0.4570298 0.11440431 0.23271528 0.29879534 0.9023492
0.5730331 0.3066766 0.6008823 0.3297635 0.8359576 0.7355215 0.50849384 0.37733933 0.78626525 0.6541242 0.36666325 0.81296325 0.2153504 0.86132944 0.39362228 0.57271105 0.92249495 1.0383252 0.28401002 0.29566723
0.19209117 0.5854134 0.74845845 0.46000227 0.40278468 0.660882 0.69140553 0.7648604 0.3910828 0.41764316 0.93371457 0.67672175 0.9047492 0.36249587 0.6133121 0.5322264 0.89517325 0.4712131 0.5655148 0.31892538
0.1814456 0.5170696 0.34005186 0.46829942 0.69938505 0.32369876 0.64074 0.6134263 0.8218661 0.34800282 0.40062168 0.05536239 0.04564585 0.43051806 0.73512447 0.32902357 0.6794999 0.014487682 0.6296344 0.4905257
0.13890466 0.3305979 0.36097723 0.32815802 0.6662253 0.54778427 0.7228382 0.79673547 0.52747 0.73076385 0.73821306 0.56611073 0.086962566 0.6873818 0.14443764 0.18810341 0.10931412 0.09951232 0.6477404 0.23415674
