0.6111091 0.82987773 0.439396 0.2897246 0.35117155 0.5197591 0.20436136 0.20286238 0.40455115 0.89300185 0.20348457 0.5191451 0.03055706 0.6603517 0.78099924 0.08043285 0.30276155 0.60166794 0.07424631 0.707053
0.10286467 0.33886194 0.6169271 0.8967791 0.27717218 0.7507032 0.24014871 0.46815735 0.0810982 0.13138561 0.41885203 0.22699587 0.34451103 0.9755557 0.8929884 0.8880484 0.45406416 0.70021296 0.22283001 1.0351343
0.94948566 0.89055395 1.0256083 0.35736 1.054984 0.36878917 0.47004908 0.39729375 0.14184971 1.0739278 0.62212205 0.53076094 0.7525761 0.5021149 0.3756261 0.8576429 0.25075105 0.6163579 0.98801535 0.47067982
0.05727208 0.36086494 0.6049335 0.058754902 0.481942 0.036282133 0.3712449 0.77278215 0.39739594 0.66553885 0.6411171 0.7080301 0.09250649 0.84801245 0.3059388 -0.01762116 0.86455226 0.23900953 0.627083 0.39139044
0.40096775 -0.026254557 0.16046251 0.8133128 0.17518006 0.12110454 0.37660456 0.6097066 0.33414117 0.40912858 0.41178963 0.30634913 0.48067588 0.09033805 0.5004866 0.1712419 0.2424538 0.726844 0.6003945 0.47095275
1.2052672 0.34680873 0.35788107 0.8798475 0.65907174 0.26494685 0.77304703 0.34208456 0.5264603 0.53254265 1.0895222 0.2374761 0.7047652 0.63430893 0.6059627 0.38706166 0.6620142 0.43021753 0.51523364 0.2675076
0.9366877 0.83675516 0.6308768 0.08284591 0.68168795 0.11267668 0.4535581 0.6538779 0.13016601 0.20256755 0.9261672 0.8727691 0.7477182 0.3164981 0.22150256 0.75485575 0.2972479 0.90418273 0.8409436 0.7368578
0.34846663 0.5536478 0.85644484 0.49201715 0.38346368 0.6875934 0.5998186 0.32670602 1.0765862 1.0735786 0.6235043 0.4494877 0.20943448 0.3685023 0.8707724 0.18475498 0.4955441 0.7869992 0.2394287 0.68112594
0.9600552 0.54057896 0.2630506 0.86915225 0.13806473 0.80476683 0.2606073 0.2950609 0.4317014 0.93631744 0.7710792 0.6270945 1.0465277 0.96045834 0.17398079 0.90130055 0.24647126 0.76453865 0.27177465 0.11994952
0.17580292 0.12135451 0.87041914 0.65185165 0.5817571 0.34551662 0.49959078 0.12190919 0.97134906 0.82989967 0.93576556 0.37843543 0.6441608 0.4777868 0.9688277 0.6779495 0.30514774 0.6496077 0.4207804 0.6622959
0.18982014 0.97112006 0.7953908 0.7172802 1.0575833 0.27812672 0.5898789 0.37104902 0.55724466 0.6793821 0.35247704 0.33872405 0.6047612 0.93921524 1.0078968 0.23944245 0.60547787 0.8064038 0.53103685 1.0443449
0.2803305 0.6209796 1.0305008 0.48303187 1.030082 0.96579504 0.98457104 0.71085155 0.94934064 0.16264935 0.20272145 0.25840953 0.116867855 0.8239814 0.7509285 0.9469842 0.27266288 0.7337911 0.32635942 1.0368936
0.3502362 0.41028494 0.07357786 0.24412829 0.33939186 0.15124208 0.8617139 0.63479847 0.9178465 0.44853088 0.26314524 0.78996783 0.24224147 0.91198343 0.7492405 0.97734374 0.51415724 0.72500044 0.45850587 0.13374305
0.7840356 0.36373058 0.99905276 0.48503262 0.57590735 0.46847585 0.19809774 0.6063927 0.28315336 0.38856912 0.1924704 0.96149725 0.41151208 1.0016924 0.6308721 0.76808333 0.7934184 0.491005 0.8386137 0.27410772
0.8384381 0.93696004 0.44532564 0.105135694 0.5832564 0.93460596 0.7231697 0.86317706 0.39092296 0.66475767 0.72777957 0.82857394 0.08849689 0.41275173 0.027340623 0.6325782 0.79649407 0.49654114 0.28488132 0.559187
0.39417493 0.56086683 0.6021428 1.0262338 0.9140653 0.48114365 0.7952559 0.91194814 0.77208877 0.44419113 0.5211679 0.47982377 0.9615743 0.3504886 0.7816837 0.21050255 0.24585836 0.58154833 0.29088426 0.12572953
0.72194123 0.48693255 0.7079891 0.49237075 0.7105084 0.442085 0.7424493 0.5429834 0.15923718 0.1873717 0.48442626 0.9906467 0.118543915 0.5423675 0.3211375 0.77497554 0.14495943 0.43204 0.09125649 0.8278496
0.28070098 0.3349809 0.15715502 0.6599271 0.9134546 0.25197798 0.58779585 0.38263023 0.26632985 0.113726385 0.86084783 0.015473581 0.7588609 0.7792467 0.7098557 0.29265413 0.73258924 0.3138007 0.6661535 0.8165465
0.53873557 0.8580012 0.24967892 0.2621636 0.6914924 0.43526658 0.43384087 0.891305 0.82335335 0.4311294 0.41390854 0.2703662 0.97145456 0.9958303 0.2395373 1.0138348 0.96602196 0.98398757 0.70321673 0.5688482
0.5135452 0.043668687 0.48875636 -0.08629332 0.8016316 0.40340772 0.49332488 0.8019472 0.104290895 0.24318026 0.07935927 0.47326025 0.73634845 0.79317766 0.6948595 0.4503719 0.7349231 0.41979355 0.80365133 0.85751843
0.71738917 0.48905545 0.36117238 0.32828993 0.8880172 0.8340891 0.5413359 0.40130588 0.9424557 0.5670555 0.66026455 0.5428604 -0.004144717 0.22315651 0.7194545 -0.020065345 0.60360307 0.31033894 0.46508437 0.73500127
0.24990405 0.14620526 0.40549394 0.6323564 0.41051716 0.35341966 0.9862152 0.98633105 0.936999 0.57541096 0.47194192 0.8331506 0.12109646 0.2342632 0.62628466 0.7820747 0.7829575 0.6199253 0.66234654 0.70395136
0.73237604 0.27003112 -0.01870651 0.839102 0.6904312 0.83136207 0.4991098 0.33221573 0.5331226 0.7049505 0.15112926 0.55443364 -0.07044996 0.67548645 0.4711755 0.77717847 0.08813418 0.8350641 0.7583061 0.556093
0.62853223 0.8571241 0.9401351 0.41310236 0.49300927 0.47686723 0.59731567 0.19841318 0.51277983 0.2261991 0.76999897 0.7505929 0.26598367 0.9246034 0.27514777 0.46755007 0.42410398 0.98338366 0.836304 0.5524786
0.70919055 0.1971485 0.31007117 1.0578578 0.50288755 0.95197 0.49853402 0.45330328 0.7394638 0.5442207 0.50954884 0.87247133 0.69357955 0.2841618 0.19958468 0.40603524 0.41634482 0.9444179 0.21838222 1.0057292
