0.68050414 0.41030917 -0.11593984 0.5189955 0.56102407 0.6073737 0.15921332 0.44689113 0.36136976 0.66951424 0.5813185 0.47695172 0.43487427 0.7339232 0.75894916 0.17241147 0.10278863 0.38432664 0.15498342 0.6790743
-0.048418324 0.1823338 0.4474528 0.0724515 0.007702046 0.2534906 0.20521493 0.43589953 0.58287776 0.5060763 0.62803555 0.58514506 0.33808896 0.22560376 0.25378618 0.50884616 0.44289246 -0.113245666 -0.21518022 0.614241
0.09122168 0.5625235 -0.0029341439 0.24470268 0.27226296 0.7018021 0.3847056 0.36370432 0.35170016 0.55419874 0.14676657 0.9123539 0.34627077 0.5087501 0.91266644 0.5032723 0.7164529 0.06919825 0.41576883 0.41453162
0.44856372 0.47242987 0.5199199 0.8785723 0.75917065 0.3521277 0.2249543 0.16178234 0.861168 0.605003 0.14104077 0.5322947 0.81201935 0.7501185 0.14946628 0.46531183 0.14786977 0.60230047 0.5368849 0.54221636
0.39328685 0.85208464 0.71295273 0.107486814 0.45479986 0.6619654 0.5063245 0.83726096 0.28633514 0.4309052 0.4716579 0.6760828 0.069813594 0.25860462 0.7485362 0.6686276 0.5391479 0.021746455 0.85797787 0.5003826
0.35326996 0.88078237 0.118070394 0.6260603 0.83670187 0.3468799 0.1509124 0.23662181 0.4608455 0.96937186 0.7955585 0.14528693 1.0239147 0.20425048 0.98719704 0.61217654 0.59480834 0.92680615 0.7952513 0.19207515
0.336953 0.07496726 0.4907515 0.08670637 0.09680378 0.22393201 0.44444677 0.14504012 0.95659685 0.97758585 0.8132674 0.29128352 0.69175106 0.3464462 0.08030173 0.0720194 0.52278054 0.73417354 0.3668499 0.69104844
0.1749015 0.8140856 0.66261846 0.77662915 0.7612274 1.0112383 0.8607632 0.46107802 0.113707796 0.8327268 0.7345167 0.54739803 0.4567138 0.2642579 0.8822919 0.531924 0.63177305 0.29541263 0.092539415 0.7381575
0.115735665 0.8243236 0.7577325 0.31348434 0.5188716 0.6016474 0.19199628 0.5684213 0.90842235 0.8657609 0.057906136 0.39174914 0.825658 0.6985453 0.50500363 0.1973891 0.07375014 0.6165645 0.92428386 0.17987654
0.07138291 0.93496716 0.2830163 0.2284356 0.9723703 0.9151395 0.46678647 0.3701579 0.6732166 0.85600513 0.34763795 0.26840696 0.2571912 0.078966916 0.20243733 0.24815166 0.53567016 0.8604057 0.68269444 0.8259722
0.49011922 0.23651502 0.1727021 0.273244 -0.0995513 0.6177661 0.5634609 0.106485546 -0.133806 0.5307922 -0.08783288 0.43217084 0.5974419 0.48057374 0.16827086 0.1607099 0.6499303 0.4826306 0.41475803 -0.15719083
0.407305 0.60797375 0.7931266 0.8686394 0.94837785 0.65074706 0.32574537 0.26888683 1.0015557 0.7902912 0.2431625 0.10733048 1.0081288 0.09471473 0.074493624 0.6061652 0.2868949 0.5679432 0.91973436 0.755712
0.070590675 0.7796295 0.8943836 0.8181846 0.3488559 0.012743922 0.34008887 0.46301103 0.66942203 0.28070918 0.8337032 0.2752079 0.6202018 0.22987038 0.1691022 0.52757615 0.6625904 0.63305557 0.76641434 0.67944264
0.6392671 0.19310306 0.5346723 0.17310917 0.8987572 0.5030555 0.083493695 0.4559193 0.20962533 0.34025735 0.5504623 -0.013839093 0.87658507 0.17500237 0.68871504 -0.027850887 0.89580095 0.64652663 0.77902603 0.123055
0.5374738 0.08750272 0.841099 0.6375915 0.733993 0.31636232 -0.06098528 0.47369763 0.5646941 0.56942445 0.7805812 0.86301196 0.47845417 0.83634 0.02760307 -0.074398756 0.055322837 0.56061083 0.5483659 0.011682
0.5110884 0.39360765 0.6378192 0.55997425 0.7977439 0.2056981 0.8235345 0.45746672 0.62603384 0.8990774 0.7682755 0.65885836 0.05654195 0.21162792 0.89102393 0.59432214 0.94126606 0.66717494 0.6188374 0.3361493
0.49897906 0.15639576 0.64276475 0.28376335 0.46945602 0.79782194 0.12187488 0.17842187 0.9780775 1.0365049 0.23541974 0.4087508 0.3114738 0.85014385 0.31294236 0.8134192 0.57602274 0.7951606 0.12942402 0.40731603
0.67097104 0.19120465 0.48627436 0.68543434 0.8138905 0.15330257 0.5494981 0.048438016 0.72134674 0.066635 0.769157 0.79860514 0.6004367 0.13110507 0.41852087 0.08280755 0.4935153 0.4879885 0.5849468 0.08358105
0.69460976 0.336359 0.40066853 0.697664 0.3368837 0.33597314 0.9446076 0.5624853 0.75649136 0.22520436 0.49546233 0.57708496 0.717694 0.80545706 0.97098535 0.12849344 1.0238707 0.14238012 0.61827445 0.5598035
0.5569083 0.89381105 0.2801771 0.5303554 0.57797265 0.5873182 0.93702185 0.9179504 0.44365317 0.72037244 0.23297808 0.81163985 0.9816433 0.59390235 0.60716 0.26021034 0.5557307 0.21855028 0.3301497 0.6324616
0.20766895 0.39765584 0.42311108 -0.01824325 0.84157765 0.81823105 0.8539036 0.8013525 0.10360434 0.33542782 0.6696154 0.41515008 0.9094903 0.7583178 -0.03799876 0.5761735 0.47043788 0.14412665 0.8294744 0.56134325
0.6749831 0.13355745 0.6889141 0.69608414 0.50861293 0.40676934 0.1738605 0.53534853 0.22734238 0.6510909 0.13197476 0.7109923 0.111738995 0.92289966 0.3453718 0.5779792 0.44953248 0.9065106 0.3839656 0.96791726
0.3728123 0.37343132 0.6763461 0.52904445 -0.14808884 0.6409905 0.16166668 0.55403054 0.77216107 0.4615412 0.06345156 0.106116995 0.026924774 -0.07102963 0.6322315 0.32577482 0.72671264 0.5283915 0.47682628 -0.08645245
0.60579765 0.2411851 0.8726828 0.71093917 0.273619 0.26915237 0.8373643 0.6760349 0.33351228 0.8337102 0.9349608 0.8545937 0.5390492 0.736274 0.92038125 0.97105 0.5469391 0.9720063 0.43189955 0.26239347
0.15919515 0.750581 0.2557587 0.55410504 0.5404845 0.92921674 0.8825893 0.23016052 0.65281916 0.54637456 0.71090335 0.32922703 0.857815 1.0181608 0.55806863 0.9932379 0.66436994 0.08175304 0.6497423 0.24504495
