0.95678484 0.8018074 0.28547505 0.49398866 0.22792323 0.6863638 0.2864538 0.44460592 0.38572055 0.2595751 0.6639725 0.4765798 0.8981128 0.77314204 0.15324332 0.6638379 0.28228238 0.588257 0.5764998 0.41599372
0.67869484 0.6612315 0.8631342 0.65881187 0.97048765 0.5451201 0.8113874 0.79062515 0.3119417 0.95749944 0.0676789 0.2547097 0.5196202 0.9625841 0.15857251 0.110215865 0.74075943 0.8323643 0.30239758 0.08150542
0.43941364 0.54608417 0.0589468 0.33232313 0.5439412 0.22643152 -0.017004471 0.18332799 0.22904831 0.4924587 0.64914775 0.202001 -0.06518178 0.45223877 0.60362977 0.67212725 0.14870764 0.083597004 0.48293722 0.7468424
0.05333465 0.833134 0.45112377 0.26443115 0.7235039 0.09267133 0.027091 0.6773823 0.4568874 0.7143847 0.31672648 0.7559922 0.1958009 0.2571208 0.48812312 0.7744555 0.27246726 0.14198853 0.8512241 0.4530848
0.14115201 0.2189577 0.7523683 0.8250887 0.5109578 0.4793745 0.94180036 0.595158 0.40992242 0.028671388 0.525436 0.18912858 0.2673525 0.92478085 0.081676334 0.6335085 0.055342242 0.8665348 0.12857097 0.16152026
-0.10879896 0.48558316 0.58025366 0.14787702 0.057381507 0.65514547 0.66363806 0.76556545 0.3852863 0.2707268 0.65905565 0.26565066 0.6765023 0.5801917 0.4501108 0.490359 -0.10171877 0.42900154 0.6223554 0.6979654
0.40786946 0.101004586 0.7755084 0.90312403 0.43166304 0.43696418 0.3549526 0.13176535 0.17302433 0.5964156 0.50497735 0.36487877 0.21124244 0.29144138 1.0366017 0.6505041 0.4237282 0.32851553 0.5626738 0.23421386
0.6113085 0.5184766 0.31339574 0.80771554 0.43564853 0.48027417 0.38379237 0.2954749 0.39741075 0.3766787 0.43599817 0.1559365 0.110102594 0.5285634 0.65808725 -0.0614594 0.28585488 -0.1243648 0.045041375 0.6310372
0.8883515 0.6347173 0.56072366 0.9483046 0.8553057 0.87420595 0.40580496 0.09813434 0.52677095 0.73388004 0.40135646 0.5175854 0.62071556 0.48114198 0.47992712 0.9940994 0.463919 0.25988415 0.3838645 0.31824118
0.54553896 0.854054 0.34395802 0.36086282 0.06295103 0.98010886 0.7448088 0.335636 0.039185643 0.9339014 0.16577171 0.30246025 0.06646278 0.518471 0.98625666 0.07945912 0.25508896 0.863506 0.9524823 0.7695596
0.086804956 0.99869037 0.63791394 0.090907514 0.36703795 0.43084154 0.7074022 0.08005483 0.43164802 0.47223878 0.63892525 0.4017355 0.49226213 0.9186225 0.6636481 0.7887253 0.93877083 0.19670865 0.33513427 0.33066106
0.63017267 0.19281207 0.64007056 0.69187427 0.00091708545 0.5547177 0.32949752 0.055007342 0.5847444 0.49070713 0.56165504 -0.03768014 0.044415005 0.69515467 0.5715639 0.4296983 0.5192538 0.017021243 0.79034853 0.70492595
0.10082525 0.28295535 0.41330418 0.396833 0.1470249 0.68326604 0.9228446 0.2720961 0.3917296 0.18925524 0.63433737 0.2886541 0.23654424 0.08197751 0.60548234 0.7223532 0.9564404 0.6909548 0.3065341 0.21774943
0.24752586 0.708156 0.5759749 0.4039105 0.0885988 0.8080311 0.44448397 0.77821255 0.29444245 0.32481542 0.87851703 0.7810744 0.47937897 0.4467891 0.94071674 0.52498364 0.7885749 0.8582852 0.6034431 0.4072306
0.8927169 0.91125846 0.25893286 0.61448145 0.30624688 0.5022458 0.111426435 0.34039953 0.95174193 0.48917022 0.19315319 0.4436682 0.8081438 0.84513307 0.69136965 0.5066253 0.43772423 0.9784282 0.53013676 0.70007926
0.07847878 0.70336044 0.7222038 0.551843 0.115757756 0.53994286 0.7692751 0.05726919 0.40810537 0.75466937 0.695664 0.7404652 0.35473433 0.51988256 0.49785835 0.3835435 0.584502 0.2258656 0.9022984 0.44763628
0.058165565 0.5953894 0.45192903 0.6489061 0.5389202 0.36159706 0.7834892 0.8552471 0.4569261 0.026388464 0.9121803 0.4569805 0.36898267 0.60229665 0.5383278 0.26435965 0.304221 0.051122546 0.09159095 0.18857601
0.56489486 0.2245205 0.7197248 0.77601075 0.7142517 0.37041467 0.63285756 0.6557496 0.7388628 0.78477234 0.062431548 0.84660184 0.37775362 0.8891824 0.76739156 0.06977158 0.7566393 0.37486288 0.5784084 0.45004308
0.2191977 0.60012287 0.16749316 0.59391534 0.89551353 0.9552337 0.41095677 0.34206435 0.55492234 0.4672941 0.71631545 0.26902872 0.7694886 0.9134037 0.09559752 0.3775185 0.7643056 0.693476 0.05183013 0.08775911
0.66796666 0.3430905 0.1588458 0.004869269 0.2234391 0.4879618 0.33093885 0.6473568 0.12634319 0.58862 0.30628198 0.13678148 0.6439589 0.438006 0.6203721 -0.09280748 0.46881825 0.23320635 0.418518 0.4625175
0.5172538 0.566714 0.4160056 0.3315625 0.077307075 0.3342974 0.75841635 0.80900735 0.011064016 0.4166697 0.38120803 -0.0038814018 0.15657176 0.6075857 0.6917405 -0.026205473 0.0415288 0.34011737 0.6155228 0.24397752
0.5484631 0.56147397 0.8260403 0.47550678 0.5359303 -0.012711114 0.23755962 0.68575436 0.43618628 0.4789579 0.35977462 0.3490601 0.19644853 0.9329149 0.73310035 0.6362039 0.20109148 0.5108782 0.5877324 0.6525994
0.9392637 0.53698367 0.3724667 0.6240244 0.1488653 0.18324533 0.07318187 0.38065886 0.122691795 0.0512771 0.41045442 0.29356053 0.85129774 0.8561001 0.33020043 0.72681814 0.81676644 0.8738755 0.73259944 0.5811034
0.44308126 0.1483691 0.9399634 0.23571937 0.59194994 0.4010857 0.20010827 0.13183671 0.6723545 0.40288785 0.61460763 0.9149035 0.09224535 -0.00260625 0.854771 0.48464522 0.8632122 0.39091712 0.026706137 0.26523674
0.89149123 0.8518335 0.5877861 0.82776034 0.6754532 0.83258694 0.27971843 0.32767034 0.668672 0.49982935 0.14140289 0.23277204 0.35310292 0.062581606 0.38639608 0.671385 0.18590157 0.7591103 0.3819501 0.3466171
