0.15540983 0.30099574 0.13180755 0.20023957 0.45543185 0.5234504 0.55856365 0.92781097 1.0384781 0.42485666 0.3830737 0.6267987 0.50329846 0.491332 0.34118852 0.93418074 0.4946146 0.22239919 0.32503825 1.0440047
0.40973133 0.84823006 0.51318526 0.8467977 0.5366953 0.14397548 0.3313771 0.07735296 0.88670146 0.009773926 0.49384835 0.37722406 -0.02989985 0.8025013 0.38142192 0.64001364 0.83344996 0.7529407 0.74528366 0.48514637
0.83569926 0.021885425 0.048417218 0.15784194 0.19051918 0.2760624 0.5419072 0.8625382 0.41775617 0.15189855 0.18226765 0.5678479 0.41019562 0.5074459 0.57237816 0.06778101 0.67177725 -0.00048695717 0.6854049 0.14121671
0.48721737 0.8964976 0.4357308 0.5786004 -0.023397783 0.09756148 0.37196967 0.53543645 0.7543893 0.3684645 0.7643207 -0.044916376 0.24073584 -0.016574077 -0.058073565 0.81720895 0.13713512 0.19664349 0.8383951 0.008649053
0.45368376 0.78170466 0.16009595 0.8397312 0.06790058 0.41716635 0.101468235 0.1978705 -0.03333408 0.10586821 0.49146643 0.63630134 0.08575353 0.6477225 0.83012855 0.5806181 0.45638978 0.6492861 0.7076122 0.7172335
0.7273417 0.7063628 0.67224026 0.38839492 0.83052856 0.42104036 0.9835644 0.18762231 0.17328073 0.9305983 0.30879137 0.85259223 0.33480802 0.9649871 0.2864332 0.7704572 0.6559766 0.6623007 0.20228311 0.40329695
0.5650814 0.2961545 0.48211738 0.3752024 0.13130939 0.92699826 0.56972414 0.8825444 0.93870735 0.16081038 1.0165443 0.6999495 0.7836161 0.21855228 0.4050163 0.9992589 0.96523905 0.13399403 0.09757703 0.7323613
0.47463462 0.062132683 0.59039015 0.32889736 0.69838876 0.587959 0.39001036 0.4012318 0.21204484 0.6847863 1.0202968 0.22447537 0.18614942 0.7374264 0.40795484 0.51825523 0.09981454 0.12574662 0.7882391 0.30657446
0.64255434 0.6247359 0.11253949 0.06617973 0.22021659 0.7860546 0.4046533 0.53324187 0.37246734 0.04825207 0.6152117 -0.04397964 0.5210892 0.8141826 0.38801938 0.02173181 0.72393864 0.634284 0.6188899 0.53549165
0.4907888 0.39262423 0.41133535 0.69347167 0.48310393 0.3632772 1.2250628 0.528875 0.8904774 1.1407155 1.1090937 0.35873634 0.37523925 0.6944522 1.126065 0.51699364 0.6095749 0.41403842 0.59603775 0.35616225
0.914091 0.93850356 0.12605815 0.8670783 0.28089166 0.70912457 0.61425066 0.8383999 1.0615625 0.2665285 0.8054545 0.7418744 0.17470469 1.0194561 0.9753224 0.1789761 0.3814875 0.2203521 0.16381116 0.2869637
0.74761385 0.65416044 0.8837904 0.7492518 0.07755333 0.10341567 0.6229645 0.2495432 0.68792933 0.08441095 0.62022656 0.8831886 0.76081777 0.35630405 0.45084098 0.4685555 0.8039043 0.8122006 0.30015737 0.96954703
0.8168603 0.15474984 1.0314695 0.39692843 0.29801255 1.0308567 0.6267345 0.38883683 0.71251804 0.9409256 0.9222191 0.6795774 0.5159698 0.27267355 1.0290909 0.59767675 0.7165748 0.24051559 0.15231201 0.10055678
0.20110205 0.110160366 0.92247283 0.84710985 0.13477066 0.8433617 0.080587626 0.1904752 0.34363785 0.79433036 0.72292703 0.84357685 0.88604826 0.80461574 0.12629195 0.22312795 0.101483494 0.49731526 0.8823959 0.48391524
0.907624 0.5244939 0.50588197 0.81684256 0.99659055 0.33389273 0.06755482 0.8114789 0.62361234 0.23092207 0.8328152 0.46182922 0.68685865 0.50706357 0.061684817 0.89182186 0.22122328 0.7312922 0.9500889 0.326221
0.299006 0.12879662 0.18198948 0.09450561 0.7733266 0.44984713 0.8398601 0.32957 0.3230538 0.31201893 0.39926776 0.8438098 0.04670978 0.06049132 0.18239869 0.88907367 0.53120375 0.25367126 0.88681465 0.88422555
0.2699106 0.10759693 0.81755185 0.70610887 0.6891117 0.5332397 0.23673007 0.23547591 0.6159749 0.11790531 0.046624552 0.42080322 0.28860715 0.740724 0.3714441 0.7151016 0.51306045 0.3098089 0.5230732 0.50226927
0.86956674 0.25647518 0.057047542 0.68567663 0.95634604 0.876321 0.6849664 0.2631891 0.3787566 0.7521245 0.8591766 0.39897996 0.581075 0.9701306 0.50787634 0.91565484 0.5779483 0.077335 0.6798267 0.13210277
0.70270467 0.35464025 0.8669318 0.5176884 0.49247184 0.51941234 0.76589733 0.24491039 0.021710474 0.74788225 0.018696284 0.18443406 0.26670673 0.14052182 0.4447409 0.16732676 0.871792 0.17540517 0.51839656 0.5418593
0.34984913 0.61892295 0.8127796 0.44851762 0.6184876 -0.017280512 0.08298333 0.33252263 0.66877764 -0.0459507 0.71952873 0.40458497 0.8341555 0.18109877 0.16739342 0.36476624 0.7750047 0.7558797 0.71218646 0.11076574
0.4473341 0.37351188 0.19465582 0.5084553 0.08757087 0.21578231 0.743233 0.4908413 0.53352255 0.43184736 0.7936933 0.43755725 0.6101776 0.62792736 0.70712394 0.83872545 -0.05151787 0.4806122 0.24895884 -0.040822633
0.94901574 0.112363815 0.15230787 0.95598423 0.7860472 0.74882966 0.62267935 0.6350116 0.35468474 0.81422824 0.29188564 0.58351547 0.47316268 0.69758356 0.61320156 0.73621625 0.20517847 0.5313669 0.25381294 0.8424925
-0.02182209 0.8867318 0.8804542 0.045530494 0.6906619 0.1462785 0.8800173 0.4704527 0.40230805 0.84100795 0.091823846 0.5472654 0.48492032 0.5625878 0.74748594 0.54683656 0.023261623 -0.04760945 0.28631726 0.4015756
0.89509755 0.8089661 0.6483334 0.4020052 0.89155364 0.3865045 0.69137937 0.43033975 0.5611765 0.092742525 0.5076022 0.75669026 0.34103218 0.8741454 0.49714285 0.4362606 0.61938184 0.21940564 0.57169604 0.8256471
0.3833053 0.6927991 0.15115754 0.6338493 0.078573324 0.18581688 0.8241934 0.72121036 0.6072971 0.6957939 -0.116649725 -0.069831364 0.056602385 0.81176704 0.22060022 0.7528715 0.838899 0.23217344 0.096273854 0.7167377
