0.76786834 0.6313112 0.426163 0.39840904 0.6990336 0.051968165 0.3582554 0.45272577 0.21559602 0.7365179 0.955053 0.29781732 0.41858897 0.67637986 0.80044824 0.76283336 0.4562118 0.05451534 0.37153158 0.5838509
0.25913116 0.34596848 0.4067838 0.32895523 0.08880843 0.10583428 0.5252288 -0.2678154 0.057816666 -0.23114315 0.4739275 0.26180354 0.3860989 0.60423166 -0.15825328 -0.15790851 0.18886827 0.57267517 0.06286896 0.5773001
0.3619571 0.74490887 0.5960593 0.91462696 0.49703363 0.52180284 0.9884037 0.4710408 0.31171292 0.2820245 0.2808532 1.1538637 0.29260755 0.21821347 0.9386959 0.47961104 0.38409418 0.82090366 0.33455673 0.88462794
0.13468082 0.6020001 -0.15644665 -0.15428728 -0.10423329 -0.033470232 0.07633354 -0.008952195 0.16368867 0.198001 0.6735313 0.3558766 0.68406105 0.5702958 0.30955094 0.5468759 0.49168447 0.68112564 0.61506474 0.17474426
1.1348964 0.19204761 0.21041079 0.50931627 0.4301247 0.6936508 0.570953 1.033114 0.4773459 0.68741727 0.9014754 0.42295334 1.1413122 0.32132688 0.74995786 0.2515806 0.19968604 0.71184635 0.57051706 0.30277702
0.47283843 0.32554212 0.25161415 0.37345922 0.48668155 0.52121365 0.5125672 0.7237332 0.7912252 0.4563669 0.39160606 0.8815371 0.60692 0.2723334 0.5541172 0.9936831 0.3156045 0.7924934 0.7399851 1.0048988
0.3984318 0.66602796 -0.033628467 0.72872245 0.31170097 0.82359284 -0.10195469 0.80217135 0.75849026 0.08237591 0.7552154 0.68966067 0.3976117 0.69864255 0.22563115 -0.054883026 0.21473692 0.52074295 0.40316722 0.41892695
0.7722284 0.6906912 0.59038424 0.6154661 0.29854497 0.1607204 0.3853261 0.22327492 0.32695 0.6311846 0.29975668 0.562817 0.1814015 0.9914214 0.8208123 0.53396094 0.28452167 0.8994163 1.050109 1.0555861
0.6179271 0.9879983 0.8424431 0.10490513 0.40078253 0.28497812 0.9338881 1.0015057 0.2833091 0.175337 0.43498033 0.3814102 0.17267793 0.6959992 0.7693992 0.7158549 0.5704081 0.8627692 0.51206887 0.6497957
0.20558521 0.28641483 0.7159992 0.21277304 0.7380707 0.9492937 0.2899887 0.5244428 0.37326193 0.2936846 0.7412776 0.92562366 0.15978223 0.14872961 0.5102324 0.1351241 0.7825648 0.06497799 0.66794014 0.12752669
0.5384519 0.70304734 0.9921922 0.16357547 0.67562944 0.9976639 0.42634103 0.26707864 0.536715 0.31309217 0.2988192 0.41626486 0.59870815 0.87832516 0.3032719 0.8981292 0.78898114 0.65930265 0.23219556 0.6722986
0.1976682 0.4402178 0.037532058 0.7801023 0.7922113 0.49566826 0.1588304 0.8478006 0.5062504 0.1395613 0.40460902 0.81192654 0.8942879 0.46919253 0.09456428 0.9150658 0.6494624 0.8699939 0.29933742 0.47527736
0.7428939 0.70820713 0.29510942 0.64532584 0.7871558 0.2641885 0.33643776 0.38453248 -0.0053942422 0.4084242 0.23386353 0.24087839 0.6086961 0.6033212 0.72047246 0.1839103 0.37830886 0.5603434 0.56939465 -0.12087759
0.8428792 0.2118376 0.6449193 0.21661577 0.61494917 0.38818276 0.47991616 0.07629936 0.70161 0.8881609 0.17988423 0.25450256 0.84803325 0.81135106 -0.028419407 0.7603035 0.62563646 0.14535011 0.55568993 0.7450985
1.1166335 0.2808241 0.39461982 0.7760831 0.30401194 0.75330573 1.0840372 0.45001644 0.17590274 0.19566827 0.26784858 0.70575225 0.5224521 1.0105652 0.34766942 0.3728612 0.4755247 0.227663 0.22636484 0.42630738
0.33553326 1.0117443 0.83312196 0.7326231 0.532555 0.13935386 1.0610533 0.33338064 0.3884073 0.48202714 0.9809138 0.7323331 0.5589145 0.24243426 0.64840645 0.4866907 0.44816908 0.48268786 0.31034338 0.8331596
0.81667894 0.5695833 0.1640866 0.46619278 0.7567949 0.7427781 0.10008278 0.108697 0.043196507 0.7663652 0.6462089 0.7925668 0.3398439 0.12528409 0.45786092 0.535056 0.06840793 0.16316096 0.75822294 0.11407529
0.91277766 0.052936908 0.46871126 0.6651133 0.5726584 0.8949212 0.20527238 0.14601152 0.27998763 0.9443295 0.80741084 0.9365789 0.33723956 0.9206672 0.06901813 0.36401293 0.26066557 0.89412445 0.36117232 0.055931173
0.41069275 0.17728105 0.6109336 0.92486775 0.3605958 1.0039291 0.20601502 0.58878577 0.7552628 0.61132026 0.21319234 0.506928 0.85911363 0.5570223 0.23549224 0.8749903 0.3369758 0.60356545 0.28802964 0.1115051
0.8605655 0.20138842 0.6317796 -0.022207316 0.66714495 0.3486169 0.83962053 0.72617346 0.746421 0.75148296 0.7597342 0.72075045 0.3980156 0.37455425 0.4798728 0.85238266 0.6645492 0.83536494 0.08736969 0.47485754
0.5486258 0.35571867 0.4012162 0.47353196 0.36425138 0.93264633 0.5559264 0.28844497 0.21192987 0.9780426 0.49965125 0.8703674 0.76162905 0.9310197 0.9198114 0.73871166 0.45366174 0.79901165 0.32416186 0.15701742
0.7571624 0.36465266 0.5292055 0.48752353 0.26677412 0.30210721 0.79804164 0.4072721 0.75434774 0.30593342 0.2343626 0.8918216 0.49186742 0.72739863 0.7662979 0.49114737 0.90333694 0.19649154 0.14900105 0.4224668
0.49681512 0.91656363 0.49621412 0.6114663 0.34406248 0.22736548 0.63890785 0.7557987 1.0319029 0.9751912 0.55228734 0.40182832 0.6154785 0.5120489 0.19111453 0.27164978 0.1341133 0.8721679 1.0157125 0.48224849
0.69084376 0.030264726 0.9004179 0.8207792 0.09858525 0.52709115 0.498221 0.7754376 0.28008354 0.4772317 0.38551065 0.82818687 0.85214186 0.03840631 0.15783232 0.10106852 0.26025534 -0.012864636 0.4972113 0.4622859
0.47754353 0.37557435 0.3580229 0.53049344 0.5923497 1.0375026 0.82606286 0.5456577 0.83365643 0.27169514 0.2219812 0.6057258 0.3098882 0.42663008 0.7322173 0.28867167 1.0783213 1.056572 0.52010214 0.41496557
