0.082068145 0.5567108 -0.05687758 0.18952656 0.014322031 0.59784997 0.57766426 0.46867415 -0.010915578 0.08174198 0.59255546 0.5276009 0.69120306 0.37457412 0.14444308 0.2570301 0.37588766 0.67129916 0.6310221 0.45834604
0.109804235 0.60513836 0.6097097 0.41753352 0.15916358 0.68749297 0.22867829 0.9711376 0.6099368 0.92363375 0.8569506 0.13223734 0.9327504 0.6899049 0.2833969 0.46237352 0.7146173 0.6812623 0.7949268 0.546142
0.8383474 0.43838274 1.041388 0.6632303 0.8381485 0.52120656 0.47912169 0.17846437 0.6924555 1.0278683 0.7897289 0.61329705 0.4284836 0.94090396 0.59765303 0.32148713 0.74168795 0.46231848 0.96570194 0.18168783
0.51998484 0.0352177 0.15868777 0.3345623 0.8698414 0.0050008465 0.83071446 0.79005 0.9082696 0.049076475 0.6920237 0.3709177 0.9052916 0.6255781 0.120862104 0.89040977 0.5430883 0.2839336 0.88267344 0.1928171
0.24167328 0.25779584 0.86009985 0.6234687 0.85901564 0.36687443 0.4408995 0.61725754 0.2749541 0.934833 0.93631953 0.8056481 0.53340566 0.6420767 0.18267362 0.6315818 0.27578723 0.7738917 0.6752468 0.6613962
0.38489088 0.03064092 0.825945 0.3466209 0.62070954 0.778338 0.7777968 0.61386365 0.81347114 0.61154675 0.8490351 0.28664124 0.5015983 0.66588473 0.7264055 0.3600679 0.47519535 0.12557362 0.29344037 0.055721972
0.57540643 0.51085556 0.91834706 0.85373896 0.5435276 0.4519046 0.21235599 1.0781097 0.68767387 0.29077572 0.30229783 0.8999018 0.5280734 1.064361 0.9400073 0.18610747 1.1126437 0.65354884 0.40285373 0.4329236
0.5747008 0.5079944 0.7521406 0.7524896 0.5930027 0.6925121 0.8378588 0.55614406 -0.02993944 0.30293468 -0.06217193 0.27644342 0.366745 0.62776077 0.6386824 0.6960396 0.7675706 0.7552655 0.69171566 -0.10944694
0.7470009 0.4858352 0.8955254 0.65131634 0.28186175 0.9281125 0.059363063 0.47579348 0.6007523 0.062491003 0.47331354 0.3560132 0.51985127 0.6438856 0.83368635 0.42693087 0.77195096 0.9507038 0.82557696 0.25934827
0.8106646 0.44102415 0.9730391 0.43506262 0.5188994 0.5754639 0.6543708 0.11456782 0.329943 0.60835487 0.14282751 0.7463567 0.40104488 0.4876335 0.58453125 0.47332817 0.35804003 0.5448396 0.6131777 0.3460029
0.16957106 0.5269087 0.18480967 0.26170018 0.12781346 0.5534691 0.10875029 0.47149128 0.344805 0.113215655 0.2670104 0.54257876 0.6094444 0.5014968 0.45941252 0.56274384 0.8026324 0.89094967 0.5998434 0.60503715
0.33819795 1.0661728 0.31856054 0.5072198 0.42771018 0.30136606 0.32386446 0.45029983 0.29920822 0.81916475 0.4944825 0.9535486 0.79360217 0.30901152 0.6089334 1.0260452 0.9900312 0.5295482 0.31787798 0.51788235
0.92133397 0.36222228 0.1682705 0.8911562 0.6549814 0.70543456 0.47621453 0.060972814 0.2979053 0.27626976 0.27726966 0.8366859 0.18586618 0.74931836 0.35323036 0.47289088 0.40507302 0.38401368 0.16965094 0.1452692
0.25560474 0.644 0.8783788 1.084592 0.48591462 0.48598433 0.5260859 0.37496665 0.38541225 0.9757482 0.41130352 0.7830254 0.47745204 1.0537815 0.47343138 0.75907546 0.8995055 0.6442001 0.6629194 0.4441855
0.57910836 0.77451307 0.8919195 0.65802735 0.46108508 0.60874623 0.5536355 0.49986833 0.45766255 0.24917322 0.47761086 0.39426595 0.077727824 0.36606005 0.9179601 0.754257 0.81624025 0.43360913 0.7234218 0.6783314
0.8767109 0.47990355 0.52655923 0.60312504 0.46316916 0.24085139 0.34224394 0.32464898 0.77333164 0.3352659 0.9422112 0.93207484 1.0143197 0.7939983 0.5264154 0.42594272 1.0928059 0.38053843 1.0796627 0.48087263
0.41941738 0.47404993 0.8526886 0.28644887 0.9557235 0.46070454 0.8968634 0.7053827 0.12545808 0.53705937 0.022015575 0.4291269 0.41050792 0.6203159 0.30290583 0.03364361 0.79454195 0.07211654 0.9464499 0.59630716
0.52374494 0.45766762 0.19213519 0.37306726 0.16156588 0.7293489 0.69230676 0.54676014 0.46300438 0.533786 0.2877977 0.24021462 0.80974483 0.857313 0.5681107 0.51213336 0.9514757 0.38867432 0.7334284 0.2545683
0.45005557 0.35149735 0.67274165 0.5608786 0.36594823 0.49391255 0.3116476 0.5861351 0.9855219 1.005059 0.8249482 0.9422453 0.46983516 0.5887661 0.7560806 0.24560696 0.6284758 1.1343734 0.46834713 0.83475536
1.1187011 0.3368018 0.600733 0.37415254 1.0112172 0.3367038 0.758488 0.6426327 0.682666 0.5183951 0.7757647 0.82990205 0.49430814 0.58166474 0.63362825 0.774068 1.1836312 0.5771279 0.31308064 0.24661854
0.1312525 0.8127494 0.8183662 0.55217284 0.38252142 0.7756371 0.98733413 0.4618049 1.0867131 0.62108225 0.27051073 0.22887403 0.8849502 0.8463256 0.3068601 0.2583791 0.4545349 0.1509118 0.45507982 0.82320565
0.079656355 0.7190248 0.8882783 0.82838297 0.5062838 0.14062303 0.9547364 0.93617886 0.9037693 0.062490072 0.07703749 0.8448723 0.60080504 0.12290481 0.88413566 0.515453 0.7317613 0.625423 0.9157402 0.033387024
0.4648579 0.87393194 0.3378692 0.31129083 0.19781065 0.3343183 0.50197023 0.2674265 0.6364493 0.66435367 0.8875873 0.33470282 0.4859246 0.26473868 0.18834756 1.0280213 0.2513614 0.9850428 0.13106689 0.8545409
0.4067964 0.09047783 0.67327 0.7000498 0.20263378 0.65133864 0.7873022 0.8627553 0.7451744 0.99077386 0.27598503 0.22133039 0.5547556 0.8811707 0.10839457 0.6903771 0.33144167 0.905654 0.38726762 0.9028299
0.88174105 0.6171377 0.3610395 0.22376274 0.38602012 0.20797399 0.24360995 0.82816195 0.5675438 0.5235877 0.41519403 0.30791876 1.0834416 1.0670215 0.43145654 0.9612629 0.6901865 0.49773493 0.46060687 0.584616
