-0.06528769 0.7761919 0.44555983 0.5885376 0.6051683 0.8122839 -0.10003755 0.40541184 0.12847307 0.44113773 0.7425115 -0.034334477 0.24744044 0.14190447 0.283405 0.5916312 0.28581786 0.13474704 0.73327374 0.17736486
0.58517665 0.85660136 0.51305777 0.53866076 0.7966732 0.20332855 0.516675 0.6918322 0.17096141 0.7432927 0.65999955 0.18264118 0.8472102 0.17174163 0.30870837 0.82032543 0.4478886 0.47548208 0.039660446 0.5194854
0.59816694 0.84835404 0.8359619 0.24184379 0.6187626 0.4949236 0.32562882 0.11063701 0.8175769 0.13009542 0.5705182 0.8536183 0.9416914 0.71415776 0.8551766 0.49668485 0.6937591 0.8090427 0.97879297 0.7176384
0.14941895 0.21526098 0.53034836 0.60105604 0.9514403 0.6833524 0.7350746 1.0210494 0.37263352 0.621648 0.31268364 1.0944247 0.46950752 1.0244753 0.19362311 0.44531736 0.35079437 0.272255 0.98619485 0.67983764
0.73308957 0.6913058 0.5555124 0.5061656 0.7034942 0.887215 0.9557191 0.8331253 0.39508727 0.73476946 0.60178274 0.056247223 0.27056113 0.863173 0.51692855 0.4832819 0.37898862 0.2717616 0.35505345 0.5606586
0.48325384 0.9479709 0.05880553 0.19067223 0.106693126 0.0943286 0.40647158 0.8392511 0.54988146 0.031282865 0.4603979 0.8337963 0.93569183 0.8227845 0.527498 0.6174274 0.7628303 0.62651724 0.535789 0.26122198
0.48204905 1.0158757 0.76080304 0.30164766 0.68670464 0.14743698 0.17910263 0.47423387 0.91938066 0.50414556 0.66109663 0.9561461 0.24205633 0.22081211 0.55388844 0.8493473 0.7380372 0.7042314 0.49661356 0.4063166
0.71493304 0.2731577 0.45061573 0.47485438 0.16665897 0.7448874 0.91865134 0.5548858 0.72828865 0.9747613 0.6571858 0.24154493 0.95963514 0.09387034 0.5565764 0.34401736 0.7348438 0.87492615 0.5199477 0.38998803
0.7769494 0.5333857 0.83325535 0.34139788 0.9099766 0.40933663 0.6157391 0.26865876 0.49362454 0.9455174 0.92296344 0.6241816 0.2773101 0.61417246 0.73291403 0.33916512 0.89956164 0.36401886 0.86163026 0.9230731
0.18056993 0.9402114 0.75240165 0.9382782 0.49922726 0.5302595 0.46606523 0.8974456 0.369956 0.71804374 0.49171537 0.23565508 0.28760695 0.59063953 0.17008783 1.030156 0.73521155 0.2226078 0.4857898 0.96901786
0.65721804 0.24292016 -0.07961407 0.2490262 0.15802743 -0.090427205 0.1229208 0.7687193 0.85980564 0.45663843 0.06404114 0.74801266 -0.007885747 0.16556977 0.4807589 0.36562812 0.67793024 -0.090902515 0.8310552 0.7314967
0.8659467 0.6881982 0.253631 0.67023015 0.65396124 0.7991462 0.22270276 0.14553551 0.9880333 0.22059381 0.2216724 0.817758 0.8700809 0.9856346 0.6768151 0.70602655 0.14026436 0.1666559 0.5230187 0.8320274
0.13474499 0.8434212 0.50915587 0.11187594 0.7561621 0.2724119 0.9196842 0.93507946 0.11800163 0.1705969 0.6553301 0.38255468 0.84558934 0.4668896 0.31252638 0.09911143 0.3536011 0.36441073 0.16549605 0.29377836
1.0267638 1.0208796 1.0707757 0.491066 0.62128943 0.8532142 0.19496734 0.150672 0.58689016 0.8504352 0.2634729 0.4586779 0.62598836 0.48664555 0.55850565 0.91992927 0.89228886 0.57652575 0.2784795 0.8668643
0.6924299 0.5083255 0.7747705 0.08122948 0.10780199 0.9049699 0.19145504 0.0732161 0.43105504 0.94572663 0.657201 0.9444717 0.26168957 0.06411958 0.96245605 0.13140936 0.08574538 0.39716634 1.0185139 0.81774336
0.3663465 0.40046617 1.0632726 0.15469281 0.17017461 1.056838 0.99554724 0.7457312 0.8442021 0.20849848 0.4650345 0.22462371 0.7014386 0.24902691 0.311077 0.7542194 0.51578414 0.98454875 0.70221364 0.54335254
0.6350539 0.23237412 0.30256787 0.5723575 0.7838188 0.51938075 0.42512852 0.31366956 0.9167847 0.9879293 0.16844887 0.6486489 0.66265005 0.9810128 0.5184214 0.7852728 0.50048155 0.4411515 0.19419664 0.7661957
0.5354352 0.47850943 0.8608908 0.79347116 0.2777509 1.0617805 0.64389473 0.6562521 0.28636914 0.73051214 0.99722064 1.0380492 0.23478602 0.8406183 0.18159232 0.25153306 0.56632143 0.2851303 0.41301262 0.25348982
1.0687951 0.93320864 0.6641418 0.50352997 0.24177516 0.7942647 1.0993208 0.5151046 0.3937176 0.27803558 0.16457452 0.41247705 0.95215166 0.6873389 0.6089948 0.6907425 1.0227118 0.45583916 0.21967515 1.001124
0.40745214 -0.004374932 0.41096544 0.36879933 -0.027271317 0.6333826 0.24946307 0.015865752 0.66018856 0.59844196 0.768152 0.10305951 0.4852248 0.4491196 0.3564072 0.74758834 0.87828726 0.4754079 0.2760752 0.7332016
0.16822103 0.6610657 0.78289133 0.95979697 0.9127866 0.16140966 0.35361785 0.25857294 0.056978013 0.6395003 0.050599266 0.1593359 0.29219818 0.7479465 0.18564047 0.24913344 0.54863214 0.31288823 0.27806953 0.94156176
0.42965537 0.8607642 0.9975231 0.6323911 0.95699286 0.6230979 0.39878199 0.3055484 0.76504725 0.41007742 0.16383724 0.3017185 0.7114545 0.31208944 0.5825337 0.8380633 0.8815704 0.98774856 0.99588126 0.5714045
0.2659607 0.38227546 0.31328177 0.19205014 0.29621613 0.24174723 0.8338165 -0.021323923 0.1261109 0.31541926 0.8386855 0.7079965 0.07552461 0.3509846 0.62198365 0.48117366 0.2931395 0.30260563 0.1176074 0.47686866
0.61490786 0.65289724 0.50498164 0.55618733 0.26065922 0.9211846 1.0000072 0.30180487 1.1060869 0.8049321 0.94536185 0.6726162 0.21869749 0.38513762 0.26291093 0.39529082 0.7795827 0.41211236 0.9778794 1.0468659
0.27385902 0.77437806 0.15798831 0.10271097 0.5777234 0.024002861 0.24238431 0.8327369 0.49971598 0.5683809 0.6648937 0.13161606 0.7653651 0.6094468 0.84638244 0.0053371238 0.10404582 0.5440526 0.30797973 0.5530561
