0.66848 0.1403968 0.033559047 0.604226 0.6159488 0.84164965 0.17065929 0.7454069 0.80643415 0.2040133 0.58316004 0.6103247 0.10543228 0.34011784 0.45790836 0.4353788 0.6186702 0.5010429 0.854714 0.7107109
0.78434956 1.0104363 0.073219456 0.36096597 0.6412708 0.94247305 0.5839828 0.8453195 0.6329938 0.09592031 0.13080701 0.10995184 0.61009324 0.29518914 0.84444547 0.0960151 0.21438876 0.88133085 0.25459772 0.81626034
0.63427824 0.31410724 0.7631237 0.2319414 0.8456822 0.39310974 0.45241302 0.56647134 0.91482633 0.4588246 0.7328896 1.0509456 0.5854893 0.17523527 0.98608834 0.39271522 0.30327842 0.24485716 0.98665965 0.65502393
0.20836988 0.6400663 1.0148498 1.0083067 0.6288422 0.44878927 0.63920814 0.8202785 0.57968277 0.98956597 0.48540914 0.68864447 0.1232259 0.80765086 0.72034687 0.28210354 0.9381628 0.1495641 0.90645075 0.57419586
0.6562163 0.7327888 0.29923642 0.7186904 0.48316967 -0.04198864 -0.0016838184 0.34812808 0.7879288 0.7763203 0.32989144 0.7697952 0.852448 0.756563 -0.045901887 0.79216164 0.34134096 0.1457191 0.3671054 0.8195635
0.55013853 -0.077168055 0.8526551 0.3653122 0.33743247 0.68867517 0.06046573 0.40078753 0.39990982 0.73497134 0.4950511 0.75718254 0.22277674 0.45947844 0.15553685 0.6541577 0.65547884 0.17686193 0.19961214 0.71813834
0.91161495 0.83609486 0.80831915 0.42070088 0.40853348 0.6482999 0.6579651 0.46649522 0.38241443 0.43741208 0.3335743 0.29314393 0.5279062 0.50705594 0.3317321 0.9755094 0.9686506 0.31526342 0.90379393 0.39978352
0.91592574 1.0625386 1.0700414 0.6347956 0.31924328 0.14700481 0.21924035 1.0490471 1.0137578 0.17986697 0.40000206 0.6879839 0.41539645 0.3265275 0.7558345 0.18173617 0.5535254 0.7457946 0.32744727 0.49902445
0.59881413 0.3719243 0.9638684 0.43328264 0.4580715 0.16871017 0.20413458 0.37328428 0.44985867 0.20779034 0.7642068 1.033048 0.35298625 1.0015036 0.3082348 0.16503514 0.9763279 0.37575898 0.33088854 0.75590014
0.30588546 0.6233675 0.85608876 0.9127723 0.36528066 0.5414661 0.15562604 0.25168353 0.5396515 0.12126429 0.9518583 0.12697856 0.7000383 0.8776366 0.3519397 0.8619474 0.69068575 0.84799045 0.8571013 0.5148385
-0.06849071 0.39775777 0.40954244 0.815838 0.1908475 0.8892589 0.13214737 0.63476163 -0.024564536 0.48801315 0.80541986 0.5338158 0.65141064 0.5762747 0.4468278 0.7021145 0.07693703 0.6976705 0.27025545 0.18007004
0.5064271 0.75616896 0.6989198 0.37371805 0.37373367 0.8256536 -0.048201196 0.84055024 0.09799277 0.34145576 0.01008495 -0.0076332754 0.8509867 0.89279854 0.52708703 0.7994467 0.6303989 0.90592134 0.31820452 0.35066092
0.44823763 0.10475166 0.64374316 0.874479 0.20705767 0.14969441 0.09396431 0.7346405 0.1225975 0.26324415 0.58526695 0.35243756 0.8423382 0.7273946 0.66008985 0.82163554 0.7085735 0.85308224 0.855565 0.18926604
0.2082618 0.21677876 0.7817862 0.8301032 0.3480619 0.09541884 0.4007576 0.289329 0.54023355 0.42688245 0.50759315 0.28504008 0.5289198 0.8680018 0.4124348 0.5406518 0.36643994 0.90632206 0.8918411 0.62969214
0.47892895 0.3225587 0.5090591 0.7614309 0.6000619 0.055408116 0.4089472 0.85278773 0.72887915 0.5800974 0.19189064 0.549433 0.6701126 0.95324963 0.34958547 0.73465496 0.6407494 0.5472731 0.67291254 0.80807203
0.861371 0.30934638 0.4005378 0.9247346 0.5594547 0.5211139 0.4427255 0.56033057 0.9725334 0.1443063 0.13231027 0.76482815 0.43967336 0.5251634 0.7452016 0.15410273 0.09188786 0.46714047 0.748716 0.27654076
0.19053534 0.67708534 0.050541855 0.0027904047 0.79468185 0.22895537 0.6388703 0.46911556 0.8351139 0.33822623 0.82018656 0.32591057 0.3570589 0.073659636 0.82727635 0.14189 0.098402016 0.8327155 0.83498114 0.2536423
-0.017156174 0.248974 0.12718123 0.72828573 0.35262144 0.105588056 0.76178896 0.25143066 0.8100472 0.66523874 0.60318744 -0.0047685136 0.52726454 0.5728417 0.82632214 0.94063413 0.4083292 -0.0100015635 0.5296113 0.32381034
0.62692875 0.16193081 0.15906188 0.005356977 0.29958856 0.29263026 0.64092773 -0.09654702 0.70963794 0.36301297 0.06262346 -0.023450984 0.8232096 0.72163236 0.34209168 0.64075196 0.07967318 0.6658417 0.17136717 0.4776462
-0.011771723 0.30091026 0.7822065 0.64115906 0.11583084 0.61426324 0.76283 0.010830728 -0.038095802 0.296198 0.06125674 0.58891565 0.81275475 0.84772736 0.5919723 0.8972695 0.55085516 0.06819081 0.30173326 0.44828165
0.17784746 0.06102096 0.6077571 0.34276485 0.00026814194 0.1467414 0.6104983 0.041056957 0.6843521 0.636382 0.6045306 0.3351393 -0.11735626 0.45316127 -0.09355343 0.09256885 0.14908251 0.3330431 0.46960163 0.36830595
0.40214682 0.24139024 0.19728369 0.2798464 0.55849713 -0.07901023 -0.12747431 0.17907558 0.2623356 0.5505022 0.6628509 0.3295948 0.31608582 0.34784696 -0.06186853 0.48533246 0.015412106 0.5460648 0.24607642 0.41060278
0.63565904 0.73507303 0.2699345 0.53192556 0.62064254 0.13951111 -0.061111864 0.14854029 0.049640413 0.752698 0.6648743 0.07793929 0.11772489 0.008928229 0.69057375 0.18777056 0.7296047 -0.0313885 0.3357106 0.7318966
0.37069994 0.71342653 0.8013062 0.47349858 0.38671407 0.7602462 0.399266 0.18743533 0.12741704 0.58935446 0.24585979 0.8455646 1.0633048 0.33190855 0.40810987 0.27674285 0.9614584 0.13434334 0.20768826 0.7765101
0.5150765 0.9937553 0.8805409 0.4083141 0.8380498 0.85901594 0.13095169 1.0043379 0.2906536 0.60629976 0.27994826 0.96550894 0.9233901 0.18324123 0.23124118 0.21675819 0.8763779 0.20270023 0.85258144 0.2937435
