0.73153204 0.83737594 0.88421816 0.06951718 0.11489727 0.5728441 0.33395702 0.5114181 0.4220231 0.64817864 0.77147275 0.5732309 0.13964522 0.57427907 0.5300716 0.35488442 0.63408154 0.4130083 0.6935754 0.09767623
0.8533864 0.4852221 0.14470099 0.51442784 0.513659 0.16344047 0.4873355 0.49749386 0.41072685 0.44519296 0.22484505 0.10201519 0.7847267 -0.0048737326 0.6848599 0.47344255 0.8128564 0.73447937 0.797557 0.85746276
0.43309125 0.002444125 -0.019328477 0.481372 0.39218375 0.117677964 0.46466455 0.8628128 -0.06121872 0.88657993 0.25314385 0.12568665 0.7273632 0.14035968 0.8734559 0.7927872 0.70892984 0.47000188 0.2365032 0.77983755
0.18185155 0.9369173 0.7514469 0.88863313 0.54665977 0.5673478 0.15664527 0.6599067 0.06220588 0.17712553 0.4976483 0.16817436 0.42209804 0.84335136 0.078481376 0.3109693 0.66191596 0.3450156 0.2500857 0.2816548
0.1153451 0.5016528 0.21890728 0.6789394 0.89635485 0.27280098 0.18117997 0.8709827 0.7674191 0.8836115 0.5708605 0.19812578 0.8381611 0.7328836 0.3274182 0.5828721 0.015512067 0.5463533 0.55350244 0.49067682
0.030807862 0.7029323 0.47293535 0.1653384 0.46812347 0.65625745 0.29698738 0.57024646 0.8469436 0.47540578 0.8423585 0.81076163 0.41539085 0.9081388 0.20629065 0.29948938 -0.008862668 0.3269284 0.052628573 0.2904579
0.22790515 1.0485929 0.5378939 0.75319225 0.54038846 0.48735863 0.34976456 0.41068363 0.28197592 0.5375819 0.8353721 0.92804176 0.34557402 0.93412113 0.83617824 0.3896782 0.32846075 0.74881977 0.4697256 0.58182573
0.6223019 0.4898556 0.9834311 0.81407154 0.9228553 0.14099507 0.4147567 1.0447487 0.18429983 0.19914314 0.40318587 0.9525123 0.8742526 0.61001474 0.67411035 1.0004872 0.1667749 0.9393609 0.32933518 0.98143864
0.5202513 0.5933066 0.794286 0.29601464 0.5092923 0.42206135 0.932722 0.78728265 0.18325414 0.36375475 0.05287335 0.7961462 0.84494966 0.020667307 0.95549875 0.42188957 0.12894943 0.9557163 0.8031373 0.89173657
0.7661241 0.32661498 0.64578533 0.35895735 0.6725664 0.773994 0.47474593 0.74352276 0.48006302 0.870161 0.75984806 0.4691269 0.2019588 0.20644562 0.094232015 0.20512027 0.069213495 0.198175 0.05887306 0.06731231
0.92581284 0.056556694 0.89363885 0.35464385 0.14988016 0.45941293 0.049405802 0.8853261 0.24549693 0.38311484 0.9664835 0.9596083 0.25667813 0.18672639 0.916645 0.09434135 0.5743133 0.5168834 0.84842616 0.33415174
0.7756888 -0.018117087 0.06524965 0.81465983 0.3120273 0.20954457 0.38291836 0.8832695 0.57120603 0.8371287 0.82847226 0.8403987 0.32615787 0.451517 0.56930155 0.87226653 0.088048756 0.7234539 0.40203246 0.2591559
0.44257745 0.043327563 -0.19984677 0.59386027 -0.19602233 0.66543823 0.3764886 -0.14325608 0.13682526 -0.1395348 0.08422251 0.57704943 -0.071120694 0.41917768 -0.1330714 0.7314909 -0.08881693 0.18911064 0.4598142 0.48603395
0.57666105 0.9722097 0.088930726 0.1828483 0.37202898 0.97351164 0.8356603 0.3130074 0.16447586 0.03714335 0.56995916 0.10759456 0.3583341 0.43279156 0.34487292 0.75030667 0.4546013 0.76076555 0.1772934 0.046111286
0.6946094 0.2568782 0.62131774 0.30918723 0.65952474 0.9657221 0.5109507 0.7662092 0.5410398 0.103083886 0.6974693 0.46001378 0.33192712 0.65225756 0.11193987 0.8659095 0.3197533 0.34839103 0.44601482 0.5197322
0.5226446 0.5057284 1.0883077 0.4491909 0.46106413 0.68089885 1.0587139 0.70878524 0.91148555 0.68045557 0.6124282 0.20194769 0.87407804 0.24514899 0.5672821 0.5422999 0.30406553 0.6470553 1.098268 0.6161757
0.4120786 0.47690865 0.4360352 1.0527151 0.73145056 0.6008019 0.4629211 0.6363285 0.20630486 0.93900836 0.45660895 0.5575747 1.0600753 0.44306904 0.37413758 0.18043652 0.91914016 0.33383116 0.2962346 0.79335856
0.92858654 0.72193307 0.43665877 0.7620425 0.26699737 0.48670727 0.1824611 0.81076795 0.32431695 0.57168126 0.4932219 0.2890687 0.54160553 0.638229 0.615359 0.87256134 0.91884726 0.6485431 0.4674697 0.3640188
0.6576296 0.786427 0.96602803 0.5172379 0.13284987 0.91812253 0.7683828 0.9505849 0.18000802 0.12066731 0.10926508 0.5211751 0.19494906 0.40226337 0.84687394 0.9758878 0.9653947 0.1469918 0.7095784 0.40858245
0.82052225 0.6850377 0.32659477 0.44107798 1.0649095 0.6824306 0.7745361 0.55804193 0.51938987 0.99831253 0.64712214 1.0125078 0.37198713 0.17068759 0.4938556 0.452579 0.49045986 0.56856227 0.23725137 0.25901794
0.20962955 0.8603811 0.45400876 0.29176894 0.6767616 0.47639474 0.5761214 0.46665338 0.055029307 0.76470786 0.73237735 0.37162217 0.4494086 0.8645546 0.7449126 0.36215577 0.13346566 0.80178785 0.7681256 0.08081614
0.693764 0.71611464 0.09639701 0.55075634 0.04370544 0.69890964 0.5078792 0.46213946 0.51416045 0.26419258 0.66926026 0.36353043 0.687526 -0.03137387 0.4661672 0.0095257675 0.6571748 -0.06827866 0.764776 0.4375288
0.6004509 0.053068753 0.5346471 0.43995705 0.38637975 0.05570634 0.24622671 0.6169346 0.3897172 0.42817256 -0.0752095 0.5384136 0.20157035 0.2971238 0.69746125 0.23013392 0.49419475 0.059538912 0.6111308 0.29927713
0.57319707 0.47473675 0.022825927 0.48123267 0.75656545 0.4839609 0.23642223 0.002111698 0.39662802 0.8026975 0.2863878 0.8092132 0.4350826 0.25294885 0.46930805 0.27663139 0.33726242 0.67863816 -0.0047145723 0.6031191
0.4658374 0.81279474 0.14008236 0.67065835 0.13137254 0.5933345 0.36791348 0.13466428 0.5853156 0.18167193 0.7396193 0.6573526 0.19354995 0.8043238 0.10772674 -0.089933276 0.6780347 0.41391766 0.7280002 0.318669
