0.27639216 0.2841725 0.6031179 0.30186448 0.56197375 0.6318494 0.1354782 0.37980336 0.07508911 0.41540557 0.41818354 0.6854455 0.77733123 0.7441486 0.19408257 0.081758924 0.46830237 0.7968271 0.3944696 0.31800553
0.1509408 -0.21436256 0.7171272 -0.14372656 -0.14236118 0.47387066 0.3874414 0.25330156 -0.08324338 -0.12222217 0.26559982 0.17507963 0.50698227 0.68355656 0.27584016 0.21548343 0.33236516 0.010704385 0.35052687 0.29534772
0.42789197 0.7542201 0.8116692 0.099464215 0.80937773 0.6030152 0.3091186 0.34225938 0.76543933 0.06475349 0.66084427 0.74697685 0.6148626 0.63026726 0.4454817 0.4334212 0.38779667 0.85435164 0.17731635 0.21773693
-0.10158392 0.38869426 0.7832904 0.7243861 0.43782207 0.59854335 0.12492001 -0.086989686 0.8186921 0.31688192 -0.0690529 -0.04047856 0.5933557 0.46346256 0.26682702 -0.08185146 0.83223367 0.74554527 0.015355324 0.6367292
0.5695541 0.10284918 0.8103392 0.9670845 0.69862044 0.8919297 0.60567313 0.980726 0.35598397 0.8135301 0.27921456 0.30437684 0.82743233 0.5417537 0.2822289 0.24199107 0.97561723 0.49686873 0.2150089 0.5748909
0.4395427 0.49476492 0.36533207 0.121646225 0.116250075 0.68761784 0.6984035 0.825684 0.6508228 0.41367382 0.025321372 0.89663506 0.25179526 0.09130087 0.24499959 0.7169412 0.465284 0.38773644 0.40907618 0.25386494
0.088365056 0.22715554 0.5250385 0.7540519 0.26734728 0.77228755 0.5536358 0.56558186 0.92264766 0.101748064 0.5354519 0.33400333 0.34884548 0.7547647 0.27119112 0.9386101 0.5350795 0.54661727 0.5576627 0.625827
0.09122988 0.6150756 0.3115494 0.5788547 0.4281502 0.6744456 0.18520054 0.49208033 0.7319234 0.17461121 0.65377367 0.12911955 0.2073234 1.006108 0.48894468 0.34258434 0.75784016 0.22782405 0.5467377 0.12724786
0.20102169 0.9171936 0.7014017 0.75879675 0.0016348726 0.37583232 0.21196337 0.62923634 0.35037154 0.7580855 0.55274206 0.6087986 0.7487227 0.5942002 0.5954575 0.09915358 0.4592539 0.03911046 0.8212163 0.62243485
0.27690405 0.31717685 0.16548078 0.5590667 1.0620567 0.23180306 0.31362987 1.07893 0.68292755 0.44803366 0.27098307 0.7144366 0.49176097 0.26777336 0.31445545 0.19574854 0.88530934 0.9575937 0.16613473 0.73508275
-0.040122148 0.27741158 0.24662983 0.8199941 0.32406172 0.24561301 0.6835124 0.27704504 0.43053496 0.6462456 0.3598128 0.64004254 0.31506744 0.739792 0.41190547 0.031306684 0.54520965 0.1503583 -0.010171384 0.022790967
0.5588715 0.94633085 0.26962426 0.49702522 0.5620934 0.3796606 0.49237463 0.8202743 0.7019439 0.36102664 0.9057713 0.21416885 0.6967002 0.77756196 0.5390702 0.8035405 0.16521662 0.23637715 0.099375 0.09326869
0.18707924 0.16199216 0.44380918 0.62237746 0.36528787 0.097955935 0.64839375 0.3543669 0.19784527 0.44888166 0.55527115 0.7124506 0.15843755 0.359986 0.6740464 0.7244989 0.75352937 0.6528267 0.6541855 -0.16963413
0.16443771 0.84009993 0.4865201 0.22252962 0.74133587 0.11096462 0.63297594 0.7235683 0.12244521 0.042307273 0.5935603 0.658818 0.93939054 0.69549775 0.30650944 0.37408686 0.25627378 0.900612 0.5619348 0.7264722
0.9558 0.060889456 0.054452572 0.81442404 0.6699723 0.50293624 0.30483106 0.7553937 0.9608595 0.29779086 0.37909827 0.8335015 0.050570685 0.6165708 0.051993467 0.88852596 0.40415663 0.25815 0.17476287 0.82936543
0.7086872 0.33300963 0.4591393 0.055904433 0.70778257 0.4542339 0.13766025 0.80833536 0.092943855 0.27652726 0.8854576 0.1700971 0.35921088 0.7938618 0.15981446 0.7823389 0.35421652 0.23127916 0.20207356 0.6681603
0.59477264 0.2871188 0.5056491 -0.04240697 0.64218974 0.25333133 0.14061692 0.11867222 0.5945324 0.17435518 0.30750933 0.5853993 0.66784286 0.8936087 0.67405486 0.198483 0.6092352 0.75783217 0.58071053 0.10839194
0.3807739 0.78427887 1.0047865 0.84630114 0.86629575 0.2739227 0.72339624 0.21332459 0.8006833 0.272832 0.2705536 0.5678062 0.14555153 0.1562875 0.5258421 0.41780597 0.75771743 0.3026054 0.8264266 0.11612633
0.43014497 0.99150497 0.72751963 0.39588606 0.80108446 0.72852844 0.9853587 0.422227 0.1475958 0.71535134 1.0612066 0.21743123 0.7400554 0.31274706 0.30630735 0.34250757 0.46211424 0.3117623 1.0045033 0.23771015
-0.03267366 0.331429 0.60317343 0.9052733 0.34136635 0.7004462 0.0867983 0.82520115 0.9126067 0.27691165 0.8840848 0.46519062 0.092110194 0.82442343 0.5466514 0.7492194 0.5930404 0.67386305 0.30177948 -0.029989833
0.36959034 0.50762933 0.08976311 0.33811644 0.49733806 0.22213113 0.09248805 0.55258816 0.5571046 0.5691953 -0.0070905634 0.6524206 0.81924796 0.18812332 0.26901042 0.7132257 0.59131825 0.92565364 0.39564434 0.35434654
0.3863111 0.77822816 0.2625567 0.7409091 0.6176131 0.313847 0.022446483 0.6265914 0.44089314 0.6372512 0.14305498 0.7481659 0.5657149 0.12475005 0.5567087 0.39187488 0.51860064 0.36875287 0.105205655 0.34889153
0.6850503 0.48884404 0.4202729 0.73487103 0.88649106 0.7476969 0.6685205 0.15127029 -0.017863829 0.0487977 0.26082858 0.82887 0.36171305 0.63635576 0.45753062 0.3715642 0.530075 0.29025808 0.75849426 0.7015109
0.48787895 0.44328466 0.41590977 0.3013065 0.46351013 0.83456373 0.3422019 0.7898296 0.30409783 0.5503453 0.2830961 0.66924876 0.30365163 -0.11463125 0.5959274 0.6041581 0.37545374 -0.017920667 0.5037846 0.50085145
0.16807266 0.3766935 0.5371943 0.8348465 0.30229503 0.7628476 0.2805692 0.5267815 0.70242673 0.16204901 0.15765105 0.5992848 0.30261254 0.6761443 0.82843935 0.63705826 0.4302873 0.39028955 0.8134768 0.5987416
