0.7547886 0.19526154 0.9166232 0.24648555 0.418872 0.78978753 0.8003827 0.6918751 0.85536206 0.7981452 0.17805265 0.42562363 0.38185847 0.6634773 0.80614865 0.7857602 0.77651095 0.6634298 0.3643273 0.12974589
0.55712247 0.39466143 0.46651894 0.8926296 0.6850696 0.60217786 0.84492755 0.16366327 0.23624267 0.5799271 0.6230091 0.84359294 0.37836844 0.14201254 0.85714644 0.019776406 0.76479375 0.5134535 0.9619816 0.94068223
1.0883158 0.8719928 0.4987924 0.3080075 0.45107496 1.0809723 0.66871053 0.93230826 0.866467 0.44080034 0.5811665 0.9705567 0.54653937 0.20702863 0.17888325 0.2891999 0.27770883 0.38138872 0.3444205 0.6540754
1.0483675 0.8983611 0.28146535 0.27634665 0.81755316 0.66941464 0.26624987 1.0422204 0.1906849 0.59954864 0.76863265 0.9426984 0.29509735 0.6267772 0.8638063 0.62281317 0.17436431 0.32601407 0.8672641 1.0518596
0.8330194 0.94927746 0.80820584 0.28571033 0.8063907 1.0410033 0.27612457 0.745803 1.0664893 0.2661677 0.81807035 0.28198767 0.2185471 0.9313978 0.39147195 0.56570584 0.48370078 0.24134962 0.70378304 0.8770307
0.56962097 0.8876605 0.93227184 0.69893014 0.40211415 0.8743365 0.9143415 0.15718739 0.49782372 0.7358833 0.3907994 0.22605145 0.4604531 0.8244731 0.67176694 0.12235464 0.6533132 0.56310517 0.34464416 0.5644061
0.7755446 0.6085722 0.5715542 0.08848366 -0.05353193 0.5244566 0.41364112 0.28925467 -0.09627974 0.75341964 0.51322204 0.329584 0.741665 0.6373099 0.04987819 0.1759332 0.67380387 -0.04955233 0.29709035 0.06732008
0.7705466 0.93838954 0.8858212 0.62998253 0.29866558 0.9664367 0.310252 0.38046417 0.46214324 0.44933388 0.56956697 0.3597217 0.8381006 0.24365194 0.14828458 0.6329794 0.066679314 0.82194257 0.14944495 0.31553733
0.91685617 0.17777523 0.28992304 1.0207059 0.8533983 0.8788093 0.29023775 0.13416527 0.29714292 0.70927477 0.47484535 0.57406324 0.8316204 0.18213034 0.24068065 0.17867704 0.8172956 0.48073456 0.39591965 0.25360733
0.8785319 0.45923263 0.9920793 0.22751872 0.20620078 1.0596693 0.6654623 0.82259077 0.8893874 0.86103714 0.30914897 0.4154209 0.48163646 0.82949054 0.2662878 0.5270376 1.0280796 0.47568455 0.4767769 0.8327612
0.85057825 0.33480603 0.7093992 0.8550694 0.92368627 0.43520415 0.4990345 0.55524784 0.078526914 0.18698849 0.5771302 0.8264073 0.5715665 0.16486688 0.9715868 0.65594065 0.49429303 0.08983686 0.8737951 0.944945
0.75991344 0.30659088 0.6311162 0.86055565 0.46772623 0.36174008 0.82596016 0.7627218 0.3603258 0.5834783 0.47779807 0.8018369 0.28413907 0.35089287 1.1200098 0.34989664 0.9971464 0.4796357 0.408422 0.31650916
0.27318048 0.72275805 0.761696 0.87846845 0.20958866 0.8268243 0.842859 0.52973485 0.63537395 1.0171024 0.22141401 0.67990553 0.6265067 0.2466369 0.32738173 0.7402457 0.6211026 0.19169858 0.19320223 0.8422619
0.93723994 0.9638204 0.8813527 0.61564827 0.24496436 0.84868515 0.28086853 0.64572 1.0482131 0.49776143 0.41485384 1.0197948 0.4455232 0.8469956 0.582128 0.3068828 0.65306866 0.84667736 0.48527253 0.20884572
0.87356955 0.174412 0.78564626 0.15367796 0.5185202 0.30235276 0.90632665 0.81866705 1.0106366 0.4394078 0.3418078 0.4992569 0.35464168 0.44727677 0.46950546 0.33355868 0.866918 0.18253653 0.09504799 0.35686272
0.63887215 0.49101457 0.50033814 0.67710215 0.27418476 0.8515761 0.17542586 0.60083055 0.6383775 0.30862337 0.5905764 0.4143972 -0.013828684 0.09059508 0.045501478 0.24229552 0.7531461 -0.017442055 0.59545326 0.85248303
0.9961221 0.62947625 0.77710235 0.22512378 0.13958254 0.034386028 0.35276046 0.674968 0.47434664 0.9927826 0.45087293 0.5104863 0.44220346 0.90971977 0.28882065 0.55771285 0.15778223 0.83103615 0.44426706 0.20712735
0.3564134 0.47825974 0.74484587 0.863023 0.7829701 0.544958 0.98518413 0.34097448 0.8423534 0.8704073 0.5277026 0.9368477 0.29159084 0.5669153 0.52667284 0.9040073 0.6748943 0.19736737 0.30181336 1.0384291
0.7532518 1.0016438 0.5613307 0.3069604 0.050597258 0.8484462 0.22382015 0.3098265 0.3826962 0.84672576 0.095588915 0.64186066 0.22659835 0.2201591 1.0092089 0.086889125 0.7538763 0.26264125 0.44726312 0.95842665
1.1067002 0.64956945 0.84813046 0.2193612 0.26892683 1.0280563 0.34186992 0.6170061 0.9063057 0.3356995 1.1379163 0.93666154 0.41380182 0.3194167 0.40428662 0.37687284 0.5551123 0.35898498 0.29099852 0.49572834
0.70353246 0.21476166 0.56292343 0.5203678 0.36710548 0.7087695 0.6804041 0.8457035 0.56408644 1.0196387 0.6267301 0.25300726 0.119546406 0.13304509 0.17869434 0.9841393 0.88757807 0.3813415 0.79924613 0.83002
0.3207013 0.25904897 1.0774667 0.46177498 0.9489744 1.0120384 0.37738797 0.21827878 0.7889429 0.53294986 0.8758876 0.7684197 0.24995697 0.5239046 1.0494026 0.47222832 0.49389103 0.32967085 0.3046748 0.398591
0.91254026 0.07501933 0.9434171 0.7257733 0.7726726 0.28796062 0.36382714 0.8660819 0.31127435 0.7164112 0.5112463 0.48273405 0.31961375 0.882406 0.9216242 0.06469656 0.12260844 0.66085595 0.7685284 0.9169569
0.08678375 0.3554934 0.8507154 0.43611905 0.29703075 0.513019 -0.062464915 0.79477495 0.35412833 0.019399764 0.8658417 -0.07451541 0.3289092 -0.06388709 0.38424316 0.46200866 0.76566786 -0.05294659 0.37073395 0.6894552
0.20878589 0.99882156 1.0501155 0.93727756 0.52878827 0.85701776 0.3392002 0.6082607 0.79774594 0.7247507 0.8499837 0.60570717 0.6373388 0.65664285 0.84044003 0.3105891 0.92979795 0.3074218 0.22310774 0.36776474
