0.14874542 0.97352946 1.0246835 0.1750209 0.8226329 0.6251531 0.68294615 0.37423912 0.5559559 0.19134422 0.4717413 0.7121907 0.3863917 0.57250947 0.46662638 0.23099911 0.8082845 0.70367926 0.8423519 0.50542307
0.08895913 0.49175546 0.44387412 0.82499486 0.7234012 0.108197436 0.6787202 0.36195692 0.3207371 0.42417574 0.1414071 0.81150496 0.7111483 0.28943998 0.005459132 0.026437663 0.46333155 0.8205901 0.45823267 0.66983914
0.3538918 0.94342935 0.824063 0.64684963 0.1376562 0.91157556 0.919488 0.8479704 0.74704254 0.9705577 0.78580236 0.95690584 0.54695135 0.15289378 0.7674234 0.08849112 0.40880835 0.09082588 0.36955175 0.09179847
0.500648 0.71257377 0.84622693 0.5409927 0.9785405 0.15318689 0.66140217 0.6619017 0.23508652 0.5628919 0.5792138 0.8889483 0.79156095 0.49931803 0.38743806 0.54184 0.49012855 0.72026384 0.497132 0.34176487
0.6031736 0.5925222 0.63888305 0.59557897 0.46746707 0.7864829 0.29118124 0.43917784 0.7926209 0.4375157 0.60727876 -0.060015317 0.79814374 -0.0446117 0.7839267 0.15374093 -0.10939972 0.021966886 0.057415206 0.71178794
0.64408416 0.6925067 0.49946588 0.6442164 -0.0068380837 0.26922393 0.77833056 0.8576487 0.16125175 0.8667503 0.10680736 0.7734597 0.08176855 0.5745088 0.07174544 0.023840766 0.36841777 0.41878557 -0.00057431875 0.9318139
0.91573876 0.65705526 0.9497216 0.25112754 0.64841014 0.5375966 0.60235345 0.726812 0.45491967 0.26288477 0.17955533 0.32233584 0.68637896 0.3319757 0.17158781 0.33451784 0.12410699 0.23629487 0.81427485 0.72627443
0.23996396 0.90413517 0.84702927 0.52357405 0.5318273 0.3183574 0.2292978 0.18305853 0.84234416 0.2609088 0.7691483 0.0024602038 0.51999897 0.23658602 0.6003009 0.59134185 -0.019160602 0.6893161 0.008758868 0.38879547
0.14125594 0.38562486 0.65129364 0.18607928 0.9921686 0.97201383 0.33954042 0.82815784 0.88728166 0.6468928 0.74042106 0.14236514 0.46658146 0.78579587 0.5142964 0.7099267 0.36614424 0.64081216 0.55373317 0.4588789
0.45739296 0.63325375 0.9593962 0.8165656 0.7909868 0.99702656 0.14963326 0.8511248 0.48167375 0.9768518 0.6799157 0.4378766 0.5948738 0.1891285 0.6933184 0.17144462 0.8790338 0.53256214 0.66036683 0.801596
0.3523393 0.6571542 0.19257128 0.3826683 0.13465436 0.13027264 0.20247638 0.29096243 0.6367116 0.94716936 0.22260876 0.092732064 0.6944068 0.4273015 0.24292505 0.5395353 0.19557115 0.8142919 0.78679335 0.6284491
0.018544847 0.4744645 0.2829209 0.065871805 0.53756136 0.85669905 0.25125593 0.7176034 -0.0917353 0.16996405 0.47420648 0.65687954 0.84426993 0.48173943 0.6374156 0.7796087 0.76077116 0.3648344 0.19260143 0.095904894
0.91665244 0.8777301 0.2615776 0.6946404 0.5544026 0.8273512 0.4236729 0.46554044 0.5313565 0.4185239 0.78159714 0.36680615 0.75622016 0.8136979 0.1829942 0.59999937 0.17814142 0.36645508 0.96551013 0.41927823
0.690304 0.87592936 0.8075816 0.4514113 0.37457725 1.1234822 0.6622588 0.27547953 0.6192749 0.37867782 0.77684623 0.1745103 1.095588 0.9265453 0.7436822 0.31788948 0.98072875 0.17212756 0.75146925 0.40740448
0.6150012 0.65089864 0.8255291 1.1197248 1.1006825 0.28432918 0.36554682 0.71598095 0.69395095 0.6003177 0.683984 0.33045232 0.5415805 0.4545531 0.67660815 0.32689673 0.49175528 0.7870625 0.3805886 1.1944158
0.86447906 0.7610467 0.43762264 0.21694526 0.7650904 0.85793144 0.74493337 0.13477579 0.641409 0.44175136 0.42556107 0.5173694 0.2484818 0.90561044 0.408677 0.4142004 0.9111011 0.4324127 0.36168468 0.9026921
0.40153357 0.6911592 0.8837626 0.83761597 0.36768287 0.42443198 0.5461566 0.17216589 0.9947914 0.7162402 0.8144253 1.0227792 0.9445319 0.744652 0.23905148 0.6638224 0.5386775 0.5259469 1.0248157 0.36356318
0.53802323 0.19610833 0.20747072 0.14388192 0.92678404 0.792036 0.1410815 0.17323658 0.62281877 0.6857742 0.23128313 0.33250833 0.9332981 0.23438741 0.9148675 0.7092823 0.8721728 0.64503807 0.03211606 0.77069265
0.39320228 0.45004427 0.5587883 0.96144176 0.8337203 0.17658459 0.9155301 0.53749484 0.08556718 0.4080682 0.80351436 0.9874052 0.627146 0.7585447 0.52766395 0.5291828 0.55544096 0.53332466 0.31960636 0.3608174
0.93232036 0.5820936 0.9286314 0.3986183 0.24429981 0.6699958 0.8993624 0.8566692 0.68009347 0.86830467 0.93117815 0.36038947 0.23835206 0.24225795 0.31380793 0.75184864 0.24435303 0.9018215 0.34632856 0.3195324
0.8413999 0.91921806 0.5268931 0.86755246 0.45562315 0.33489427 0.00060327374 0.1977982 0.7743716 0.117934436 0.8571196 0.60697824 0.7875226 0.6412451 0.035612 0.702297 0.83148855 0.6500912 0.641373 0.85449445
0.89023876 0.84973127 -0.019556021 0.33048397 0.8309991 0.4904182 0.040123593 0.6760161 0.8544101 0.63996625 0.7125147 0.09352441 0.81986254 0.5829808 0.43596092 0.9071968 0.16523132 0.30888066 0.3806181 0.25428197
0.7234493 0.0641031 0.1327289 0.060283594 0.40128675 0.2519238 0.38625976 0.37098122 0.9211202 0.3830861 0.86471796 0.2900016 0.10873063 0.32844374 0.51012033 0.68265665 0.3022687 0.14250629 0.9270364 0.7933225
0.39058945 0.9416067 0.4300176 0.36713237 0.421102 0.20250641 0.7535909 0.506961 0.79378086 0.92820233 0.91447324 0.27531034 0.17029488 0.44196233 0.49080294 0.72895753 0.13249163 0.429327 0.6581665 0.3333012
0.8652368 0.20781112 0.1831713 0.88461363 0.7335692 0.46891555 0.6561952 0.8718199 0.20918056 0.38616893 0.8275179 0.13883238 0.50329924 0.43936956 0.8246242 0.5691178 0.84304136 0.7693056 0.78755915 0.19140413
