0.39259097 0.54728866 0.1308821 0.16180709 0.67846674 0.17430069 0.606514 0.19500034 0.7165538 0.47526437 0.78041357 0.8863474 0.100860015 0.7680065 0.48329931 0.07942336 0.5324826 0.42050713 0.10470735 0.56659275
0.12558812 0.9480355 0.83811194 0.80359775 0.60209036 0.066516526 0.32395774 0.043082632 0.9291899 0.046120327 0.7259746 0.8170593 0.31760865 0.49953106 0.40244508 0.232095 0.56654304 0.96593726 0.15102628 0.77761126
0.5711273 0.20202982 0.78243876 0.728765 0.18369469 -0.114291415 0.6662081 0.054035477 0.28164816 0.6159773 0.3303579 0.4667025 0.49438667 0.7793263 -0.13995953 0.49509308 0.49859837 0.5756423 0.62268084 0.61449194
0.23794878 1.0011221 0.6670623 0.31532946 0.9020346 0.60214853 1.0261128 0.6659159 0.79329574 0.98307097 0.82596785 0.34452826 0.35859594 0.5473672 0.552612 0.52605057 0.18539134 0.6340111 0.1115476 0.24324434
0.04171418 0.49906215 0.7592549 0.7925393 0.8258905 0.26798874 0.17610036 0.7072746 0.50562364 0.20501758 0.79015905 0.74139506 0.026142627 0.6898452 -0.09471151 0.7689389 0.36542735 0.22983153 0.46200103 -0.026825503
0.75054467 0.5349391 -0.020031884 0.0397334 0.51325697 0.7504685 0.1485644 0.21194054 0.11267498 0.8213401 0.84379125 0.6435669 0.71914756 0.75442505 0.41748908 0.011708167 0.38970613 0.6911489 0.034613725 0.24088936
0.9217492 0.12189852 0.46767828 0.3271079 0.33506462 0.31840494 0.18757658 0.9122406 0.7329694 0.9679878 0.154172 0.7618646 1.0617285 0.162494 0.34046143 0.40654108 0.90038604 0.3503843 0.3164311 0.3016717
0.21286374 0.590859 -0.042574614 0.40995875 0.63729125 0.6785729 0.15532964 0.6869908 0.37454483 0.095318705 0.26579234 0.14635651 0.8284879 0.09763254 0.7918143 0.2605999 0.84887147 0.4072122 0.69716996 0.54692155
0.71909374 0.76395166 0.1269543 -0.11788198 0.6259465 -0.09172586 -0.14091435 -0.045160405 0.07909323 0.3841999 0.42108527 0.45432878 0.2543512 0.16779266 -0.00785281 0.30058873 0.59075826 0.31519818 0.3507256 0.5726918
0.42092666 0.48773655 0.058990084 0.0738493 0.40080366 0.75929976 0.7058202 0.63931787 0.10240546 0.4514989 0.6401177 0.030360872 0.6023909 0.47827968 0.6715489 0.34164253 0.83747905 0.7530888 -0.09607096 0.44758
0.37896383 0.030004885 0.5577417 0.730094 0.17634633 0.026610438 0.2825971 0.22797157 0.77850056 0.27206787 0.71787274 0.69324493 0.8655374 0.14859205 0.70502174 0.7637267 0.2117257 0.32332557 0.7277973 0.03567862
0.29356727 0.41350836 0.02224456 0.47728375 0.23344947 0.86844397 0.3838735 0.3850949 0.7927394 0.30018225 0.5020281 0.56523836 0.7121463 0.5415184 0.39211407 0.17986953 0.28577414 0.5968211 0.2653406 0.57940304
0.56599224 0.32285747 0.88534355 0.5799343 0.72619545 0.20368798 0.73776484 0.91245437 0.20098343 0.749273 0.5599273 0.2931359 0.251729 0.16821572 0.29020473 0.25001642 0.528691 0.76368207 0.44727108 0.6711642
0.18860611 0.8051447 0.7960877 0.9865784 0.6409318 0.3011326 0.3986007 0.54929495 0.12232946 0.54975545 0.20482494 0.76144606 0.76542646 0.96343654 0.50755167 0.9990986 0.4375254 0.74590933 0.6260746 0.17758158
0.12254417 0.5200076 0.6248734 0.12910514 0.7710391 0.56671035 0.63913405 -0.069828086 0.07397151 0.54741144 0.17397468 0.48668897 0.5415999 0.3172626 0.7825212 0.67721677 0.48157555 0.5436761 0.048182726 0.68413806
0.6973256 0.69169205 0.7381668 0.53669864 0.4481812 1.0102121 0.12726475 0.22039834 0.32958248 0.41791606 0.48988393 0.23744763 0.5664437 0.32753533 0.9627156 0.10537105 0.79252017 0.19593604 0.4253683 0.6553439
0.9300377 0.3453503 0.39541072 0.7731712 0.24601167 0.23504707 0.0958102 0.6085902 0.23868847 0.6127179 0.85162616 -0.0057249703 0.4338157 0.7429987 0.23294874 0.46828547 0.30169493 0.68762183 0.27604154 0.11577568
0.008398519 0.20523144 0.8655888 0.69351107 0.35812867 0.13851732 0.5214399 0.72508776 0.09199009 0.58766407 0.23234582 0.38913172 0.0039977795 0.5966223 0.29206443 0.47603223 0.756855 0.24821864 0.8102755 0.6507379
0.7251896 0.28160423 0.3603244 0.5327319 0.95629895 0.7732788 0.970889 0.7785382 0.7688948 0.5615915 0.33306122 0.81992793 0.5786607 0.7723809 0.2786155 0.2415169 0.51462513 0.8547864 0.20396289 0.21737017
0.5380519 0.8132971 0.10914217 0.65674186 0.25858825 0.88099813 0.41451818 0.6684073 0.37367916 0.37619126 0.20693484 0.5186013 0.11105312 0.96680015 0.7398768 0.8610468 0.20605409 0.420247 0.20719416 0.5566115
0.5873424 0.7132221 0.13877945 0.30648673 0.6739994 -0.124135606 -0.13722803 0.56156003 0.24046157 0.040501658 -0.048818097 0.31770158 0.16374072 0.61948884 -0.08115065 0.4684284 0.51400256 0.5953255 0.20797877 0.010351611
0.50068223 0.55379283 1.0009767 0.43437687 0.07874403 0.19116545 0.12466038 0.94483125 0.890872 0.4317208 0.33907047 0.36111256 0.67432123 0.4269119 0.3952501 0.17451282 0.3612977 0.6102578 0.15346451 0.06540964
0.19723582 0.43755254 0.22984943 0.36562207 0.09391028 0.11148893 0.8032549 0.3322392 0.12528197 0.9467765 0.28502145 0.85434514 0.9561303 0.45761153 0.110553995 0.5008408 0.08460688 0.45168048 0.9549758 0.33080372
0.33830768 0.88106716 0.4686955 0.039640337 0.79087114 0.5802904 0.04683176 0.8745406 0.634258 0.32007858 0.034673974 0.05147397 0.68973047 0.72994727 0.43011048 0.28694874 0.26233193 0.74973744 0.77652925 0.89825153
0.47415814 0.064911954 0.43179256 0.3435857 0.6052619 0.35077724 0.7280126 0.17532788 -0.02144057 0.03008622 0.044061355 0.23869951 0.88913125 0.22061127 0.5400538 0.85403574 0.6710469 -0.047463816 0.47367483 0.3200642
