0.9012251 0.89574665 0.22093521 0.25850677 0.48291326 0.5277979 0.4734002 0.48339978 1.0187284 0.40586862 0.7693394 0.31396744 0.22459584 0.6335522 0.3331146 1.1165035 0.7352272 1.072719 0.40457696 0.25123185
0.6155236 0.35300374 0.73979294 0.49962524 0.8022121 0.05825832 0.4193439 0.39499068 0.25188002 0.48765853 0.7914293 0.67086285 0.018210877 0.2575283 0.5862581 0.053505227 0.4371342 0.25015798 0.21017483 0.5903039
0.15949392 0.79095393 0.1349436 0.81663454 0.22849792 0.6940334 0.8449997 0.36018726 0.56324273 0.4177789 0.9579898 0.011224041 0.3634345 0.37619352 0.71419173 0.33847806 0.104355894 0.41901937 0.054513026 0.49357128
0.8643813 0.4118205 0.33580178 0.37890372 0.09575314 0.04780014 0.89896286 0.5685891 0.06542521 0.46380115 0.8854388 0.5139871 0.669267 0.8099543 0.17664361 0.50901204 0.74716586 0.9367811 0.25078005 0.30150983
0.931469 0.58372515 0.1152223 0.07485509 0.48401022 0.1947827 0.40518862 0.38416442 0.97539693 0.21574582 0.61497307 0.79272205 0.68750674 0.3409106 0.6255958 0.24036013 0.9487978 0.53217125 0.24403247 0.8011238
0.9623608 0.22899199 0.51201904 0.22933634 0.2727058 0.28874803 0.2217273 0.85636795 0.3886194 0.16725193 1.0149719 0.3153598 0.9303119 0.44368324 0.516086 0.7695488 1.1051015 0.29292268 0.31912118 0.23623112
0.36233938 0.09937666 0.21025208 -0.03888485 0.76184523 0.047081333 0.34618744 0.84885013 0.8398955 0.63840246 0.5122827 0.2782954 0.4962482 0.5343656 0.5200845 0.36220995 0.16049647 0.044671122 0.054207828 0.25679764
0.81998414 0.07884607 0.8674988 0.70696145 0.22900486 0.40625766 0.18427357 0.6985088 0.37931737 0.27550346 0.18315506 0.037501726 0.14786 0.6274301 0.35601065 0.9193494 0.49405223 0.17742741 0.8282835 0.2943835
-0.09335472 0.14487323 0.28070635 0.44338855 0.23381175 0.33565867 0.7150233 0.70064014 0.3400303 0.30039993 0.5203282 0.13704965 0.5255284 0.32957217 0.4654695 -0.108714275 0.67390776 0.63868713 0.4918117 0.06571534
0.77744657 0.50569516 0.2374428 0.5144625 0.7079801 0.16284487 0.567102 0.08393625 0.7012509 0.14926966 0.06344804 0.8711253 0.45935303 0.6039627 0.5294745 0.23906061 0.3829291 0.19541612 0.6745723 0.26970613
0.1828594 0.43318558 0.35203424 -0.035197042 0.833358 0.60723275 0.7533162 0.69465584 0.69509375 -0.05833397 0.7848781 0.41560802 0.099976555 0.5113391 -0.065518275 0.59510577 0.41649055 0.05597118 0.4265604 0.8518804
0.5839563 0.9820304 0.101679884 0.8813733 0.94553053 0.3575662 0.6008225 0.3980436 0.12888262 0.8627003 0.71480685 0.89391357 0.21704316 0.18511938 0.7796544 0.34606683 0.3913488 0.74283403 0.8934593 0.4720582
0.516969 0.77194923 0.9232616 0.22634155 0.5054809 1.025616 1.049478 0.90917087 0.2988151 0.09731041 0.34594858 0.50383055 1.0483558 0.7729242 0.38395658 0.45337245 0.15206349 0.2794827 0.9134178 0.31403756
0.24582587 0.27215314 0.5220013 0.73561573 0.12905945 0.99675053 0.22721016 0.88714075 0.19712473 0.91183496 0.89596385 0.68927 0.3739342 0.6101969 0.7423753 0.21687035 0.8514461 0.30433124 0.75862247 0.8281823
0.29077747 0.22686893 0.60502917 0.40932372 0.4705742 0.8610519 0.6806248 0.99115974 0.13731635 0.25121352 0.8276854 0.46964437 0.70668864 0.62736773 0.15161453 0.124177784 0.21604809 0.8642406 0.5402486 0.72118443
0.7975949 0.27587658 0.33321443 0.045596782 0.08531268 0.7990372 0.6230493 0.5996512 0.014143907 0.52830386 0.6876989 0.41994435 0.8501257 0.4594488 0.3624259 0.86989623 0.8728447 0.3300798 0.68412554 0.6378872
0.5799499 0.5495907 0.7535206 0.6916387 0.05127263 0.76536924 0.0050371904 0.6505659 0.7906185 0.16326867 0.59473866 0.7478506 0.6494932 0.31669468 0.47393095 0.010314295 0.8265203 0.37990728 0.7473381 0.36666083
0.2261298 0.5424719 0.23940143 0.90227175 0.94283634 0.7193241 1.0652778 0.91688555 0.49605975 0.8526114 0.44744444 0.8803641 0.3221409 0.39216715 0.20544493 0.34524766 0.7217765 0.51527405 0.42533028 0.24442013
0.12150066 0.48348096 0.26452073 0.8808551 0.75725764 0.071826555 0.8760156 0.8108545 0.19230045 0.9411298 0.325752 0.6675782 0.056606613 0.32562253 0.12169339 0.6419573 0.7515577 0.7785086 0.699259 0.26416937
0.3718675 0.5066542 0.8139427 0.92517614 0.74560004 0.50074965 0.5921666 0.682215 0.9230552 0.4577652 0.4870126 0.53615975 0.4585694 0.61565435 0.40836233 0.15029338 0.06361275 0.45360342 0.8274882 0.8691674
0.66212636 0.52130634 0.52172494 0.07799074 1.0141146 0.9798757 0.9949715 0.71083754 0.47503054 0.6836682 0.99482936 0.29871485 0.70573694 0.6105416 0.16938722 0.52478135 0.2223771 0.4985343 0.4803972 0.43073922
0.40445265 0.010801194 0.947208 0.21174523 0.07130938 0.501298 0.021964045 0.93674225 0.3343935 0.3165698 0.782993 0.20805503 0.12335172 0.47227994 0.5044835 0.24737857 0.53031546 0.8981662 0.7589228 0.3001293
-0.033837955 -0.016452638 0.2875874 0.38726655 0.56211966 0.4705523 0.4585896 0.2615896 0.39118037 0.21663554 0.81255645 0.19880916 0.83698463 0.16638187 0.42675066 0.050830856 0.47999695 0.76977414 -0.06970828 0.5728607
0.42579496 0.34505007 0.16587523 0.6992152 0.3739269 0.91995114 0.8535818 0.6502931 0.35315517 0.52960277 0.79930854 0.28998402 0.8706573 0.3933789 0.916402 0.44886324 0.46985915 0.8644993 0.56337786 0.37686893
0.10067905 0.99959296 0.6258708 0.13496672 0.990529 0.5633783 0.56971955 0.63149834 0.59823614 0.2595142 0.4248923 0.2011012 0.4974233 0.4468991 0.22382067 0.88897544 0.9929471 0.8387503 0.9608031 0.50395924
