0.5742094 0.11345635 0.4942691 0.16636443 0.43083265 0.7975207 0.22873494 0.12810495 0.15220931 -0.02044774 0.2596082 0.5998057 -0.11345957 0.80146044 0.6698347 0.3094557 0.055660907 0.49842498 0.45579016 0.49769124
0.14646818 0.64168656 0.6673829 0.12469367 0.27031124 0.3497882 0.6082853 0.21590157 0.009696616 0.49578375 0.72555894 -0.101986796 0.04053637 0.0384394 0.7165271 0.6374717 0.462892 0.28491905 0.10149194 0.7119635
0.79543453 0.8229888 0.83629584 0.47854874 0.82277924 0.75927746 0.16928847 0.46298254 0.77559733 0.6570902 0.37938538 0.33821344 0.038567528 0.07633181 0.37027207 0.06631061 0.59006596 0.82153445 0.095412485 0.7760969
0.5066715 0.23483774 0.8036114 0.25113782 0.37992346 0.43032396 -0.07565672 0.5467677 0.69317436 0.84834546 0.75622773 0.27662656 0.34482154 0.06894918 0.4768602 0.2565524 0.31601027 0.86278325 0.22761436 0.51305753
0.36033222 0.75878143 0.31575146 1.0260807 0.6932838 0.29818052 0.9477475 0.36834508 0.40711597 0.86534077 0.88031334 0.37216914 0.5816316 0.8374357 0.7929088 0.22148053 0.48174694 0.3074998 0.48453677 0.4681559
0.21353386 0.32166228 0.5265459 0.2059682 0.93128324 0.42414552 0.22358781 0.32301563 0.39780536 0.836762 0.71725947 0.124309056 0.2888918 1.0114062 0.8285864 0.9974017 0.41036323 0.9166366 0.8984348 0.8054109
0.8467618 0.7739292 0.2730267 0.30577528 0.8521446 0.5314529 0.5725009 0.92943203 0.92871886 0.39421916 0.29172808 0.087787166 0.9768445 0.5183044 0.92541546 0.2849015 0.30334952 0.5974945 0.48876277 0.7357953
0.86273533 0.2285042 1.0540135 0.49714023 0.92185336 1.1585933 0.48029354 0.8487059 0.3493976 0.6710715 0.56833416 0.2979557 0.89055437 0.28943235 0.86988664 0.5274193 0.9058283 0.29607603 0.67553127 0.36597854
0.8529191 0.3917237 0.27075696 0.5354237 0.21993724 0.4903622 0.7091444 0.7826593 0.5570866 0.47447824 0.21261977 0.9163034 0.78998804 0.08156867 0.6179711 0.2456469 0.7125382 0.75600815 0.4904264 0.10216619
0.5846193 0.73207986 0.91813934 0.15791589 0.63107824 0.95442635 0.9776209 0.5594959 0.20221935 0.7385399 0.21757416 0.5510014 0.37403896 0.64050376 0.6910102 0.08182827 0.3685387 0.97107583 0.22545412 0.9553172
0.35035574 0.5885683 0.95577085 0.12753643 0.38938808 0.1471376 0.7513686 0.63166004 0.4047051 0.6687658 0.8585945 0.4725978 0.7360678 0.28286442 0.65784854 0.7192533 0.23874946 0.15034854 0.49368313 0.3550404
0.40804154 1.0017358 0.95993793 0.15821606 0.12682289 0.55209494 0.15957984 0.90601254 0.32532534 0.48832345 0.3485946 0.7262491 0.2969459 0.17003101 0.990418 1.0042918 0.8273392 0.17646623 0.27012435 0.20090711
0.7328687 0.862785 0.638636 0.42882136 0.34308484 0.4442316 0.7964238 0.6345992 0.62088466 0.65152705 0.2996079 0.6991225 0.860965 0.30754882 0.88346946 0.21214454 0.44395712 0.17250383 0.19877121 -0.042341582
1.1395396 0.5941237 0.49725693 0.37022397 1.0113124 0.27499548 0.42679253 0.94603384 0.8516164 0.6788793 0.3797347 1.0379775 0.53012794 0.38162714 0.6687129 1.1824418 0.7526572 0.31843317 0.50379544 0.3533485
-0.005724062 0.43969458 0.08624281 0.35012752 0.18613178 0.56470865 0.79103494 0.12158691 0.39125594 0.1534676 0.74294406 -0.02992497 0.43872836 0.8271841 0.7628288 0.46656647 -0.10767615 0.14524566 0.5996911 0.39850095
0.6913176 0.6594647 0.26876274 0.5893767 0.47130457 0.9981304 0.5837006 0.27564627 0.29718766 0.5283498 0.49683356 1.1119395 0.80834234 0.42770624 0.24273609 0.63949466 1.198184 0.9110653 1.1511286 0.51190114
0.24217932 0.4012711 0.20322786 0.57673997 0.9220262 0.68972284 0.7835604 0.62987846 0.64602655 0.36274436 0.81034213 0.42945388 0.49915257 0.90313005 0.26431045 0.6342169 0.26440093 0.7908696 0.6298115 0.81841916
0.30711913 0.2776059 0.5332757 0.93661374 0.3466366 0.5603147 0.91861856 0.8342142 0.6169208 0.35505813 0.26208714 0.287319 0.35445073 0.95131993 0.7072696 0.76548237 0.20536895 0.8412542 0.978326 0.6509472
0.45593584 0.12190975 0.70245355 0.25383973 0.85270214 0.97642595 0.54167837 0.8190256 0.6572552 0.7246575 0.10044712 0.14807837 0.28491673 0.39299574 0.14357816 0.5571166 0.7446265 0.017078439 0.81067634 0.6926263
0.15727317 0.18622044 0.6516298 0.9548887 0.20268072 0.7046207 0.5571363 0.40741453 0.7602994 0.55514145 0.466641 0.5580182 0.41392812 1.0501236 0.3570691 0.47047025 0.24048816 0.3805574 0.18546857 0.81191397
0.415841 0.9697604 0.3553481 1.0737222 0.3243803 0.4188686 0.83036727 0.6513764 0.72437894 0.21278302 0.49528265 0.36076975 0.5490124 0.8967036 0.7011461 0.29949898 0.2893399 0.3441451 0.50855315 0.9788959
0.1862834 -0.02824469 0.79827255 0.7425882 0.39360455 0.5415562 0.17373115 0.8074442 0.574026 0.69692844 0.6035658 0.76833934 0.17778924 0.6534272 0.7668115 0.40182385 0.530088 0.16401199 0.6479448 0.44903302
0.49767706 0.48943716 0.89761955 0.13944294 0.8308166 0.5783372 0.31894305 0.25364166 0.9647263 0.89987475 0.5070149 0.5912409 0.322154 0.54829544 0.7446842 0.91396564 0.6477078 0.58843076 0.1413718 0.76405233
1.027695 0.28470102 0.55078244 0.15541396 0.39870054 0.85016114 0.12932509 0.1608642 0.61543876 0.47420725 1.0615348 0.6457809 0.21908854 0.38187674 0.72214824 1.0270355 0.58539623 1.0084481 0.8123735 0.3689576
0.5317611 0.8214632 0.9632497 0.61693305 1.038912 0.4960325 0.9736209 0.6879659 0.72853875 0.27062362 0.65795124 0.8075896 0.8277857 0.64809144 0.2241425 0.6842308 0.30327275 0.26701304 0.4215704 0.6985099
