0.55581653 0.8396895 0.64465326 0.6348188 0.71820503 0.57806295 0.8182542 0.8705864 0.7722252 0.6646837
1.2601987 0.42053676 0.61601657 0.33576247 1.4805951 0.8512611 0.44486165 0.7266278 0.7285762 0.47569913
0.69832754 1.164914 0.574118 0.7575637 0.6053501 0.8670149 0.7513234 0.87464833 0.9792344 0.916867
0.9983659 0.9726513 0.7073378 0.8389387 0.78893566 1.1644154 0.77869874 0.49731612 0.64746684 0.9070664
0.34790418 1.1194285 1.3758539 0.7738572 1.6171913 0.6743834 0.4675798 1.0089675 1.0873061 1.1848838
0.68697566 0.87934446 0.6050762 1.1519672 0.8282465 0.59607214 0.84112203 1.0773473 0.4840284 1.1679131
1.0153525 1.0160904 0.97633374 1.0177374 0.5298186 1.303759 0.6288285 1.2530357 0.76737696 1.1835084
0.67184544 0.42155433 0.93361044 0.8515073 0.77891856 0.6966853 1.1189215 0.35614517 0.9074727 0.59276253
0.82608706 1.0881245 0.8427234 0.8950188 0.70310736 0.7355856 1.371278 1.073059 0.6952232 1.2800986
0.8755612 1.2790271 1.0929555 1.0297306 0.99704146 0.7961339 0.98944604 1.2733079 1.3456461 0.99754786
1.07097 1.0472151 1.0352312 1.0509124 1.0914572 0.9362551 0.92943406 1.115995 1.1394756 1.1763893
0.6660923 0.8889528 0.60652477 0.99362475 1.2837889 1.1387042 0.93841076 0.80799747 1.291411 0.8489038
0.7647347 0.97680104 0.921611 0.9359318 1.0787296 1.1836867 0.9204521 0.8648958 1.0432302 0.87803376
0.8473669 0.9899872 1.038769 1.1443506 1.0402672 0.8937484 1.2757484 0.8758022 1.331491 1.148496
0.97873604 1.0263228 0.93657595 0.91019434 0.9462632 0.9113161 1.0601871 0.97844994 0.89211345 0.9600911
1.0206549 1.1579226 1.4036478 0.8154853 1.0936977 1.1109776 1.0332446 0.67929965 1.2955184 1.0800939
0.785094 1.2736362 1.0210541 0.902565 0.71491194 1.0936413 1.0482633 0.98669237 1.2426103 0.33125195
0.39245844 0.19255078 -0.0015927247 0.38330668 0.13945532 0.6531438 0.30845347 0.35624695 0.41233003 0.9964046
0.5384742 0.59092253 0.559288 0.70600903 1.040017 0.6188939 0.8403854 0.8593038 0.76322424 0.6594252
0.47711387 0.6154223 0.8402823 1.3434669 0.524471 1.1781286 0.8597643 0.905497 1.0193528 0.7819476
0.92376417 0.6825656 1.1566535 1.0046216 1.104112 0.8430164 1.0607836 0.60274005 1.1719742 1.0914859
-0.2966242 0.23304936 0.64188087 0.6000179 -0.82040817 0.18924594 0.6198522 0.08146709 0.045802586 0.15325497
0.32559398 0.16722377 0.53611505 -0.033008453 0.19189546 0.28112718 0.3711551 -0.34247118 -0.099826425 0.09339327
0.70040417 1.1065595 0.670119 0.7898121 0.97841555 0.6538998 0.8429321 0.7363249 0.81893116 0.94813275
0.11677754 0.21133153 0.009411389 0.18946907 0.18923087 0.044815227 0.21450791 -0.068433285 0.36497128 0.065256625
