0.85562974 1.0212836 0.7703107 0.6705746 0.52463084 0.7210302 0.74097717 0.37612113 0.6902129 0.705407
0.7625535 1.0222234 1.1794623 0.8814082 0.7552727 0.764732 1.0315515 0.9355219 1.357086 0.8722712
1.2475818 0.88637036 0.89619607 0.9459108 1.1043257 1.0611279 1.1799225 0.9888267 1.2514411 1.0685381
0.991254 1.2277594 0.90302825 1.0728477 1.2051861 1.0370231 0.838038 0.8714589 1.3323613 1.0946665
1.022129 1.1977041 1.269067 1.0860912 0.9665189 1.108832 0.97461265 1.1288893 0.9516999 1.0503291
0.41955602 1.1182153 0.90621996 0.15731794 0.3716565 0.45598972 1.0948197 1.1574762 0.80604917 0.7672566
1.1968751 1.133471 0.9353128 0.9195985 0.8570304 1.0254304 0.8164357 0.8611122 0.94616956 0.78461564
1.4511282 1.1217084 0.8966495 0.9649568 1.0471557 0.53729916 0.6179242 0.7805111 1.166516 1.0685925
0.82450587 0.719634 0.9296984 0.9153727 0.5177968 0.6492885 0.827171 1.1715977 1.0904276 0.8324495
1.0012393 0.47093114 0.8827579 0.1590061 0.24966756 0.47155178 0.8130509 1.2111391 0.94035643 1.1921359
0.90452254 0.9627735 1.1676087 0.93288606 1.1969734 1.0775312 1.0775816 1.1017343 1.176828 1.0379578
1.3526288 0.8111762 0.89884686 0.7818606 1.1396447 1.0155909 1.0530182 0.88565123 0.8246695 0.8066654
1.3758322 0.9114335 0.8053293 0.9147838 1.0964267 1.1104523 1.0166606 0.81710815 0.60890216 0.84610885
1.0430892 1.1786468 0.78329575 0.8722273 0.7790178 0.986905 1.1873181 1.2317604 1.3179497 1.1996574
0.84021056 1.2802476 0.8683167 0.8058467 0.85137165 1.0939618 1.0406182 0.9615356 0.8611593 1.0964978
0.8864669 0.48160285 0.9936045 0.7622882 0.6177779 1.1126596 0.69155246 0.8501955 1.1459832 0.8721768
0.5460377 1.0300207 0.9414702 0.44975436 0.87432456 0.5253897 0.6359247 0.8734961 0.44542524 0.8789403
0.95544475 0.6299261 0.8437744 0.1979619 0.9260513 0.8739632 1.1791136 0.30565456 0.80649424 0.5320648
1.0314554 0.8388323 1.3411758 1.0278298 0.98047596 1.2346921 1.0615556 1.045653 1.2148452 0.89776266
0.9096993 0.80021906 1.1801152 0.90042186 1.2029446 0.87320894 0.91270983 0.87438095 0.9096655 0.9233861
0.71003765 1.0500815 1.3331827 0.678469 0.80333966 1.0143353 0.91662246 0.91423684 1.0543687 1.139829
0.9595473 1.0399383 0.9073256 0.8360448 0.9237023 0.8182405 0.76094824 1.0580828 0.99249214 1.20471
1.0471417 1.1890187 0.9321716 1.0932478 1.1737353 1.1510807 0.90433306 1.0660675 1.0417973 1.0559019
0.9810237 0.83464104 1.050335 0.87592316 1.0521114 0.8877324 1.1151282 1.1973543 0.9952102 0.5418916
0.71395534 0.5298455 0.70597833 0.84249574 0.7379637 0.65567726 0.46618724 0.7849394 0.81899273 0.8572314
