0.032737963 0.4062305 0.5267706 0.43482053 0.7168346 0.17357929 -0.012201853 0.52585524 0.005930987 0.59287405 0.6245487 0.35838258 0.49576682 0.21691857 0.51422656 -0.18166102 0.53702885 0.55994344 0.28759333 0.37184253
0.8990286 0.4369552 0.9749884 0.69799876 0.40393934 0.8769894 0.911942 0.61118686 0.12481011 0.98637444 0.17855737 0.49578813 0.22281452 0.13879599 0.5231724 0.7717197 0.99398726 0.17617615 0.14275199 0.7924622
0.97780836 0.077248715 0.81395787 0.8409878 0.6096047 0.25564367 0.19093487 0.25216296 0.8481238 0.049208295 0.22923225 0.7071564 0.48910213 0.9450134 0.55897105 0.9341437 0.2851651 0.9346529 0.68031853 0.6793277
0.39613634 0.6994233 0.35856235 0.8890641 0.34467077 0.29157382 1.071223 0.49999002 0.21030445 0.94431883 0.3501928 0.43832082 0.98827827 0.75458205 0.22554022 1.1369011 0.90499324 0.43815103 0.1836082 0.3855593
0.31407613 0.35171583 0.9682535 0.71209455 0.37528026 0.4061491 0.31637642 0.73129034 0.23048818 0.98462254 0.18623461 0.37959036 1.085169 0.872762 0.5500894 0.7608943 0.94120365 0.24012727 0.7181151 0.43112674
0.3089939 0.2290586 0.27141035 0.21996766 0.62140405 0.42190364 0.6596248 0.24259838 0.1473772 0.15330456 0.77741283 0.82744974 0.63074213 0.08098723 0.76792586 0.28206134 0.1930851 0.103776604 0.9193802 0.78757703
-0.056860328 0.16516979 0.4190865 0.49001408 0.45235303 0.5001938 0.5693665 -0.05639239 0.4307114 0.04556346 0.7756578 0.64179814 0.86577713 0.1508766 0.53595626 0.6471153 0.5750574 0.23582767 0.47439653 0.5918175
0.31962842 0.7418231 1.0758208 0.95355564 0.798148 0.6224749 0.8606289 1.0834856 0.24456067 0.46433905 1.056804 0.87164026 0.36307806 0.35656977 0.16415998 0.33902386 0.31653 0.5441472 0.17815009 0.15811118
0.7447281 0.71832454 0.7769189 0.80028653 0.6086295 0.9041288 0.8423204 0.3843271 0.06930131 0.15966155 0.6270589 0.67226416 0.28129113 0.5174077 0.845385 0.27175152 0.747169 0.9044103 0.93232805 0.9273063
0.82902247 1.0010358 0.6568516 0.13617349 0.65506375 0.27976462 0.10504474 0.6714696 0.10819963 0.35513973 0.9205321 0.9143245 0.86427987 0.60182863 0.86321926 0.6557608 0.9031037 0.8164296 0.57658845 0.8223251
0.46358168 0.80662984 0.6353856 0.18992375 0.9261446 0.45470572 0.9265148 0.8201809 0.77977246 0.113074556 0.56870717 0.23486948 0.86086714 1.0097996 0.14368628 0.38528252 0.8451443 0.37555078 0.33588228 0.7465894
0.15002063 0.71687365 0.14764634 0.8626024 0.66510004 0.65303385 0.38684237 0.95693845 0.22789937 0.64999896 0.32123274 0.27480477 0.16960546 0.45501873 0.12057838 0.49520984 0.7503973 0.4684872 0.98324776 0.7730682
0.37018532 0.56721276 0.41934627 0.38920018 0.66506416 0.5074279 0.12814602 0.3781458 0.49069884 0.003914507 0.5605165 0.6248186 0.15805073 0.1777736 0.19556813 0.75703084 0.019893719 0.84429747 -0.043197617 0.077438466
0.13272804 0.79904944 0.6925866 0.09673094 0.33860987 -0.0012193212 0.5270382 -0.034007557 0.6290141 0.2350863 0.5754554 0.78147835 0.683808 0.23258597 0.7830324 0.6537084 0.26113603 0.5621421 0.5398047 0.17385964
0.14202808 0.70307505 0.3078778 0.74955404 0.38598344 0.4917264 0.5196992 0.69892764 0.35645294 0.67197955 1.0098205 0.41967946 0.504091 0.35311246 0.23837231 0.36197817 0.8289993 0.95946354 0.21205333 0.29967797
0.24048093 0.9411394 0.37189758 0.4059485 1.0079751 0.0731629 0.88089997 0.5366058 0.5323688 0.66795295 0.5610944 0.53613317 0.4473777 0.9892498 0.30574638 0.458236 0.27606648 0.69385296 0.65538305 0.9020638
0.12686917 0.7921208 -0.07487089 0.5843899 0.75274956 0.44694874 0.38134074 0.64665616 0.65704244 0.3382476 0.609368 0.20574777 -0.041463573 0.10651044 0.041605923 0.4555314 0.8240726 0.6703129 0.32428357 0.6580779
0.7873162 0.66578615 0.57381946 0.74342996 0.36550155 0.14146899 0.8158229 0.65768015 0.016828027 0.02486047 0.08943006 0.721205 0.026845844 0.2694793 0.30838874 0.60676455 0.7964686 0.8152239 0.83807147 0.81937796
0.0033892978 0.60490036 0.7206049 0.7172091 0.5710448 0.1982562 0.43161243 0.6413422 0.75494486 0.4462733 0.7924297 0.051077157 0.27782187 0.9150559 0.69793373 0.4103205 0.33350095 0.20627682 0.8709646 0.26826024
0.88358074 1.0070765 0.42789778 0.4695047 1.0282633 0.4276094 0.3976578 0.5572174 0.8738804 0.45284623 0.36792418 1.041726 0.48811406 0.79181314 0.76005614 0.41501835 0.5028477 0.66957533 0.36163178 0.7986658
0.6929027 1.0641323 0.16606534 0.95133746 0.40002647 0.19412203 0.15871106 0.14959967 0.11995863 0.85034716 1.0210714 0.20701885 0.66987294 1.0003735 0.835671 0.14982516 0.9393491 0.18662609 0.76029426 0.8757734
0.3007378 0.6076696 0.5809236 0.9535365 1.1281202 0.39929137 0.47230354 0.23865366 0.56073827 0.30876023 0.30130386 0.29890704 0.67886114 0.45656842 0.78460675 0.26165923 0.52786064 0.9947905 1.1318233 0.6094225
0.88787633 0.37252346 0.33270112 0.36531955 0.4108356 0.64012647 0.41865593 0.29020986 0.8637241 0.5240838 0.5983634 0.19139336 0.41785544 0.5243222 0.3589125 0.93745184 0.26982066 0.6807733 0.17826779 0.8711124
0.1678036 0.4445142 0.6438035 0.9472096 0.7055543 0.22492951 0.4525359 1.053794 0.25854516 0.88304687 0.77096987 0.6650645 1.0323099 0.29741493 0.8369403 0.41294107 0.15108378 0.48617527 0.31987348 0.8959844
0.67887145 0.43830764 0.9270274 0.21714997 0.11791336 0.19738229 0.9073212 0.4957497 0.12888204 0.809842 0.81612563 0.5419278 0.94269174 0.17958136 0.38030335 0.5328308 0.910534 0.11330046 0.5787103 0.27752978
