0.17668878 0.8839382 0.78463566 0.42724958 0.436373 0.15252115 0.7027334 0.3548403 0.8449918 0.5817433 0.74577224 0.7673997 0.39635468 0.732264 0.20831624 0.21715552 0.77914596 0.54241073 0.8944144 0.8835844
0.5621685 0.33018383 0.41512746 0.43659738 0.23548365 0.7527164 0.5414257 0.43072125 -0.0010645058 0.12446155 0.40209028 0.16592923 0.8512238 0.42775843 0.38754287 0.5365731 0.61737317 0.69608474 0.66142994 0.31183085
0.9161919 0.1594736 0.62626547 0.49047732 0.59828275 0.13275361 0.8323779 0.54921263 0.6914548 0.35110295 0.3944793 0.4249978 0.6722198 0.5689049 0.6464073 0.10079018 0.6543499 0.28242597 0.2291136 0.5964132
0.7864522 0.48115376 0.8656855 0.38524562 0.44020003 0.55016446 1.026171 1.0255277 0.5315931 0.47745675 0.16130954 0.29632574 0.3629493 0.65741664 0.6008669 0.38538963 0.7045995 0.72594523 0.23404993 0.6231141
0.5510321 0.024559526 0.04203101 0.7673093 0.56449175 0.85905856 0.7415865 0.69634855 0.43399608 0.40890333 0.94365644 0.07259251 0.36822054 0.7351571 0.79081917 0.59056956 0.9469892 0.76800793 0.8662502 0.41263083
0.6481794 0.47776437 1.0585235 0.14832222 0.6357548 0.20306069 0.92046607 0.63874626 0.32013753 0.81144315 0.794329 0.28710398 0.63468057 0.37686348 0.79441786 0.65720934 0.35077587 0.4585409 0.7942477 0.33237207
0.89707065 0.61907154 0.74384665 0.4458926 0.13274783 0.7671418 0.9651511 0.15510118 0.7679409 0.89118165 0.2367866 0.117924996 0.68224794 0.95303494 0.48978746 0.6080761 0.7004794 0.308744 0.62367284 0.21730874
0.5710584 0.32008082 0.3263996 0.65338045 0.53333116 0.53104216 0.3397759 0.5470785 0.5692091 0.97016907 0.9248956 0.58048713 0.7548981 0.9013105 0.39806813 0.6164615 0.9941457 0.57892865 1.1369036 0.49662244
1.0582234 0.53307945 0.34572643 0.56050676 0.59476787 0.68143135 0.24789329 0.8435262 0.92828184 0.48836777 0.2931339 0.20121141 0.49756196 1.0293332 0.9404481 1.1464955 0.25747254 0.7278336 0.7497931 0.60719615
0.19743164 0.6197238 0.6877215 0.54604477 0.6528126 0.3737626 0.6549413 0.558258 0.21861145 0.3043532 0.069415025 0.39343038 0.77854097 0.29803497 0.4205763 0.9504942 0.47725996 0.7416646 0.16775808 0.7866987
1.0895759 0.23050389 0.6431444 0.21159841 0.42852738 0.8414333 0.49497047 0.89940804 0.96568936 0.9855445 0.7383809 0.6161149 0.3613644 0.14649966 0.6744252 1.0262425 0.990988 0.38931695 0.5931692 0.5523751
0.46110827 0.18535508 0.24390498 0.5976395 0.22244936 1.0313569 0.5688377 0.34541667 0.6326128 0.7179788 0.81028366 1.0603508 0.5757948 0.7202882 0.5568453 0.29477873 0.97682863 0.23865527 0.82122964 0.34828687
0.7811715 0.43197802 1.0124416 0.92921406 0.23105702 0.2810239 0.11179868 0.83286333 0.8357926 1.0417571 0.79072976 0.9245171 1.035139 0.7237038 0.16265106 0.112372465 0.59644836 0.5547214 0.61288357 0.7000598
0.69320893 0.7323331 0.2770317 0.5557582 0.45367262 0.16989417 0.51815593 1.0218344 0.3244787 0.40457517 0.3189371 0.084966905 0.9557039 0.7357375 0.88959336 0.46337777 0.4748052 0.553779 0.8799021 0.8332987
0.26199156 0.66123843 0.6397401 0.33161953 0.4148891 0.31866586 0.9197709 0.17935903 0.87808853 0.701617 0.2926864 0.364745 0.948802 0.40747377 0.25801793 0.7553491 0.95466983 0.2744223 0.899703 0.88531995
0.48110554 0.569342 0.7964119 0.30919158 0.05586687 0.59130496 0.5904766 0.8432087 0.4561051 0.4346909 0.5500986 0.8876955 0.6671687 0.55371934 0.20459674 0.4513498 0.068176754 0.07922313 0.6139064 0.82146204
0.9440328 0.54419285 0.109303504 0.5129206 0.57045233 0.29053512 0.90937203 0.43596706 0.73456943 0.38903546 0.5179456 0.8194197 0.69260967 0.166211 0.8542346 0.43639114 0.06466142 0.13607596 0.07046436 0.75320715
0.32899275 -0.034575522 0.048729274 0.21044776 0.16579005 0.37279892 0.38652608 0.71706 0.63588893 0.79431385 0.3641741 0.14484984 0.20636521 0.47423583 0.44300726 0.18838347 0.5826677 0.11334676 0.8228124 0.25606006
0.33155766 0.7682766 0.72767156 0.60374504 0.48359013 0.7852958 0.71102166 0.5745993 0.003133389 0.27963245 0.5338358 0.3119472 0.7646976 0.34024137 0.71887773 0.36100233 -0.04417786 0.4436112 0.32647452 -0.09596416
0.8017878 0.109909125 0.5371164 0.39677837 0.2448371 0.93715847 0.8572831 0.2732151 -0.00624672 0.7727938 0.10898727 0.43747476 0.86624056 0.22942969 0.74710476 0.02851164 0.847941 0.24843714 0.7924415 0.8882299
0.4106589 0.5443079 1.0133313 0.8420138 0.19289319 0.14488338 0.21021591 0.15060374 0.4262593 0.9907675 0.9143013 0.8528214 0.52988607 0.7635258 0.87667644 0.5830648 0.58924824 0.5736236 0.11762955 0.93923324
1.0611924 1.0259554 1.0899233 0.17466493 0.7181968 1.0348368 0.24064277 0.39131686 0.54543024 0.7274046 0.57094765 0.38008326 0.14307845 0.31018224 0.48206967 0.5002768 0.4761754 0.9320533 0.9421226 0.9459653
0.83086497 0.79197586 0.2920584 0.7024745 1.003372 0.5749125 0.31413743 0.67414904 0.61881745 0.2616988 0.38641334 0.895847 0.22865087 0.5509019 0.28237775 0.35976356 0.46366403 0.9074855 0.6059528 0.70210874
0.76187235 0.619049 0.17138551 0.66745585 0.9850585 0.29118404 0.6784407 0.59105736 0.08690906 0.31233108 0.29522377 0.6742391 0.15766746 0.3273691 0.62602335 0.090887755 0.35804576 0.85500014 0.49972677 0.95755786
0.12475377 0.50314313 0.8904384 0.587746 0.83783305 0.35530534 0.579355 0.3232812 0.27568707 0.56786364 0.7783239 0.6678122 0.7382805 0.8783715 0.030495208 0.41810536 0.826128 0.8741819 0.4459936 0.7880064
