0.22905798 0.43597898 0.6105439 0.5704191 0.44374567 0.06849888 0.91432196 -0.0042714644 0.21806262 0.3263758 0.92822486 0.16006298 0.4747542 0.33223745 0.8895143 0.79600424 0.43966198 0.58069026 0.012421868 0.23144308
0.0810642 0.3681666 0.3056493 0.86080205 0.53611684 0.5907164 0.7022089 0.44060865 0.87632245 0.4492068 0.8761846 0.78640705 0.44361505 0.6719746 0.18800077 0.37309393 0.90250254 0.24631457 0.21791737 0.2810679
0.48088062 0.84490204 0.38196212 0.6321786 0.39258203 0.2663739 0.35216987 0.5533045 0.74473035 0.9527563 0.84720224 0.2642949 0.50860393 0.15181275 0.4146341 0.5216743 0.7040315 0.53039545 0.0562231 0.72428834
0.6348742 0.3040122 0.8824335 0.5092428 0.70712584 0.39411762 0.5692764 0.8588463 0.3954019 0.048538987 0.6562294 0.08545006 0.49674043 0.46124634 0.41554037 0.92026675 0.3133706 0.71152085 0.39173424 0.26714376
0.1907954 0.75024164 0.2298566 0.68069834 0.7087479 0.30187637 0.7098567 0.9816112 0.5091727 0.26847655 0.99624693 0.2641532 0.79302853 0.66236174 0.6864411 0.5248168 0.18365571 0.47827575 0.8395151 0.56232303
0.8492864 0.58812445 1.0978252 0.6280308 0.1664022 0.17376402 0.31569695 0.86725134 0.5107711 0.36775193 0.30801025 0.6175096 0.5329793 0.5874802 0.97314346 0.28913528 0.5871803 0.7524942 0.60537684 0.52517635
0.80658823 0.57711947 0.44524902 0.28437924 0.9780978 0.77209586 0.94389325 0.16530852 0.29428795 0.410224 0.6349616 0.15752794 0.48801586 0.90626013 0.104515865 0.23405755 0.13214761 0.55148965 0.64584655 0.34967357
0.24656536 0.38977462 0.8017126 0.6699028 0.821522 0.8236271 0.32308906 0.91015816 0.16773176 0.5145031 1.0355259 0.27493995 0.63898075 1.0296957 0.92563397 0.37265667 0.24159232 0.4830875 0.110406645 0.49598172
0.955059 0.3242232 0.60027796 0.2912278 0.8920469 0.129717 0.59528613 0.950404 0.70881957 0.28149122 0.4808019 0.82562727 0.53062475 0.7822703 0.47771457 0.4593093 0.7461817 0.3177955 0.9365362 0.29127377
0.2766784 0.44193667 0.54775083 1.0158211 0.065583356 0.36016205 0.69440454 0.16541494 0.4780492 0.630773 0.28943393 0.5562659 0.9382087 0.25718862 0.60428256 0.55110735 0.9869678 0.8870515 0.9028548 0.6915065
0.75726557 0.099439636 0.59858906 0.44259575 0.8551828 0.41585866 0.15554543 0.42281234 0.17579538 0.52107906 0.72012323 0.9434735 0.9596314 0.8364387 0.23437072 0.61963207 0.10249214 0.10052496 0.64399356 0.6092189
0.24919093 0.15349463 0.8229153 0.14536485 0.8960541 0.0830781 0.78550017 0.52868795 0.23063911 0.5139152 0.5322607 0.5367205 0.63910836 0.9500392 0.62261695 0.47790694 0.75316167 0.44580406 0.53512067 0.15408805
0.75235593 0.5584285 0.74619836 0.20104001 0.69826376 0.2059018 0.6812038 0.8905857 0.78311324 0.77724576 0.9693134 0.9781871 0.36446294 0.8676949 0.37441924 0.3308028 0.82537866 0.26261547 0.13644107 0.10899809
0.37160537 0.65764856 0.7536934 0.49140322 0.091638066 0.16025914 0.5647685 0.3356099 0.80064905 0.49373093 0.1904842 0.77065176 0.7867949 0.7991645 0.50741947 0.19677077 0.59872687 0.5038236 0.61544096 0.5018345
0.18011716 0.64371455 0.27225506 0.4032136 0.26178604 0.29199463 0.5558616 0.67589253 0.99378777 0.965524 0.27502087 0.94491833 0.8681511 0.6359415 1.0852582 0.24108529 0.46353143 0.97117585 0.54878885 0.4134661
0.52991784 0.84562254 0.7301988 0.9899073 0.79857206 0.6330967 0.29531705 1.0498679 0.8881991 0.5623282 0.8527871 0.32450497 0.48167822 0.80892205 0.6334041 0.114128076 0.79107267 0.16110547 0.49369836 0.82290566
0.22635916 0.8101002 0.54771596 1.0141269 0.68446 0.73433435 0.60014766 0.14586186 0.3128777 0.28262576 0.1918792 0.7576363 0.46634987 0.9723618 0.41480836 0.42664704 0.9590033 0.8400146 0.5468852 0.28351063
0.3533008 0.048095826 0.6059796 0.3106628 0.7440817 0.27910623 0.06314941 0.6962923 0.38007575 0.44734812 0.81476176 0.49239668 0.4283208 0.5179955 0.76472455 0.23941323 0.37985545 0.7978142 0.95628893 0.5182884
0.5466674 0.40463224 0.53024757 0.8711263 0.79012996 0.20270686 0.7539677 0.92453426 0.12602623 0.725744 0.14729057 0.58389366 0.15025637 0.6470396 0.5494724 0.8563174 0.9255698 0.12356595 0.6656004 1.01235
0.223521 0.59452826 0.23011284 0.83579886 0.83402383 0.30863512 0.21892335 0.49683845 0.25604925 0.7904586 0.30071428 0.25827685 0.8247058 0.41828012 1.026999 1.165541 1.004092 0.4098389 0.48431632 0.80070555
0.81348425 0.4991209 0.6663407 0.17711036 0.39293885 0.95296824 0.846433 0.83097804 0.47565094 0.17396371 0.27702948 0.93639374 0.85663277 0.27428174 0.64846486 0.43342808 0.4285811 0.9816835 0.26557347 0.39048368
0.2395629 0.60918444 0.1202228 0.58667475 0.7716176 0.7535926 0.35349727 -0.0373006 0.27709374 -0.038886514 0.42804754 0.0898091 0.15213366 0.6921005 0.18370348 0.20927198 0.54009897 0.051465668 0.5629605 0.6841408
0.6061364 0.4994965 0.46024314 0.60476846 0.23061158 0.19191585 0.37654752 0.45346883 0.841412 0.60705173 0.63572544 0.72821057 0.7084217 0.5949253 0.27864078 0.7583418 0.76921356 0.6116673 -0.0671516 0.26041734
0.08427315 0.09536678 0.7092271 0.38433707 0.92245126 0.82551396 0.12145976 0.15456626 0.25810117 0.9363153 0.077526085 0.9923132 0.5278999 0.51371336 0.6186555 0.72922415 0.3234026 0.9604297 0.60095924 0.2535948
0.12513843 0.7327567 0.38575113 0.718795 0.005539924 0.69183457 0.07604361 0.90103114 0.02325536 0.33790243 0.75803924 0.35361594 0.7790963 0.69635135 -0.011813719 -0.050756626 0.73285913 0.7545345 0.12451346 0.63231474
