0.70301133 0.9256487 0.16985674 1.0379673 0.7681025 0.9756179 0.26066205 0.4111472 0.27789035 0.16106403 0.6466361 1.0542864 0.2676225 0.1418892 0.28159806 0.18220513 0.32886285 0.2115827 0.9883492 0.4614898
0.71314776 0.28398174 0.42546085 0.077287205 0.89742565 0.3159605 0.52142745 0.8884969 0.2682755 0.8536541 0.5247111 0.15789385 0.6611769 0.038175166 0.6694258 0.03642683 0.90599984 0.9176594 0.5220753 0.36243138
0.7456111 0.5709131 0.87271416 0.787824 0.049820475 0.15608844 0.2316438 0.7635851 0.90260935 0.8908423 0.54682434 0.60668623 0.015911186 0.044440545 0.10831649 0.7515495 0.8514342 0.66071284 -0.002760653 0.69132364
0.5723782 0.1313916 0.5808256 0.16448973 0.47012925 0.44005564 0.5404489 0.655603 0.37856674 0.34366357 0.7467659 0.8433676 0.91472614 0.22939633 0.36441267 0.8785345 0.61046517 0.76785946 0.8329915 0.93402207
0.8946656 1.0575495 1.0321069 1.0583757 0.18437485 0.7050575 0.2519342 0.5796622 0.32762805 0.75743484 0.8582584 0.25503877 0.1800639 0.20013724 0.67609847 0.40981326 0.9455374 1.0533541 1.0524619 0.25334805
0.8727516 0.54174477 0.20061202 0.33789477 0.87607497 0.27089655 1.0100684 0.33716947 0.5787894 0.19149719 0.6262339 1.0500205 0.9076177 0.33821923 0.7862199 0.33426538 0.4576688 0.34981057 0.8320932 0.46119273
0.22680017 0.208037 0.99903905 0.7065958 0.8330598 0.90087587 0.29653907 0.19352065 0.5192754 0.50528586 0.7773713 0.17428185 0.83572143 0.21168926 0.27966678 0.9111796 0.34972426 0.610267 1.072343 0.83855575
0.57186437 0.68382275 0.8739221 0.77466124 0.15272783 0.3828679 0.32301614 0.13802275 0.34287593 0.5481198 0.85146207 0.676605 0.9349387 0.6175631 0.3439906 0.6052958 0.6779802 0.8620702 0.4865195 0.6438472
0.17438051 0.51114386 0.9947268 0.86519694 0.116385974 0.34869653 0.7259588 0.6589902 0.68252933 0.21657 0.9265869 1.0510795 1.0596883 0.45417318 0.7644226 0.23398437 0.5967835 0.19629797 0.6620461 0.10114732
0.31762895 0.70824295 0.8343614 0.009680546 0.23574154 0.65545404 0.6053112 0.1788878 -0.012530875 0.32600147 0.71251684 0.74555206 0.8637951 0.041467678 0.40456617 0.49090555 0.10045562 0.79530567 0.38434625 0.26491714
0.12688969 0.38273227 0.045692 0.51588434 0.09949778 0.46209133 0.88768345 0.3536392 0.408918 0.2062176 0.15034217 0.42634866 0.5103444 0.9766744 0.38802275 0.06184718 0.7099919 0.8546985 0.37463516 0.61962044
0.88149947 0.3679199 0.21354964 0.4469096 0.18340455 0.24925132 0.880108 0.32485294 0.23369706 1.0406495 0.95090157 0.16577458 0.37034774 0.42767152 0.15687673 0.80332726 0.9080747 0.63556314 0.47302237 0.24379098
0.021950804 0.30172583 0.8656119 0.65409493 0.5842075 -0.015755732 0.20061895 0.35109103 -0.0072844704 0.6295895 0.20372795 0.8061014 0.78635854 0.3483626 0.81728286 0.34852695 0.31008273 0.43967298 0.20783955 0.86924887
0.87344986 0.8844346 0.09602198 0.49958372 0.12237286 0.756713 0.98229027 0.9749419 0.121439986 0.81220233 0.7397396 0.23599595 0.4208344 0.7518683 0.77806807 0.6077287 0.3174227 0.7573125 0.10446545 0.63513047
0.57948995 0.74583125 0.4308124 0.88146186 0.9104715 0.9294014 0.52330995 0.13897958 0.9032834 0.8042783 0.9777622 0.9776355 0.44451785 0.6505409 0.27619866 0.83749604 0.099256285 0.569192 0.3023546 0.8298637
0.3866797 0.8350866 0.4959059 0.8218336 0.6820712 0.8634559 0.7762072 0.49487266 0.6258859 0.821017 0.2766696 0.21956496 0.6311032 0.2704021 0.44356272 0.7450246 0.7024363 0.8733592 0.58261114 -0.018912882
0.81963295 0.61290723 0.3148839 0.19428493 0.9697787 0.27995962 0.5527984 0.5048349 0.4838666 0.53664094 0.33309966 0.20795022 0.16467158 0.63504535 0.95251846 0.5578985 0.6853358 0.85153264 0.22831085 0.20447539
0.14978242 0.049226064 0.56542176 -0.001731335 0.553739 0.47569764 0.42262557 0.59912866 0.84583014 0.69690514 0.7827181 0.718252 0.5082977 0.80267346 0.5560669 0.8271326 0.43405598 0.33591095 0.2896687 0.65401655
0.37049043 0.37758327 0.6745926 -0.009014564 0.45469105 0.11038765 0.86534345 0.88770616 0.6326239 0.052586447 0.49690136 0.26943788 0.19638155 0.71456987 0.39959034 0.6382509 0.6523831 0.07207144 0.19348451 0.513352
0.9388786 0.55088985 0.54299295 0.16843374 0.31705013 0.8723694 0.285555 0.09856381 0.29210743 0.59140277 0.6370325 0.8587943 0.5862174 0.11494012 0.40719932 0.050842047 0.4365471 0.14772795 0.054204654 0.9091658
1.037666 0.66908216 0.16959967 0.34359935 0.23828477 0.5350086 0.94799566 0.5250742 0.69363594 0.8289584 0.6045293 0.42439505 0.37952635 0.50372845 0.7868335 0.27058765 0.71269435 0.6794392 0.6390771 0.3899984
0.09101221 0.34064406 0.39690304 0.6439401 0.031072384 0.19492967 0.27285382 0.76173955 0.14310347 0.28719538 0.26976293 0.8048685 0.3788511 0.9426182 0.9435058 0.9148908 0.95605105 0.7673789 0.20513818 0.7946302
0.6401309 0.67971545 0.047598425 0.8353797 0.56522113 0.19798754 0.6207786 0.4092872 0.6450926 0.21686369 0.022940736 0.43472514 0.2640183 0.4372619 0.15348916 0.55067104 -0.011620294 0.744311 0.12398363 -0.091791786
0.5902434 0.7803522 0.6100485 0.79923105 0.2544999 0.29434413 0.31215617 0.7178125 0.4763893 0.43165445 0.7078278 0.18366249 0.42681044 0.2688917 0.24220458 0.4418448 0.79618835 0.9081143 0.317772 0.7248759
0.2508947 0.5783387 0.18244947 0.32883844 0.95131755 0.7030774 0.601739 0.75422233 0.25232318 0.44013008 0.91524845 0.20128833 0.23591612 0.49370283 0.9008793 0.9197136 0.8211035 0.91138345 0.20372972 0.8433962
