0.055809084 0.92734593 0.010525546 0.31636968 0.8983985 0.35917592 0.50409114 0.8681558 0.845846 0.42197347 0.5147918 0.94783604 0.28026342 0.20016964 0.30587524 0.020848252 0.89043605 0.466052 0.9451553 0.450264
0.18790592 0.25939006 0.3159385 0.15774292 0.32285622 0.9763808 0.15073034 0.4072003 0.15190594 0.9725746 0.926274 0.079870686 0.6484411 0.26140234 0.4009681 0.9084019 0.529987 0.53389114 0.7452976 1.0032341
0.8355444 0.57139105 0.3024796 0.13154204 0.051823895 0.369363 0.70588815 0.38775632 0.77441496 0.35068122 0.87796164 0.5127201 0.10976333 0.3289625 0.4325236 0.061400115 0.91529083 0.56694305 0.2120934 0.12694897
0.8688887 0.13095206 0.07340692 0.2254614 0.261022 0.27995613 0.5520594 0.9935124 0.21318312 0.5311985 0.4769414 0.36859852 0.9299379 0.89806557 0.45303616 0.28452033 0.43095613 0.76791763 0.6987073 0.5074399
0.97043383 0.095483966 0.9547454 0.4367921 0.27691483 0.91618973 0.24668925 0.643774 0.9951335 0.71714437 0.88099533 0.7708727 0.892173 0.14184837 0.1535518 0.8003696 0.3358 0.86127913 0.14380649 0.30002442
1.0368177 0.16789676 0.48842525 0.8221733 0.7615633 0.48187417 0.19160324 0.8125578 0.7869054 0.81731737 0.15924874 0.30476847 0.46356943 0.5670353 0.6312215 0.8902019 0.5755185 0.15601343 0.5348059 0.9020959
0.22076023 0.30312172 0.7003279 0.31128165 1.0770302 0.3077383 0.6230035 1.1190604 0.3514634 0.6086815 0.42803174 0.20998658 1.0240049 0.46740472 0.65385246 0.29423198 1.1302054 0.26916417 0.7892931 0.46765262
0.58691037 0.8147703 0.25018832 0.5321949 0.5982569 0.78424454 0.5594689 0.20439011 0.39087474 0.11722945 0.6989588 0.86942357 0.4351345 0.14710434 0.90671605 0.1345428 0.90923554 0.4545196 0.24534976 0.32798588
-0.05116081 0.24323337 0.4466985 0.746905 0.0632629 0.88531244 0.14812256 0.5829957 0.1840613 0.025706254 0.04598045 0.23111583 0.44299018 0.047283437 0.74720114 0.56046134 0.36669254 0.70740986 0.4427364 0.40843782
0.24862067 0.74593943 -0.041644424 0.46466005 0.35890627 0.05758672 0.06238862 0.80942637 0.5887482 0.4504738 0.1118249 0.20074852 0.5613386 0.04446191 0.80181825 0.8411787 0.82538307 0.13281873 0.6353696 0.76647323
0.17284754 0.34749576 0.31457815 -0.06427871 0.31239927 0.2209695 -0.053978637 0.36668402 0.6307853 0.6988052 0.6452651 0.46713978 0.08952501 0.24033833 0.7982305 0.67488456 0.37970632 0.50736046 0.5497222 0.056522503
0.20413753 0.5805127 0.3423748 0.2754634 0.69492 0.49655235 0.2919269 0.65483963 0.53168595 0.6040376 0.38283217 0.40693536 0.7677753 0.29515436 0.6041594 -0.066980846 0.71790606 0.44057292 0.21126075 0.22997984
1.0146173 0.9555324 0.4195974 1.0391086 0.52484006 0.38738742 1.1272638 0.30303854 0.4792557 0.440823 0.9257693 0.8649569 0.45034292 0.28879014 0.55558336 0.89268285 0.76200515 0.54636514 0.4948011 0.33914876
0.19863172 0.35697857 0.43922964 0.34627858 0.08995891 0.44023558 0.60243046 0.6144661 0.47404847 0.41605157 0.10465619 0.07131012 0.2371779 0.6685696 0.7380617 0.12689868 0.41929954 0.13609199 0.404138 0.35856888
0.763204 0.93555635 0.49355227 0.75645477 0.06587855 0.8687844 0.8681347 0.59267986 0.45173585 0.37144378 0.6561932 0.6806106 0.80921865 0.8964719 0.116371796 0.057460856 0.2942886 0.6709131 0.73441905 0.37898806
0.6351884 0.14189723 0.83728296 0.48826423 0.5903788 0.25762415 0.94492275 0.46542656 0.9009855 0.73814625 0.5951505 0.59118533 0.25422344 0.23491594 0.8506205 0.5021386 0.69177234 0.97749275 0.4024958 0.51353514
0.17478602 0.7017302 0.7815106 0.34649312 0.7211064 0.16206008 0.44489452 0.5206063 0.81106806 0.41615257 0.0593851 0.68827313 0.41308913 0.30046743 0.94001544 0.7689668 0.21306899 0.58732265 0.6694949 0.24864501
0.66847813 0.07704665 0.45099652 0.1916547 -0.08726282 0.4839854 0.0027931826 0.5464067 0.8316678 0.59242666 0.61632806 0.6976328 0.18718077 0.70930785 0.24281664 0.44841433 0.583328 0.3488161 0.47459024 0.48294804
0.44896558 0.88952726 0.2992327 0.8039952 0.18651354 0.76719403 0.79158485 0.11852204 0.7119674 0.68435484 0.08560333 0.2846617 0.59956175 0.76988125 0.3875688 0.0458074 0.111644834 0.6075998 0.8654172 0.6957112
0.39953452 0.13886945 0.045282096 0.6265654 0.71489686 0.6270967 0.2085087 0.36365104 0.23596492 0.84685105 0.43201578 0.33539438 0.6566306 0.1891012 -0.07147118 0.5554717 0.40642658 0.67490476 -0.073785864 0.03138607
0.26282895 0.44168374 0.3849294 0.81778574 0.69117665 0.7891911 0.4592149 0.39646867 0.28076997 0.507977 0.068576135 0.3986073 0.15370865 0.63615984 0.8709842 0.8231777 0.40792757 0.40274364 0.9726259 0.21130098
0.41611198 0.48757407 0.7771121 0.56467354 0.28009883 0.8458692 0.47175267 0.52261394 0.77366626 0.7620101 0.47121927 0.64151543 0.34355408 0.5711615 0.69480914 0.8099937 0.2749191 0.9987792 0.33959574 0.5713833
0.6209436 0.7190087 0.28896704 0.24480127 0.36927035 0.8819915 0.5288014 0.75929594 0.55720747 0.25499725 0.46757624 0.702407 0.97181875 0.8518821 0.286357 0.1958065 1.0858104 0.47965848 0.69540906 0.7512923
0.34964114 0.49662468 0.3177551 0.58669263 0.5019801 0.32742518 1.1232624 0.5188043 0.35310766 0.96990424 0.79414326 0.73737174 0.60981214 0.40997502 0.49050936 0.49723023 0.45961097 0.90702635 0.36410028 0.7224493
0.6964919 0.9249144 0.19076096 0.15151472 0.7028789 0.8616846 0.07693701 0.91563 0.40563127 0.27309576 0.3154406 0.778285 0.28742328 0.9387104 0.33032244 0.74108946 0.32105568 0.59266937 0.21992731 0.43940076
