0.87148744 0.7784137 0.5746291 0.88749427 0.50847507 0.36840624 0.8516762 0.97781795 0.29003495 0.268253 0.75332433 0.9236827 0.3397639 0.30697718 0.7500559 0.27581662 0.87477714 0.6240118 0.23120596 0.11435075
0.90504193 0.550234 0.22463916 0.58595765 0.94186395 0.3172988 0.95404446 0.87590325 1.0529518 0.5968058 0.5878895 0.87289983 0.1490296 0.42267856 0.24531005 0.63091916 0.93323016 0.4789417 0.69292915 0.8169886
0.24565892 0.82258016 0.7828914 0.56319284 0.5288634 0.3324682 0.766973 0.1088926 0.16503148 0.811926 0.7378367 0.60178185 0.56245565 0.062434986 0.76175374 0.26932845 0.48164886 0.80233306 0.11638459 0.5039525
0.65358734 0.70829666 0.88464755 0.41005322 0.47366837 0.38210198 0.22231713 0.6960746 -0.03358623 0.46981782 0.7279463 0.27093524 0.2507675 0.18304113 0.26854435 -0.051665872 0.6043468 0.43715405 0.5250952 0.58361155
0.11244623 0.9613252 0.52776396 0.6529899 0.6763945 0.8616626 0.9360789 0.83895046 0.22578983 0.41011605 0.8059343 0.11923387 0.67658776 0.43318313 0.47719455 0.24548064 0.41315347 0.7132878 0.25315437 1.0204785
0.59099644 0.3981688 0.2981816 0.089854285 0.88128823 0.35854304 0.42013878 0.79457414 0.8925833 0.7213945 0.7717257 1.0008498 0.8454273 0.15558788 0.21155044 0.5284514 0.51710916 0.52736956 0.49503863 0.88160866
0.3650871 0.44853473 1.0094476 0.29295316 0.37005818 0.8707029 0.47048202 0.5225292 0.29448107 0.33405057 1.045382 0.8246588 0.42454746 0.9936882 1.0241915 0.66754 1.0522103 0.7576613 0.43196008 0.6986879
0.5215789 0.22532585 0.26030734 0.47008613 0.80767035 0.504867 0.98217076 0.5069514 0.8879498 0.5167489 0.6024603 0.5517446 0.8629668 0.6145258 1.1195709 0.4070355 0.54976153 0.33867523 0.46925732 0.4138787
0.8581064 0.14602241 0.37839884 0.13903527 0.94259757 0.19071016 0.98695916 0.7292 0.8072151 0.70070416 0.13980351 0.94423366 0.28400674 0.9724318 1.0962461 0.37736875 0.6076207 0.4196059 0.34904903 0.21748975
0.7264379 0.18643884 0.77210313 0.5431009 0.35150257 0.81422645 0.8928655 0.34307697 0.8844137 0.21951686 0.1885414 0.38799652 0.3777316 0.5063188 0.3472843 0.8078996 0.7212303 0.56400764 0.63933265 0.9753242
0.2021033 0.5625421 0.7848385 0.21286155 0.63643354 0.9071098 0.25861922 0.8268288 0.60519755 0.51881164 0.40466595 0.81151974 0.38477856 1.0494275 0.31133378 0.5784843 0.28470248 0.9214022 0.8161627 0.56879574
0.8909668 0.21532737 0.85143197 0.43083215 0.8999698 0.09553812 0.8151571 0.97839576 0.30443376 0.5053739 0.9044324 0.19077939 0.8199519 0.8870022 0.077504925 0.313803 0.5104164 0.44295228 0.25276986 0.97334665
0.8563821 0.18986017 0.6137607 0.48006582 0.3729277 0.4351516 0.43252727 0.2715896 0.37894726 0.1839791 0.87993366 0.85153013 0.76426303 0.8469205 0.34764424 0.90179974 0.48806542 0.40520814 0.90656525 0.90268284
0.3748294 0.31602144 0.5196106 0.47513628 0.07687381 0.43402815 -0.110717766 0.73820734 -0.12520699 0.7855439 0.6968434 0.5915057 0.6812044 0.22948399 0.20121637 0.3015843 0.6867894 0.77739495 0.2869846 0.8036061
0.2775698 0.79550576 0.17533776 0.2600261 0.37400448 0.70166725 0.3133513 0.02555039 0.50986564 0.8268244 0.052553862 0.31767377 0.5427073 0.13202491 0.82929134 0.7931293 0.89632666 0.7110616 0.05683199 0.17111374
0.27996773 0.49918061 0.5387831 0.6311939 0.2889351 0.6862087 -0.007955991 0.6126212 0.3975932 0.12957351 0.5578535 0.60978204 0.5328524 0.6776738 0.4301215 -0.051854886 0.15148088 0.40043527 0.123891614 -0.046835393
0.5351936 0.31015348 0.26950803 0.37382966 0.43644238 1.2010068 0.3562056 0.5833617 0.7705988 0.52414805 0.53622365 0.92233574 1.0897621 1.1837063 0.51898646 0.47212476 0.2900806 0.5772583 0.75587165 0.93868953
0.82910174 0.9266707 0.8834443 0.69469064 0.5329779 0.8494762 0.6823634 0.22875223 0.5122778 0.71565413 0.48949334 0.91274995 0.42787898 0.6244063 0.55710524 0.52571213 0.5032698 0.8153653 0.3198738 0.67926025
0.8384215 0.61967963 0.42686158 0.6060909 0.8284784 0.48167452 0.7371189 0.682741 0.37507713 0.7060438 0.9717765 0.18801545 0.19272481 0.5232553 0.8482581 0.37809363 0.60556775 0.18105689 1.0429932 0.2818146
0.7972247 0.43718064 0.78756 0.8547316 0.8749629 0.87877774 0.7014162 0.9807601 0.21488412 0.30457944 0.80104214 0.8881411 0.25323907 0.17018117 1.0457273 0.26196355 0.79351664 0.12656371 0.9799596 0.5535686
0.47121373 0.20816803 0.12275228 0.25308338 0.8341292 0.84111756 0.36268762 0.248106 0.109259315 0.83617735 0.87009865 0.56542754 0.8426904 0.5597285 0.5321017 0.49693096 0.9021329 0.74138135 0.19287267 0.049136236
0.17431955 0.24862811 0.9694301 0.23284493 0.1826552 0.21834792 1.0023731 0.17492343 0.84689164 0.73712105 0.57673687 0.32296887 0.5488626 0.6201658 0.59983116 0.794559 0.44705954 0.7251962 0.124568634 0.2964057
1.047392 0.3069862 0.66265446 0.27313468 0.1545362 0.40366024 1.0499865 0.6346334 0.7556187 0.54894644 0.4542545 0.16906756 0.20729227 0.6994564 0.2762495 0.7990692 0.29017052 0.66442776 1.0240927 0.8246336
0.5112399 0.5942794 0.12196696 0.6212562 0.6065019 -0.2093867 0.6957378 -0.101320535 0.62153405 0.5493848 -0.2015525 0.16443865 0.15137014 0.2867122 0.45050275 0.16896917 0.40586895 0.05914565 0.2504839 -0.08233564
0.6705316 0.79912347 0.96613497 0.33974943 0.28009093 0.1778761 0.4198615 0.5360526 0.22101116 0.1361001 0.17826153 0.60063016 1.1015458 0.23961544 0.9972791 0.2725864 0.48477638 0.38247776 0.6495108 0.62489533
