0.15430525 -0.1077136 0.23605013 0.24342448 0.4398435 -0.08807254 0.59028697 0.0058146846 0.5729267 0.843602 0.6880313 0.13312212 -0.028549226 0.5281113 0.68020946 0.75258404 0.4845782 0.5346564 0.3406278 0.36045706
0.711452 0.3064107 0.35546136 0.74384266 0.65382165 0.29445145 0.3505257 0.35350537 0.19727229 0.29449135 0.0609687 0.7730161 0.7312106 0.3951058 0.7764496 0.43797925 0.53412044 0.8579606 0.19055532 0.8864519
0.8280728 0.63104784 0.70188785 0.31480515 0.14498246 0.40615308 0.20717292 0.72995555 0.68577945 -0.05678069 0.15701641 0.37602988 0.4448247 0.30389038 0.19217889 0.34577748 0.7719524 0.48491758 0.78992975 -0.02926431
0.12067546 -0.116387315 0.57094485 0.094972335 -0.082416706 0.79001683 0.6928205 0.5460493 0.833738 0.699096 0.3535824 0.03977091 0.4142555 -0.09657551 0.771001 0.47248733 0.71221226 0.6740067 0.45657814 0.6558154
0.624294 0.1035539 0.55626464 0.547222 0.5987187 0.68421286 0.28862366 0.58573556 0.87198406 0.04130574 0.7253558 0.3818296 0.29522255 0.04853232 0.18538193 0.7974049 -0.021153657 0.56501096 0.54260725 0.34464395
0.76813644 1.0475477 0.76475775 0.2620633 0.65940547 0.31586745 0.16894217 0.4225626 0.20375179 0.13713975 0.97033685 1.0262651 1.0359983 0.91180485 0.29238635 0.45358974 0.25561905 0.26011282 0.79576766 0.7496753
0.6973384 0.20436613 0.65629905 0.5916345 0.39924818 0.46105102 0.5979311 1.0639353 0.9660253 0.6026846 0.6917884 0.9257778 0.7499751 0.6751867 0.46582818 0.12881774 0.3971925 1.0466561 0.14874211 0.14259173
0.27154493 -0.0838071 0.24404226 -0.15257643 0.50701195 0.71560043 0.8105551 0.03848528 0.63242203 0.73479635 0.6679462 0.17675784 0.48252383 0.7747717 -0.011887692 0.704115 0.44095403 0.51662993 -0.10114941 0.060434565
0.29823473 0.38669538 0.7970768 0.91220933 0.35730094 0.3190412 0.47918648 0.5646175 0.2526509 0.13589813 0.80982447 0.57418597 0.20836826 0.969555 0.21016878 0.6894457 0.20440148 0.8868187 0.87505496 0.25195214
0.9063258 0.54502034 0.56182355 0.3714026 0.13884342 0.5078279 0.8163345 0.506507 0.15581729 0.091526784 0.034489676 0.32232535 0.0025549994 0.79789454 0.8971269 0.12552962 0.5154699 0.6142157 0.7182018 -0.055393074
0.6882682 0.80889857 0.7162482 -0.017764965 0.31618914 0.78603804 0.016744077 0.30910897 0.1425699 0.42377368 0.27874878 0.6784239 0.5199896 0.11826522 0.08244693 0.5950537 0.65032333 0.8188057 0.16674411 0.68724924
0.6976039 0.3265319 0.69402206 0.38339064 0.52692854 0.3141465 0.20762864 0.100707665 0.22967397 0.9076986 0.45059592 0.72924453 0.120812215 0.75035167 0.11780443 0.88603014 0.27707845 0.48357394 0.78198373 0.9620926
0.8423972 0.42078716 0.14601377 0.5146965 0.5120426 0.25554618 0.87107724 0.8872204 0.3092432 0.064286016 0.68054456 0.8035338 0.45906764 0.85994625 0.14930467 0.40400794 0.13262917 0.0929618 0.5620155 0.9364239
0.5346453 0.72154784 0.41685766 0.2020551 0.45732763 -0.03949174 0.4111124 0.20446055 0.14762902 0.8451835 0.27959254 0.46002465 0.9034414 0.39086956 0.2393526 0.15684961 0.4374394 -0.01275717 0.27785742 0.015620458
0.4797554 0.42321467 0.5993228 0.84033376 0.4641497 0.039188962 0.72090834 0.1369147 0.6492824 0.63756704 0.31702888 -0.032303147 0.2187884 0.6741438 0.7026782 0.47579473 0.1218465 0.4079794 0.61278653 -0.008537157
0.44635397 0.32811582 0.4421388 0.78113496 0.4754784 0.41842633 0.18170501 0.9836514 0.7899187 0.8256214 0.2775567 0.20492084 0.4175204 0.8186496 0.8766774 0.5103987 0.72594154 0.844296 0.77548516 0.37427822
0.9609964 0.10975242 0.20710012 0.43184656 0.59753066 0.7210227 0.39308003 0.73394156 0.27969325 0.7086335 0.07550927 0.05269556 0.11037649 0.07695959 0.1591016 0.6461419 0.22051257 0.8817597 0.9154559 0.41247898
0.5745924 0.68731546 0.84650165 0.04665685 0.29531646 0.12743843 0.033348285 0.94975305 0.5586768 0.24509391 0.4187742 0.81438136 0.6317857 0.74219376 0.50630975 0.6758049 0.16089463 0.4480235 0.360239 0.6959226
0.066732734 0.08363018 0.70175564 0.28146473 0.35548264 0.44384548 0.48508602 0.40638614 0.06683974 0.2596039 0.86545753 0.64508486 0.49642456 0.6493487 0.73091537 0.06887983 0.89236265 0.75346625 0.5411617 0.042253964
0.91748565 0.9019106 0.45975804 0.60075825 0.26077232 0.48979905 0.5096768 0.7544058 0.6434253 0.34523085 0.43609142 0.4661621 0.7343506 0.12393166 0.8145766 0.23585819 0.080978066 0.10935955 0.5841305 0.7998744
0.13520887 0.103365995 0.65277475 0.21199013 0.65645623 0.36021993 1.0155988 0.91715705 0.60331655 0.9232661 0.40700048 0.11606409 0.35275015 1.0297283 0.296739 0.4634514 0.6717348 0.4243923 0.24681997 0.3684914
0.5904793 0.3538718 0.7611783 0.58070207 0.85498434 0.7909081 0.919875 0.7793967 0.8804193 0.19023152 0.6335219 0.29634577 1.0577921 0.42967528 0.18508399 0.39124945 0.6706367 0.23317282 0.43257216 0.31386355
1.0252411 0.24436663 0.37469473 0.86782426 0.56032836 0.51610935 0.22039379 0.44536135 0.84924334 0.5072229 0.584359 0.37876874 0.34484112 0.695743 0.2656382 0.7216852 0.7902671 0.97704864 0.5773015 0.6212409
0.6317271 0.3882829 0.338524 0.7333284 0.20755008 0.34092268 0.568571 0.5488886 0.114211135 -0.11262509 0.5059183 0.24318409 0.5890083 -0.045938257 0.5183774 0.046628036 0.16470622 0.8019216 0.33111668 0.37647995
0.3358763 0.11551909 -0.06680397 0.11152387 0.5623807 0.5472584 0.50092596 0.6496722 0.28187048 0.53368056 0.47094014 0.43613014 0.20896094 0.13573906 0.53530365 0.66548145 0.4941363 0.663622 0.72628355 0.7649479
