0.9063692 0.65030605 0.11381929 0.8610206 0.68375987 0.4506755 0.74667615 0.9539065 0.7868209 0.9876223 0.52737844 0.25233242 0.31217226 0.3261259 0.6866112 0.5193796 0.6978083 0.43778202 0.24938108 0.3346393
0.9124087 0.47686774 0.244326 0.88205945 1.0139081 0.12193137 0.1811401 0.13243462 0.91784143 0.32070157 0.3019993 0.9871159 0.19423524 0.19668028 0.6099004 0.61706585 0.5821309 0.5808003 0.55225074 0.2796966
0.82225794 0.61614347 0.30973303 0.75515896 0.9859997 0.19020218 0.5497604 0.4625209 0.28028274 0.865667 0.18499726 0.3083892 1.0747823 0.83095753 0.61909294 0.21754189 0.3947202 0.78051865 0.44291338 0.61129785
0.7966929 0.37418705 0.27954403 0.50538796 0.10384407 0.8051299 0.33888224 -0.065410495 0.47510016 0.2135619 0.5205688 0.48768574 0.32466874 0.17330943 0.5851724 0.8281946 0.8286604 0.5743485 0.07864203 0.27771488
0.5876381 0.5400933 0.5100985 0.29139295 0.9432659 0.30540362 0.8751574 1.0072942 1.0508027 0.34316176 0.25485516 0.5269296 1.1245565 0.7962245 0.29720536 0.2842544 0.7198472 0.89904934 0.7122419 0.66896576
0.5838899 0.09827141 0.9375447 0.48602292 0.10430152 0.6574313 0.3847171 0.48066294 0.68651336 0.25338826 0.82053894 0.96144575 0.8769966 0.409452 0.43159404 0.32946438 0.4287032 0.76653886 0.9653592 0.72649664
0.42499983 1.0344827 0.30314693 0.5661428 0.4283869 0.46826532 0.3222819 0.15997745 0.59114724 0.7150038 0.87731504 0.5090931 0.62003875 0.80768776 0.15032712 0.8500745 0.9827035 0.10952778 0.98511183 0.4545118
0.72554445 0.65886855 0.745765 0.16907726 0.69499046 0.4038884 0.5244615 0.98526275 0.6347678 0.48286885 0.63749784 0.50659585 0.13921143 0.20790496 0.3565038 0.25630298 0.54474884 0.96850526 0.5118796 0.13755035
0.9592649 1.0297444 0.23337922 0.7165443 0.27613133 0.60102826 0.4436932 0.5497733 0.7943333 0.4126058 0.4493832 0.73267233 0.70601374 0.3503288 0.60029143 0.39360493 0.6263646 0.3893571 0.6105885 0.5918242
0.6180097 0.41348904 0.45615834 0.54648495 0.4110482 0.059164908 0.4067689 0.044671264 0.6445483 0.8286718 0.5538185 -0.028288448 0.89264935 0.90213716 0.8393735 0.13721299 0.3152615 0.75746423 0.5656595 0.69055164
0.4154403 0.625602 1.05264 0.5653111 0.2033864 0.7842443 0.24988054 0.4688113 0.5054883 0.60196 0.76491106 0.49555564 0.6229675 0.6792873 0.17420344 1.0683748 0.3744281 1.0511392 0.24553144 0.38567603
0.7534436 0.4598749 0.4329321 0.11444589 0.16865164 0.48824608 0.45806125 0.08511901 0.30290255 0.076032594 0.87331676 0.8539976 0.18348062 0.6091115 0.7256528 0.5078808 0.13132419 0.69785005 0.33978912 0.49926412
0.5836667 0.52854604 0.39845848 0.35732037 0.6139041 0.12237787 0.27402598 0.95971483 0.1055478 0.90707153 0.11225132 0.75946873 0.4367243 0.42925814 0.75149846 0.58348584 0.25010428 0.5395504 0.2470039 0.9897029
0.4418855 0.9339423 0.66241574 0.37753543 0.93217087 0.76574504 0.2482284 0.23944601 0.2782682 0.90888935 0.32067472 0.5323507 0.24908258 0.13407728 0.83838385 0.13258366 0.3181748 0.31014872 0.7755541 0.8819934
0.5818043 0.7798878 0.23753579 0.91001093 0.054618955 0.47577798 0.29487985 0.66067284 0.62429196 0.21988375 0.15533993 0.7139938 0.014998155 0.04197023 0.2980966 0.30287856 0.41433692 0.87871915 0.633703 0.37108263
0.657311 0.14102268 0.8760894 0.25787884 0.3111673 0.4629333 0.1962193 0.46739239 0.54103965 0.95761186 0.12042935 0.31528562 0.35350084 0.75237215 0.91911376 0.3470501 0.19753644 0.83931303 0.7570278 0.60945135
0.49202123 0.14637151 0.7878346 0.22344889 0.180686 0.70656055 0.55818844 0.879005 0.9219947 0.2948924 0.79413164 0.94599813 0.7228224 0.4053295 0.17519633 0.81145346 0.7359163 0.520404 0.17055796 0.96000844
0.766788 0.7782375 0.69514656 0.7710228 0.8532084 0.10333144 0.107188225 0.32277256 0.45821053 0.3278456 0.37981975 0.6001017 0.5185198 0.56543 0.9124848 0.7063717 0.089846216 0.50911355 0.32501492 0.39879835
0.50054944 0.8350512 0.363023 0.054446574 0.035649084 0.73016715 0.21049747 0.5834069 0.5643875 0.8527703 0.793711 0.7478229 0.14708638 0.29914662 0.7159219 0.867228 0.07962536 0.55824876 0.78978705 0.2145744
0.6105023 0.42347655 0.39017716 1.0197417 1.0396272 0.52364105 0.44464856 0.76787466 0.17675951 0.18789457 1.0143306 0.44447654 0.51091474 0.71040505 0.80202115 0.28029573 0.32924122 0.36122093 0.4827164 1.0687085
0.25258797 0.22295804 0.55446494 0.59460205 0.31659463 0.91605395 0.71717197 0.7831021 0.24114865 0.75229657 0.31118202 0.11171917 0.7991765 0.33843938 0.09324875 1.0316187 0.60441816 0.75042146 0.42447788 0.39991307
0.974811 0.5255962 0.7632322 0.36812374 0.8042932 0.59232455 0.38314638 0.8029796 0.6138521 0.80856013 0.104144216 0.6013802 0.28247616 0.91053146 0.3971303 0.66487706 0.80441797 0.3766836 0.8702057 0.9935059
0.77078533 0.19798496 0.50086385 0.925374 0.8025876 0.259288 0.44425902 1.03899 0.68934995 0.8617109 0.85031116 0.46698648 0.94959676 0.5104767 0.39812526 0.3370582 0.5053061 0.966649 0.9421091 0.38291967
0.32656595 0.5242516 0.6026916 0.43025497 0.7325085 0.07094274 0.32624432 0.33169243 0.8829637 0.7752148 0.5778831 0.4442637 0.14937013 0.11275539 0.9273316 0.61371046 0.4084516 0.19897097 0.89395005 0.7907593
0.6429798 0.077605926 0.9271847 0.43167982 0.6109493 0.04915362 0.41707107 0.17716855 0.6293345 0.226131 0.90803516 0.3340762 0.17147411 0.9434963 0.21100365 0.119379155 0.63361794 0.13956635 0.57482314 0.30242264
