0.80822563 0.5500539 0.7880087 0.04117315 0.4033051 0.20094477 0.22084346 0.54675025 0.17137708 0.36467743 0.52700305 0.08122457 0.43349862 0.29679975 -0.056426313 0.3598652 0.7679975 0.1925981 -0.14962119 0.72565323
0.7621199 0.274958 0.37908903 0.5980703 0.8289883 0.3241186 1.0571008 0.31004223 0.6793543 0.5909773 0.65627205 0.7895952 1.0201815 0.94834054 0.6153382 0.5888385 0.9600207 0.2321237 0.85618466 0.31074283
0.89494437 0.61708444 0.069885515 0.8730715 0.48743033 0.38593897 0.42104366 0.262973 0.67884475 0.8267749 0.9161524 0.6659547 0.8570837 0.58406305 0.83726156 0.6623782 0.021095589 0.35435686 0.38305527 0.65055114
0.5089329 0.3849144 0.24783777 0.5345368 0.701806 0.01476059 0.44634923 0.43840554 -0.128246 0.0340558 0.3760699 0.40729317 0.5692835 0.22908692 0.06051122 0.3497146 0.16233222 0.7023344 0.70440966 0.65233624
0.7639642 0.048988394 0.10174016 0.91228575 0.081747316 0.6517036 0.013876647 0.47387767 0.88600594 0.0114311855 0.8708404 0.57929546 0.7246027 0.6672829 0.7169656 0.5584988 0.24015357 0.4262953 0.81213886 0.60764366
0.83646727 0.49159876 0.16034044 0.38950226 0.14582571 0.75709397 0.45315006 0.35181218 0.5590368 0.5551083 0.56459 0.5420708 0.7265542 0.46385294 0.7605544 0.8216317 0.1269564 0.73498863 0.3906848 0.13495375
0.10092505 0.70006686 0.6089462 0.9828039 0.09076608 0.101422995 0.8852727 0.3401525 0.11218954 0.39398533 0.6002595 0.99766654 0.6565221 0.89390504 0.39694512 0.15529309 0.81388414 0.1798037 0.6731752 0.45061833
0.19337894 0.77452534 0.37438354 0.82174325 0.6323076 0.35724977 1.041084 1.048768 0.41271678 0.55665225 0.4858167 0.5061557 0.24363306 0.21158274 0.44159126 0.9892864 0.87052524 0.86282146 0.4241283 0.4227823
0.30455253 0.74282724 0.5265836 0.34681213 0.21718575 0.8668376 0.38581198 1.1228559 0.2728608 0.41587046 0.44177726 0.28158545 1.1566588 0.35780692 0.23050311 0.72681415 0.40451384 1.019877 1.0430079 0.6911068
0.07500411 0.77234393 0.073336504 0.24632184 0.23855802 0.3278305 0.96611536 0.30156392 0.7572683 0.4994406 0.25499704 0.8295727 0.22962707 0.9928408 0.52019536 0.11999911 0.53715044 0.15740633 0.26227146 0.3547933
0.20126514 0.70819825 0.32781497 0.18377678 0.76182145 0.1875616 0.8085118 0.88883173 0.61290336 0.8543779 0.7217282 0.8749836 0.95524246 0.71263903 1.0779359 0.40729648 0.67101675 0.47728136 0.59560496 0.6383863
0.41996735 0.4612299 0.8570633 0.80225205 0.69905823 0.6846797 0.37524906 0.9779464 0.24189864 0.4252574 0.19747493 0.41108054 0.95801866 0.30473337 0.96980816 0.18818425 0.45603132 0.29551613 1.0071807 0.7867118
0.09666507 0.9903432 0.46051168 0.2332495 0.96074176 0.45558313 0.37636432 0.728676 0.40863907 0.20960914 0.16160206 0.10655757 0.45899716 0.9651952 0.35960385 0.027068835 0.5356781 0.17967594 0.65388596 0.3623345
0.12635879 0.119870126 0.28375012 0.19731589 0.6206523 0.47645608 0.81458634 0.39538145 0.68973374 0.8074874 0.15555097 0.1843871 0.15412833 0.51671726 0.23805618 0.36822805 0.53251374 0.21242435 0.39737684 0.056504082
0.40935892 0.43323737 0.91182 0.587744 0.8239482 0.27880916 0.43712056 0.84302676 0.95438075 0.62629795 0.11541359 0.63903517 0.2341105 0.39516595 0.9972573 0.30544943 0.76322246 0.25743678 0.4929846 1.0443416
0.73631305 0.5049752 0.25250888 0.43750605 0.38075653 0.19195588 0.65374714 0.6614834 0.65659195 -0.050187938 0.21990585 0.6308274 0.57806844 0.7366435 0.22441685 0.36655265 0.22356775 0.4785126 0.40933627 0.44723603
0.6453919 0.48118898 0.30167794 0.78097105 0.8004724 0.50573635 0.66116863 0.66570807 0.009653922 0.22051263 0.10334314 -0.07504211 0.5978324 0.44510445 0.76557976 0.106316544 0.25421134 0.11844463 0.6034319 0.4561009
0.5603573 0.71947205 0.24650745 0.8105235 0.8300746 0.8348424 0.15026845 0.21027826 0.22099306 0.379626 0.17312905 -0.1090785 0.5200238 0.483861 0.5841887 0.34340304 0.70269126 0.6526024 0.2849009 0.22463305
0.60711855 0.5167221 0.85216683 1.0438752 0.7714638 0.3772688 0.20751058 0.72320443 0.42227924 1.1531209 0.6119117 0.2841887 0.3663384 0.25135908 0.5378891 0.81683266 0.7130891 0.908952 0.7942894 0.7255934
0.4302247 0.14173701 0.8588892 0.17212754 0.35081977 0.11787033 0.40357754 0.42219952 0.41481248 1.020317 0.8454489 0.16160713 0.3883585 0.375077 0.38264254 0.48477343 0.9360312 0.5659733 0.5140263 0.9781777
0.9497828 0.86271644 0.9828775 0.62154347 0.71287733 0.81150484 0.12137228 0.9376472 0.65793365 0.49818432 0.7636889 0.7427269 0.4908257 0.128069 0.20913668 0.8466463 0.43507636 0.36098593 0.41787747 0.18938078
0.2757326 0.32225958 0.7493146 0.8127765 0.32198235 0.9011863 0.6209288 0.72389543 0.1635622 0.23662797 0.74556875 0.8406995 0.99364495 0.2879784 0.75598997 1.0589596 0.5892073 0.4793898 0.4455268 0.32056502
0.7826869 0.7105641 0.44825467 0.90279853 0.77962285 0.531376 0.7060874 0.32435316 0.4773143 0.3943168 0.46952 0.38607904 0.95101315 0.83206075 0.8850222 0.89151484 0.6512066 0.07639867 0.24846701 0.04805199
0.11099693 0.29169074 0.7614515 0.4229172 0.4742087 0.52053106 0.6377862 0.77542317 0.8127024 0.9440036 0.9161294 0.65809584 0.4521362 0.7229841 0.5110812 0.12191524 0.5088757 0.2591434 0.10180324 0.21444798
0.629987 0.8222028 0.903146 0.548974 0.37825748 0.1985049 1.0058961 0.35309488 0.6149396 0.25460008 0.8707711 0.8522134 0.56747293 0.41325298 0.7380989 0.3127947 0.16430022 0.36177108 1.079346 0.1820342
