0.4553447 0.35270154 1.0675758 1.0306003 0.22206587 0.3248875 1.1030024 0.82382125 1.6087745 2.175751
0.29657096 0.32060036 0.29505745 0.24790652 0.38695025 0.3374615 0.46385372 0.23345837 0.33638874 0.35608476
0.48152924 0.506997 1.7317288 1.3500831 1.0781776 0.73664254 0.47783476 0.7371077 1.4588236 -0.5393838
0.843485 1.2925702 0.75630164 0.7788588 0.5970517 1.7435577 0.46293813 0.78322816 -0.06757297 1.0741962
-0.38957205 0.6662963 1.3017983 0.6601356 1.0588418 1.1109437 1.5616454 0.6456082 1.1276661 0.51361006
0.29720777 0.68556714 0.81451297 1.6466341 0.3968582 1.1974516 0.4411398 1.1782943 0.8881877 0.2978253
2.1109407 1.1056724 0.74265397 1.0834465 0.5695911 1.7186441 0.10371861 0.57938355 0.3022832 0.103328645
0.006598651 2.5013943 0.08447074 0.40537435 1.6753027 0.25218934 1.2647974 0.3709665 0.7494279 1.6470375
0.74922955 1.1200119 0.6530164 0.19941776 1.1077476 0.5965119 0.68105155 0.87748575 0.7876417 0.22462113
0.7214828 1.3440579 0.3491964 0.6997004 0.9320871 0.6165665 1.0491453 0.69022393 1.3308628 0.29211667
1.3702649 0.82529926 1.1427985 -0.12137864 0.9285384 0.8030618 0.9999017 0.91424847 0.32569346 1.8072195
-0.03259787 1.1413591 1.1020241 0.42655468 0.72878784 0.60335946 0.64560205 0.665765 1.9223429 0.88293666
0.7182786 0.5073666 1.6826148 0.75864476 0.47607574 1.1816397 0.30634943 1.439294 1.3983063 0.61673075
0.5926547 0.6818179 1.1814708 1.0086812 0.660802 0.572782 0.7016774 0.8672615 0.5184705 0.35300967
1.5900431 1.2817045 0.07701663 0.5428335 0.82285213 -0.48411545 1.0385838 1.8550285 0.55389833 0.60519785
1.0283215 1.0339234 0.6466968 0.5013142 0.4919577 0.45691305 0.20182753 0.55950445 0.68987036 0.40692404
0.2187379 0.83701044 0.7652503 0.3403744 1.5045892 1.1822445 1.0964811 0.47377726 0.85677 1.0574397
0.7252787 0.6562442 0.5449633 1.2252935 0.52756286 0.4160684 0.88301545 1.7784995 0.80566436 0.7711461
0.42960086 0.3037114 0.5405879 0.5165686 0.5383312 0.69111794 0.73879135 0.65844417 0.22427101 0.5592313
0.5584361 0.8663794 0.74984217 1.6325719 0.6935223 -0.1266508 0.5886297 0.94160783 0.6842315 1.2406751
1.365237 0.30044556 0.9794011 0.16175371 1.089024 0.57865787 0.73976344 0.29242918 0.13096286 1.8191916
0.10489937 1.8611121 0.0862093 1.1637354 1.1330868 0.96364784 0.71140075 0.9548556 1.0082403 0.28254443
0.59790546 0.84707683 0.44087762 1.1744013 -0.43475467 0.4047342 1.5260692 1.2774813 1.3305818 0.7784787
1.4368126 0.49458754 0.5146366 0.30610466 0.55854326 0.2578843 2.070268 -0.45485622 2.4855022 0.9881918
1.0514166 0.82589954 1.1631799 0.7967933 -0.23636585 0.7709695 0.91066974 1.2209218 0.25351706 1.5325948
