0.74295723 0.24537699 0.2885482 0.75756186 0.1804003 0.52109325 0.550149 0.9496628 0.33579835 0.56683075 1.0173169 0.46704492 0.38006675 0.40289354 0.9495542 0.23879096 0.7562854 0.5495089 0.5853736 0.91554326
0.33956325 0.3611211 0.64050037 0.2489867 -0.04533369 0.6966958 -0.057078008 0.47775647 0.741312 0.58426833 0.12826046 0.25116026 0.4124974 0.40544683 0.19072838 0.34788203 0.54728794 0.057346664 0.653331 0.33179623
0.7544826 0.15593834 1.0308521 0.94905037 0.40019011 0.88071555 0.37306833 0.8973793 0.6010985 0.23131545 0.18887487 0.66491336 0.3371067 0.8587263 0.76001275 0.7282124 0.22026224 0.2638819 0.22318351 0.7605805
1.0223722 0.15506615 0.42001376 0.88787806 0.92679477 0.21820338 0.9315994 0.14688247 0.77378726 0.9050023 0.30404437 0.15711519 0.78613365 0.3479329 0.17001845 0.34388274 0.8509269 0.5197573 0.8911466 0.8786779
0.8654569 0.32701766 0.86224014 0.65871227 0.6347714 0.23239699 0.3105393 0.64189166 0.5749843 0.60237455 0.56853086 0.53694224 1.1588397 0.911486 0.32319236 0.63652384 1.0981195 0.25585425 0.5149554 0.9826734
0.82574356 0.5956023 0.8220173 0.8952823 0.2405652 0.13271847 0.6148562 0.55106544 0.34935185 0.09781484 0.4030311 0.4348843 0.4582202 0.83460385 0.5324436 0.19568722 0.7842668 0.25705293 0.21125567 0.8606688
0.34390506 0.8362386 0.7369933 0.45899948 0.5747826 0.5097266 0.8224237 0.87599444 0.95297456 0.44640177 0.25599584 0.5244926 0.17967038 0.6494151 0.741224 0.16414003 0.52413887 0.18879005 0.6658243 0.9632429
0.38257095 0.83461374 1.0860981 0.24161866 0.7457131 0.5127168 0.7685797 0.9652152 0.76479304 0.29696423 0.32943097 0.21695787 1.0105684 0.5044637 0.6162242 0.9096898 0.76800865 0.5804365 0.32353753 0.80672437
0.70088786 0.3770875 0.95271933 0.49642476 0.27653995 0.576978 0.77111214 0.43189204 0.7673263 0.6603486 0.15377799 1.0028678 0.24533616 0.37010765 1.0241572 0.82611835 0.7020138 0.4986609 0.37949947 0.20070921
0.20699626 0.96524274 0.9938098 0.59845245 0.6896104 0.23847187 0.5116995 0.3436711 0.14152287 0.60579485 0.9991919 0.43156528 0.5742304 0.85870755 0.18204786 0.79336846 0.59421194 0.36980683 0.5798625 0.7408366
0.4547619 0.77621347 0.60005975 0.37471718 0.2969085 0.03921239 0.75676155 0.40797412 0.35039973 0.29661632 0.16056523 0.54301894 0.680667 0.6832205 0.45637426 0.40506324 -0.082475916 0.050341908 0.7546717 0.5745565
0.59095746 0.8504991 0.19218 0.8767285 0.5419898 0.7931203 0.18285345 0.36946782 0.29133755 0.33849666 0.9634466 0.47550416 0.28093648 0.06101809 0.90450466 0.29073977 0.70085037 0.39401752 0.33935645 0.6256001
0.7669939 0.826782 0.7214768 0.83844143 0.6665157 0.5889246 0.30534884 0.20539293 0.28615093 0.6211163 0.79060036 0.72341067 0.70654535 0.93474996 0.64907116 0.27466586 0.5075487 0.16359879 0.029131193 0.6789079
0.16906008 0.68072695 0.25112545 0.231453 0.009877398 0.3389381 0.4611242 0.5591827 0.14282091 -0.07521752 0.6068515 0.6778094 0.10715491 0.6334373 -0.09855742 0.32317665 0.6838312 0.06829359 0.5433741 0.8159118
0.6891368 0.41212025 0.229459 0.7378566 0.692754 0.7867961 0.6850255 0.03582634 0.8166126 0.2564164 0.12866157 0.73967665 0.9366538 0.4656826 0.6420212 0.0862187 0.2614874 0.6469273 0.5746209 0.4722414
0.643195 0.2822664 0.35547024 0.336829 0.11418981 0.93918025 0.23295683 0.71869165 0.86177546 0.65434444 0.3569326 0.1052078 0.433402 0.6300892 1.0288042 0.18994817 0.8512306 0.4789169 0.29071766 0.69159126
0.73932284 0.2218596 0.8337477 0.1697907 0.42022738 0.7059556 0.37950736 0.9368556 0.711313 0.6895917 0.76955724 0.95815223 0.5494153 0.49880573 0.6640865 0.22989127 0.07092197 0.46184182 0.77371395 0.5456803
0.26791987 0.11593403 0.7799673 0.12911636 0.7412169 0.07637728 0.1772876 0.87164795 0.3439184 0.44467545 0.11923096 0.88554275 0.48469102 0.36182216 0.90070194 0.29283854 0.68767357 0.9953272 0.77436393 0.63392156
0.9874854 0.5094731 0.9671922 0.20749532 0.20961156 0.9993386 0.7100959 0.717969 0.6658033 1.0647513 0.4070644 0.8342126 0.77914435 0.4351331 0.1579694 1.036283 0.31124085 0.22392741 0.7223359 0.7174856
0.88757116 0.6795687 0.7291017 0.49111685 0.4798015 0.30820772 0.7751437 0.6423793 0.2831262 0.2696478 0.22750294 0.688379 0.79082435 0.7944514 0.26488465 0.85835236 0.74337184 0.3178344 0.49943584 0.65168494
0.51650476 0.5934708 0.20249614 0.4187751 0.6142728 0.28834054 0.07696403 0.5469193 0.99384356 0.2684653 0.083386555 0.5178763 0.47469628 0.9760588 0.1089057 0.4917438 0.79013675 0.5781036 0.6110087 0.9542404
0.5099318 1.1870838 0.50694174 0.5527817 0.3220655 0.44364545 0.69447476 0.61427313 0.2266765 0.5211664 0.78809863 0.7406637 0.4639821 0.4212263 0.7205548 0.38432953 0.29018477 0.7158014 1.0499483 0.40439913
0.40370905 0.5104449 0.31056774 0.56747586 1.0214654 0.4407972 0.44738457 0.89291614 0.43872878 1.0530854 0.42298716 0.6625042 1.0593439 0.40261444 1.0736814 0.36169454 0.33191475 1.1158285 0.3423684 0.9727555
0.1089634 0.80330026 0.15991679 0.26156253 0.5343973 0.9964749 0.9001284 0.20735449 0.6288915 0.30670407 0.5625421 0.7203721 0.28210244 0.8886248 0.9410462 0.7964506 1.0074937 0.7186453 0.5510386 0.12403656
0.14621317 0.22643736 0.6145895 0.17047629 0.5217028 0.5531843 0.6860994 0.4117273 0.7715431 0.87509745 0.8824498 0.014976196 0.7186532 0.30086488 0.34683126 0.074024245 0.061216846 0.27554676 0.43634555 0.46724263
