0.3761241 0.3724514 0.96077365 0.5088559 0.06531176 0.49098614 0.6442828 0.9504999 0.84579927 0.27983317 0.981598 0.78584296 0.8615135 0.451835 0.37003583 0.74134314 0.27005568 0.28799596 0.7586555 0.6273021
0.8032065 0.0476313 0.48205724 0.48933148 0.40683398 0.27737066 0.015314648 0.7207902 0.6075832 -0.05869966 0.46056733 0.30529687 0.20042974 0.31892386 0.71819997 0.115415305 0.38792044 0.8146157 0.886246 0.68149924
0.9038864 0.20204234 0.21343476 0.9821646 0.76453394 0.14506884 0.1442197 0.5949188 1.0362476 0.30897462 0.09568141 0.15070981 0.9870636 0.38168812 0.22592586 0.768916 0.37368885 0.98888195 0.4206233 0.541693
0.027662547 0.56589335 0.60464704 0.7995802 0.17424831 0.28317752 0.4855546 0.82792556 0.7654105 0.03757216 0.32855707 0.8668514 0.63171667 0.4391478 0.2997606 0.80727863 0.7311924 0.75309414 0.41314456 0.47425237
0.9328293 0.6189847 0.70387685 0.42681172 0.45389497 0.16752234 0.16296801 0.94782376 0.123180754 0.51593935 0.9747631 0.91701365 0.55854243 0.23871633 0.521939 0.5806374 0.94605637 0.50723916 0.52667606 0.6859863
0.07697954 0.30119464 0.47512355 0.85695934 0.6203029 0.29103762 0.90861064 0.7714653 0.44582194 0.30990058 0.5387992 0.6888096 0.27287915 0.7757453 0.5498864 0.8935917 0.8364351 0.68033105 0.38698047 0.98632246
0.84241 0.21310951 0.25862786 0.66524667 0.9613348 0.74806756 0.64858466 0.25732982 0.8781557 0.2219268 0.53456795 0.36311066 0.889485 1.1464772 0.8959207 0.43821198 0.43029538 1.0432453 0.39239475 0.8655414
0.6394621 0.48809198 0.2803882 0.65393573 0.63051474 0.7103068 1.0225288 0.4431607 0.15769961 0.7798954 0.2150257 0.30396885 0.6916397 0.9364905 0.85040265 0.43847412 1.0973835 0.91107225 0.2627241 1.10588
0.39578384 0.12722029 0.4947163 0.20958509 0.72226834 0.58478135 1.0041087 0.6240435 0.6429267 0.78684616 0.9150579 1.066973 0.5965623 0.20990887 0.68282264 0.80908203 0.34535718 0.20560695 0.46745804 0.515563
0.9895651 0.77082723 0.29310617 0.7183472 0.8799388 0.10123041 0.6217653 0.19208145 0.592299 0.9576148 0.7521643 0.8386635 0.31860548 0.820694 0.35605064 0.6580284 0.36542857 0.27035385 0.41413483 0.50926304
0.72143555 0.29433328 0.576223 0.07069238 0.5643119 0.20206566 0.8063799 0.00837031 0.758216 0.32486627 0.8454777 0.30080593 0.06728493 0.40268803 0.65928864 0.6666263 0.72642833 0.2062131 0.032636654 0.3652523
0.90313464 0.82674927 0.692781 0.74477047 0.8239039 0.35838777 0.14226411 0.35718432 0.20054601 1.0202935 0.20183559 0.66428006 1.0061814 0.7823482 0.07456344 0.7546296 0.08502023 0.34513643 0.65547985 0.761754
0.5365425 0.24924682 0.14975764 0.64623266 0.7381498 0.5380874 0.18242043 0.42928252 0.8291558 0.9622578 0.13591006 0.3182815 0.85434395 0.5832032 0.32762343 0.86521745 0.6324148 0.70181197 0.15446347 0.12554134
0.7689144 0.34341073 0.14762284 0.48413524 0.55020237 0.39257416 0.21265677 0.73936355 0.31887347 0.8278406 0.80285734 0.23368336 0.30404785 0.65497524 0.75728464 0.18249999 0.28940812 0.42505735 0.8689653 0.5519297
0.83135724 0.73153704 0.31469795 0.24606271 1.0167997 0.41822445 0.37936693 0.8543437 0.42326707 0.1764083 0.5467437 1.0618184 0.5612123 0.65239656 0.2166638 0.95622236 0.117742516 0.23990947 0.27976993 0.18371798
0.0831989 0.48053637 0.7216816 0.5896765 0.59180987 0.8180838 0.7105223 0.70029455 0.60309213 0.56080055 0.39236835 0.51710284 0.6496136 0.72115564 0.54069287 0.2022556 0.060081147 0.10331339 0.3787967 0.68400556
0.6411564 0.7179902 0.35246688 0.48087737 0.48468712 0.79624194 0.52231 0.77815384 0.25063953 0.23200335 0.79250103 0.79952115 0.37095818 0.8849655 0.970114 0.79368126 0.93320847 0.8092216 0.41366336 0.6009588
0.8496476 0.6733296 0.59877914 0.61321867 0.36253121 0.35663548 0.25263187 0.27027994 0.2762296 0.76037365 0.28957412 0.089395545 0.25300303 0.016931964 0.059596103 0.25564784 0.59034723 0.52209836 0.62658376 0.8998921
0.13291985 0.7641531 0.91679394 0.15325442 0.61977094 0.99618936 0.8622804 0.54412323 0.34578586 0.28926054 0.5723296 0.20808612 0.9240864 0.3898147 1.0198715 0.33947557 0.7524055 0.23749167 0.5423287 0.62776184
0.35656613 0.3601105 0.25554124 0.2422543 0.09005706 0.9120181 0.9185332 0.96410346 0.26482293 0.048972975 0.8384661 0.27406383 0.06730022 0.49399397 0.86604923 0.19850653 0.44179618 0.088237725 0.115161985 0.94636446
0.76371497 0.030827634 0.8163151 0.32211787 0.44311675 0.31982026 0.8649654 0.039958615 0.4132288 0.9540071 0.7287448 0.65490526 0.17852135 0.7256419 0.93435025 0.31625056 0.5313123 0.34333965 0.95002615 0.9396825
0.80252814 0.7737821 0.9852985 0.54327965 0.4897397 0.78141934 0.55650014 0.22692665 1.0583987 0.17349885 0.63090366 0.4709543 0.47207615 1.075234 0.68965465 0.31761277 0.31245905 0.376428 0.5460272 0.15526493
0.35605836 0.5873223 0.39173865 0.23080623 0.68232435 -0.05570919 0.044393748 0.7893219 -0.11724776 0.46731502 0.7371594 0.3214872 0.024473684 0.5817436 0.6729043 -0.15128015 0.3459913 0.6471671 0.5456921 0.26534227
0.40887892 0.03627161 0.10923367 0.49331662 0.6526287 0.2279359 0.38217402 0.8732647 0.34812734 0.82045114 0.4240056 0.39766085 0.5354422 0.3721339 0.73709977 0.5288212 0.66728336 0.713874 0.7288988 0.619806
0.38383058 -0.24170078 0.4341084 0.2601154 0.34304255 0.046501447 0.2695556 0.4413337 0.44484088 0.54799074 0.6384757 0.1710348 0.2486949 -0.07845943 0.4155462 0.614569 0.6503228 0.020230854 0.52086025 -0.1819772
