0.2837378 0.42955714 0.32723087 0.49389502 0.32583737 0.6138997 0.22590242 0.177649 0.70443606 0.33695725 0.6636587 0.24313809 0.49103776 0.034620233 0.92661875 0.87519044 0.6017918 0.904849 0.6566664 0.5662973
0.74964213 0.036301155 0.47407266 0.53275627 0.061568014 0.7966009 0.2298789 0.45259458 0.2728847 0.10489456 0.48625538 0.0148875965 0.77708626 0.5226836 0.05311606 0.5961721 -0.10929518 0.8014508 0.21149448 0.3019737
0.57354933 0.7718143 0.6399883 0.59421575 0.3468443 0.8807278 0.072522424 0.2835788 0.17015852 0.60266125 0.69906867 0.77493507 0.08718063 0.59183246 0.89267975 0.071632266 0.19891997 0.77885306 0.24455234 0.7484029
0.033341445 0.77075267 0.29678768 0.5623022 0.45025504 0.12900732 0.22389328 0.6429029 0.05576689 0.69551325 0.49164277 0.049924992 -0.016603073 -0.01833874 0.4689371 0.7596033 0.07054967 0.48391494 0.053245258 0.8390105
0.006846067 0.2822876 0.3404233 0.6838802 0.7632227 0.60930324 0.20857692 0.35375598 0.09477294 0.14089642 0.6436082 0.05143019 0.42118955 0.5987419 0.22830074 -0.104254365 0.4176608 0.20727514 0.6646362 0.6897619
0.3816918 0.90842277 0.82104963 0.3758738 0.19274995 0.1411626 0.7691654 0.59272975 0.92131674 0.72038734 0.35829803 0.37953782 0.14863434 0.2842175 0.48190668 0.639122 0.4292695 0.50641763 0.63736224 0.5256671
0.4591484 0.32856655 0.76046205 0.36284426 0.44949958 0.6184903 0.106751375 0.92726725 0.2443465 0.3289071 0.47209075 0.7958431 0.69867635 0.36181545 0.11592187 0.954183 0.13123582 0.7199024 0.9726668 0.3389213
0.7307197 0.30860582 1.040858 0.11049563 0.68001145 0.38231185 0.9814498 0.62141234 0.8263338 0.14363684 0.48708117 0.6353395 0.11379648 0.95815504 0.9695987 0.18637729 0.9618147 0.35249525 0.5622959 0.35640866
0.09501094 0.97376287 0.36503857 0.643403 0.9006594 0.4329673 0.6952056 0.7852936 0.21878369 0.057287138 0.8912407 0.83590734 0.36249477 0.96402925 0.61465824 0.80337405 0.5933827 0.5931681 0.16047962 0.5931426
0.05627237 0.6576935 0.3894747 0.9569771 0.792071 0.89830625 0.26953107 0.64794904 0.43274418 0.7567833 0.752804 0.09574231 0.24835636 0.25552827 0.1486931 0.8173086 0.8746869 0.37775555 0.24629529 0.38623592
0.20523722 0.7108884 0.72075313 0.61053586 0.6706588 0.46329656 0.147528 0.9413436 0.23757523 0.65299296 0.03915395 0.5016765 0.9453975 0.07915581 0.2238922 0.90068936 0.46798515 0.696427 0.5992949 0.26687562
0.32373676 0.20459057 0.75076205 0.7415547 0.53693223 0.46101856 0.69634354 0.9821086 0.99604565 0.8256912 0.8888353 0.7607605 0.5765165 0.4375165 0.18350047 0.52758217 0.15160705 0.3402512 0.6697537 0.39101237
0.6865765 0.18962045 0.45606366 0.9086 0.62123543 0.14037809 0.49123943 1.004675 0.49842003 0.5645367 0.5464664 0.23404957 0.3184363 0.7888263 1.0651222 0.13356866 0.67146164 0.12688375 0.14351228 0.3247961
0.53576577 0.84524757 0.44730297 0.37850153 0.110313624 0.62839806 0.88911825 0.44569656 0.6552031 0.49146152 0.7627751 0.7286907 0.3426232 0.05133856 0.28280583 0.89287436 0.9150089 0.11466668 0.44802138 0.04136311
0.053134695 0.09852451 0.76970655 0.93418044 0.7265529 0.19669567 0.7422183 0.2402402 0.06509424 0.8642749 0.7707798 0.798393 0.81443405 0.23209119 0.18594824 0.9883858 0.18608113 0.33762085 0.11277349 0.91236407
0.45332298 0.8267743 -0.047885917 0.8024533 0.44634485 0.771409 0.60641843 0.17992245 -0.021425135 0.101604395 0.21799065 0.30302027 0.23704112 0.8447809 0.8908491 0.32686046 0.24574898 0.13044825 0.61584675 0.517155
0.64666915 0.45860845 0.09446104 0.5684225 0.6514924 0.8272815 0.28189257 0.8967103 0.91444844 0.4336503 0.3872074 0.29832044 0.4738169 0.44963032 0.3937751 0.5214003 0.50663054 0.86757153 0.27686915 0.3272132
0.99115175 0.255565 0.22925821 0.41566026 0.7498042 0.9741249 0.18434386 0.26654658 0.9856549 0.37974265 0.30948034 0.537041 0.88759273 0.28203943 0.4154446 0.8000765 0.72008854 0.6413678 0.6565546 0.8110047
0.7424191 0.36207974 0.61478364 0.32032058 0.13911676 0.9219557 0.96843827 0.17054388 0.53168553 0.85829175 0.73746765 0.40615022 0.16146705 0.9148422 0.93953604 0.30941328 0.07859195 0.73111147 0.6204428 0.80680954
-0.026079414 0.44350478 0.60263526 0.46320072 0.610497 -0.018053079 0.42435592 0.2983191 0.16711266 0.6689249 -0.1680437 -0.093828455 0.118126646 0.4422962 -0.053909782 0.12708795 0.7196696 0.1607131 0.6203483 0.40453964
0.86210454 1.0703118 0.5118207 1.0770553 0.25351277 0.8931713 0.675204 0.650853 0.59644705 0.56622034 0.29199496 0.3309132 0.20385632 0.22178139 0.21236049 0.5440235 0.9500124 0.3784631 0.6328859 0.6436259
0.3958235 1.0007703 0.13834359 0.6972412 0.82883817 0.9217587 0.71483785 0.47333112 0.9564525 0.16147856 1.0522254 0.8280175 0.46033955 0.14448176 0.5380671 0.17743844 0.6548256 0.18861371 0.3027983 0.82493055
0.10539558 0.54344994 0.13766974 0.65083814 0.24077377 0.18945952 0.5995115 0.41692954 0.029423214 0.091514155 0.5201428 -0.062594116 0.44076777 0.69193345 0.48483554 0.020511132 0.2615656 0.024551347 0.3629994 0.18003634
0.5123737 0.123520635 -0.18182014 -0.107540734 0.5462254 0.014054298 0.6624371 0.51341766 0.58702266 0.7454464 0.5990192 0.4006923 0.007851516 0.27587345 0.59239113 0.15957159 0.6369898 0.7491336 0.46253255 -0.040338267
0.4770417 0.3904263 0.31419188 0.6906393 0.90037787 0.18574259 0.26994807 0.18886073 0.915177 0.8504106 0.6184929 0.8619787 0.7031615 0.2994054 0.38278097 0.5894325 0.2916506 0.881051 1.0693659 0.7058871
