0.43882424 0.7504577 0.41968128 0.9214498 0.60070485 0.8036438 0.6852866 0.14902206 0.7116288 0.42912793 0.22465871 0.8042709 0.98457503 0.047540314 0.70874697 0.6141751 0.03236063 0.6610628 0.04286449 0.08475584
0.3061375 0.6543874 0.8738312 0.2511437 0.28508934 0.8375101 0.15493858 0.35375756 0.88966256 0.5559927 0.12878704 0.79626894 0.7596146 0.7673283 0.6043256 0.23936723 0.5242214 0.30923188 1.0022589 1.0278568
0.040608287 0.29295963 0.719495 0.21571226 0.80687577 0.44072527 0.3316455 0.50854194 0.27458006 0.2950105 0.6224296 0.70084655 0.18012366 0.66372126 0.10713151 0.8079546 0.28167787 0.33870655 0.7217131 0.46571454
0.6178615 0.6180852 -0.04232127 0.16860393 0.0515965 0.40929124 0.2048856 0.28721756 0.44474554 0.46665773 -0.13192394 0.55621254 0.03877702 -0.05396382 0.5189178 0.45673242 -0.030467756 0.6125926 0.55046856 0.2349622
0.4505167 0.8739901 0.67005247 0.7846488 0.33075762 0.37602735 0.39997378 0.60110426 0.13787808 0.77249044 0.84663576 0.8937255 0.8807349 0.5838993 0.40628085 0.19896013 0.90984654 0.7404915 0.13430256 0.4723274
0.23339722 0.5655913 0.12901528 0.24819052 0.42740107 0.48195875 0.64151496 0.4199402 0.72036314 0.3260979 0.59361553 1.0299755 0.7298963 0.6065405 0.32395416 0.9720414 0.9983619 0.22188173 0.6795415 1.1049508
0.4458363 0.0073704435 -0.028617362 0.57723546 0.15747319 0.044579104 0.4158827 0.7110052 0.88016266 0.8442786 0.1979716 -0.02935872 0.14364839 0.73624444 0.093346946 0.019195678 0.4649716 0.044583686 0.10783722 0.002959744
0.96374243 0.04402869 0.29729354 0.9141604 0.7105513 0.22222479 0.09886975 0.03637996 0.61532193 0.44266123 0.58476967 0.95912915 0.40666732 0.58536845 0.8314605 0.8966246 0.50873876 0.08182482 0.62323827 0.06468207
0.9298673 0.21954706 0.43196517 0.42090198 0.96171427 0.9537734 0.17851503 0.21543512 0.6546998 0.5821216 0.15360183 0.7593443 0.8518123 0.45067036 0.12171338 0.63667345 0.1092425 0.26857552 0.62887764 0.44688183
0.62195444 0.3741214 0.31741443 0.25435567 0.24120472 0.1821778 0.89520484 0.35814816 0.14829339 0.60462165 0.62901056 0.7574101 -0.032779127 0.5699776 0.03848769 0.7083549 0.81145537 0.6321966 0.22779883 0.37513506
0.46580464 0.3746858 0.60190994 0.14900522 0.59121186 0.18424425 -0.011471177 0.694155 0.5135572 0.67888284 0.20859788 0.6199858 0.47163707 0.77003676 0.0013522073 0.28938022 0.16651234 0.23921998 -0.04543545 0.2544452
0.7347988 0.87427217 0.72025144 0.27110058 0.93150127 0.2921783 0.30307925 0.06920386 0.83913714 0.4760517 0.91898984 0.22916597 0.83241594 0.20297481 0.14156601 0.34225163 0.9433708 0.47324693 0.17949839 0.44336125
0.45232385 0.3710039 0.4205878 0.49409562 0.26729918 0.21803074 0.36697793 0.1270199 0.5224981 0.9156352 0.13697934 0.23758465 0.47196764 0.84455335 0.21394227 0.20348008 0.563226 0.8298506 0.36535063 0.7558484
0.61303574 0.5106806 0.6335997 0.88860124 0.73683697 0.8284745 0.11576733 0.23137078 0.90119034 0.83573717 0.014232626 0.7699114 0.81994575 0.5342549 0.06595398 0.7513156 0.5214361 0.1525292 -0.004979702 0.167545
0.5423319 0.7973342 0.5143367 0.28572008 0.44880137 0.15798062 0.27626276 0.39531392 0.5201289 0.32397762 0.1398993 0.5089305 0.7705938 0.5244085 0.79418236 0.42549253 0.60587496 0.42368087 0.5408084 0.9396638
0.5567066 0.48642427 0.5022641 0.8128806 0.29545656 0.07542435 0.19461024 0.22848406 0.50313187 0.6436484 0.6934179 0.25729915 0.7377164 0.6544436 0.667425 -0.0931046 0.15459706 0.4426452 0.8264124 0.18366906
0.20942199 0.66249907 0.3242414 0.33945176 0.64661515 0.1907867 0.56628716 0.2809004 0.19160822 0.38736963 0.2852131 0.42383784 0.44706205 0.66943157 0.7765622 0.09132924 0.21825856 0.42425704 0.88879883 0.74770117
0.7194087 0.66919875 0.08930778 0.45396057 0.18813029 1.0092386 0.5739373 0.06889315 0.38928035 0.15265155 0.5793117 0.2809198 0.1333783 0.16046858 0.41771948 0.7197331 0.87591726 0.08853502 0.57038736 0.6469192
0.77671385 0.31277835 0.9974067 0.07192839 0.1129242 0.30213827 0.68064106 0.043635778 0.065945275 0.58005965 0.7531114 0.2584093 0.039479945 0.65452075 0.7350362 0.8236423 0.9141074 0.48967817 0.9103106 0.3855837
-0.012932525 0.7806723 0.45189002 0.27406827 0.3144056 0.4080976 -0.06037537 0.71047604 0.20418805 0.56305045 0.50733536 0.6336281 0.3646387 -0.020774357 0.34822115 0.5913578 0.76294345 0.8411085 0.45467666 0.61284626
0.4970583 0.21479028 0.66341835 0.50699466 0.42509282 0.8819015 0.8812426 0.10891197 0.62115777 0.14500812 0.7316282 0.3665981 0.37267408 0.17687514 0.7245318 0.7701452 0.5265254 0.7374969 0.23705405 0.6116974
0.9263715 0.8756796 0.62594354 0.92497814 0.63078284 0.23613928 0.14625424 0.49763906 0.8277196 0.40655312 0.8871261 0.093427904 0.03230343 0.73781604 0.07713432 0.63194835 0.15380092 0.69764984 0.67680466 0.062110774
0.19365633 0.77014273 0.64262563 0.23279926 0.809188 1.0712678 0.46157023 0.64352953 0.24366683 0.8462435 0.85596 0.2635928 0.7890064 0.473712 0.21965547 0.34156075 1.068479 0.82638675 0.5469111 0.23405696
0.37198085 0.38265553 0.5857011 0.8191519 0.05231944 0.5049575 0.80279136 0.8698399 0.07110228 -0.03624059 0.5474969 0.48120683 0.2774047 0.8304186 0.9163809 0.64585316 0.48801115 0.07958432 0.84683436 0.37187418
0.5932571 0.6471958 0.6560844 0.8468545 0.77231294 0.029225297 0.3177932 0.2114228 0.6423763 0.51179916 0.8239771 0.32787925 0.6614744 0.47575977 0.30429146 0.2094302 0.59228563 0.44564614 0.31211343 0.5310209
