0.42685536 0.28031093 0.80816543 0.43342665 0.59579027 0.055296507 0.29058963 0.14175147 -0.15376061 0.7054934 0.11510762 0.008655234 0.37070426 0.3313181 0.094098784 0.7457978 0.21728466 -0.04627952 0.06565532 0.34619662
1.0027109 0.28815174 0.38284618 0.54248893 0.11647353 0.4121125 0.5621108 0.1323428 0.40114745 0.10291518 0.875707 0.71247286 0.9647632 0.34850797 0.63300747 0.94616157 0.4775875 0.94313234 1.0052104 0.726103
0.3585253 0.6915903 0.71249753 0.9379733 0.22160438 0.054740615 0.8241821 0.23917113 0.6951236 0.4037339 0.9306797 0.10880491 0.79063046 0.23152559 0.086469755 0.93229586 -0.029148353 0.8579696 0.4204759 0.63073486
0.047419287 0.2844197 0.12681033 0.47756878 0.6959849 0.54796 0.04794169 0.66031337 0.03720613 -0.004834069 0.67146015 0.3761671 0.3735075 0.6624512 0.0048432327 0.63195795 0.6145697 0.32655114 0.010858103 0.7243675
0.43416214 0.87322134 0.6967228 0.5776977 0.55239296 0.2631358 0.5178118 0.53100294 0.10009818 0.3491073 0.33390483 0.44156015 0.19890764 0.78535444 0.57624286 0.87598205 0.070926405 0.7705689 0.7599959 0.32069954
0.22409442 -0.08358159 0.19519119 0.50061053 0.25362703 0.81866544 0.41402635 0.6728766 0.3450598 0.8216084 0.4817172 0.5321994 0.22394662 0.5914854 0.6160576 0.63437307 0.53308755 0.6301743 0.18658857 0.23608749
0.15944256 0.85599476 0.43665746 0.4837935 0.5467946 0.15629356 0.3821755 0.41942853 0.96974176 0.1467214 0.17718633 0.24561094 0.5620924 0.65271086 0.51976556 0.8741484 0.5467855 0.8670693 0.13769078 0.8670742
0.16030282 0.16558506 0.22251467 0.19834806 0.16355339 -0.14438011 -0.162127 0.6616992 0.63300997 0.51806813 -0.019955901 0.00057360745 0.36051923 0.25589946 0.6029582 0.6970813 0.68002856 0.28331855 0.46521607 0.26390904
0.4492588 0.7103782 0.8441831 0.40197796 0.31451172 0.808318 0.40247676 0.5136057 0.91727674 0.6687825 0.24334103 0.37807828 0.8533297 0.46722612 0.8236877 0.64497364 0.830536 0.60939044 0.14230163 0.45940715
0.734451 0.5991085 0.46085656 1.0066346 0.06783938 0.79928833 0.22419436 0.14088263 0.47349784 0.9607583 0.28058243 0.4831153 0.67534995 0.688966 0.79661924 0.18304484 0.347412 0.5874316 0.5575051 0.045646816
0.3369486 0.69811493 0.21415187 0.118434824 0.13572612 0.5235535 0.4845749 0.7365113 0.52457875 0.7536052 0.56193924 0.41462693 0.8230556 0.28050682 0.39174622 0.61522365 0.854507 0.22195175 0.31725377 0.9757748
0.255647 0.6985442 0.9626681 0.46932298 0.7493672 0.580499 0.44106552 0.21850745 0.5837315 0.80428773 0.92046916 0.6802304 0.14009696 0.43608737 0.073516615 0.25068226 0.10577916 0.29039428 0.81539845 0.61137974
0.045417294 0.5081534 0.82196546 0.35074556 -0.021974381 0.1053128 0.29244077 0.7766949 0.44815895 -0.018497339 0.7756985 0.23443235 0.16061188 0.23980653 0.8491672 0.16016474 0.7838344 0.6276208 0.34366632 -0.028145658
0.45882043 0.33304587 0.4532582 0.225857 0.58464056 0.90348226 1.0856365 0.9628326 0.25610965 0.6102264 0.5650062 0.3328554 0.8886602 0.7160723 0.21688066 0.417244 0.39299145 0.23028336 0.9498939 0.85998625
0.36316314 0.019978156 0.2086633 0.09560655 0.22428998 0.7550315 0.64874774 0.8384189 -0.046802707 0.2349895 0.112593025 0.5460875 0.6302468 0.46399704 0.7662633 0.5237908 0.2990882 0.6059093 0.056603517 -0.08482966
0.06303496 0.7621752 0.767782 0.8976757 0.2186216 0.86256015 0.43322137 0.5416471 0.8881912 0.7450405 0.3951719 0.24202444 0.18233754 0.28751773 0.5826104 0.86968535 0.4911576 0.4056488 0.88775814 0.8694621
0.8098875 0.3148339 0.87756926 0.050240673 0.8239637 0.031691514 0.8300968 0.07632891 0.383927 0.35206476 0.14769424 0.4486508 0.5723942 0.36723748 0.8891809 0.6098688 -0.026545355 0.06223037 0.572694 0.44439575
0.7420277 0.10161304 0.21719527 0.95928484 0.27880538 0.13065183 0.07543441 0.77271837 0.37411496 0.27405673 0.25977504 0.9131307 0.848713 0.71630454 0.04494943 0.8671 0.59032995 0.5574216 0.7589381 0.5406448
0.34422985 0.879721 0.29504973 0.8303154 1.0024565 0.33525464 0.696022 0.28270236 0.94069713 0.08070533 0.26109022 0.62779003 0.58914864 0.16797258 0.2939538 0.23717612 0.49232715 0.8807087 0.61888593 0.3022494
0.6706146 0.3483041 0.108503014 0.05024539 0.90326494 0.344869 0.8425275 0.7379062 0.93698186 0.75212246 0.11507796 0.3584178 0.50095546 0.0024197467 0.419138 0.7113635 0.8511703 0.36620593 0.46281067 0.71698964
0.27498624 0.6242199 0.68540436 0.80661523 0.5501776 0.043856148 0.78270876 0.08833996 0.11738267 0.26385397 0.7366628 0.064053826 -0.013178426 0.49155203 0.17416228 0.83883363 0.39294794 0.39522845 0.11256059 -0.0038806293
0.70473593 0.5248231 0.2990546 1.003975 0.061973143 0.9471388 0.8594481 0.26702067 0.6943208 0.09873028 0.51278424 0.5744743 0.29612407 0.88342786 0.48851714 0.4784684 0.49308804 0.3962153 0.378025 0.04373802
0.37336853 0.051748578 0.55902654 0.54189426 0.78806794 0.8377013 0.8046247 0.6853796 0.04373078 0.110151604 0.25156677 0.9445859 0.55039096 0.42612943 0.93492645 0.54462177 0.15985194 0.4325412 0.8060137 0.09808446
0.1933747 0.6108887 0.7409047 0.26572838 0.6575637 0.82721454 0.69237477 0.098734714 0.79714644 0.64048797 0.36361063 0.30071455 0.34131506 0.06042286 0.29460552 0.8235417 0.46397626 0.012894061 0.015491029 0.5086993
0.20932643 1.0841132 0.45654804 0.7248455 0.15372689 0.52227527 0.735098 0.45240518 0.2793858 0.24164586 0.19550474 0.54354364 0.6059616 0.12656784 0.59799427 0.49830067 0.7674821 0.9574554 0.4902549 0.5660912
