0.45190808 0.22201902 0.15594202 0.8115812 0.6433877 0.19594088 0.1633403 0.5319736 0.8354525 0.6433892 0.26054528 0.52248776 0.36109912 0.24972114 0.91396767 0.4750811 0.9629584 0.9937017 0.2633451 0.59734374
0.41237837 0.4203704 0.91112334 0.7906232 1.1333209 0.3391736 1.0024709 0.5863252 1.125565 0.57258266 0.934005 0.5735609 0.33858514 1.0118867 0.58467585 0.36149552 0.3082449 0.37713644 0.35274932 0.53158855
1.0504261 0.2903237 1.0416068 1.0271363 0.56835926 0.38759425 0.578963 0.5874568 0.2255364 0.5514284 0.9592556 0.80936015 0.5684178 0.47860238 0.7968351 0.2804037 0.80526775 0.38882202 0.7009318 0.6970177
0.76837415 0.5101399 0.56196105 0.8405134 0.5643813 0.9370702 0.6475096 0.64715284 0.1485777 0.42667723 0.66717714 0.8777476 1.029335 0.33987698 0.37821624 0.70963484 0.319655 0.29825184 0.73276305 0.2517183
0.24837628 0.8690141 0.8735271 0.6785826 0.80700684 0.27598062 0.7842064 0.14128722 1.0352848 1.0226806 0.7781194 0.9668646 0.11672874 0.65319157 0.49136835 0.10357306 0.5195134 0.1710192 0.60557485 0.395906
0.23750283 0.41280937 0.21227701 0.85054904 0.16946961 0.4434093 0.7100052 0.60663503 0.7447952 0.92782074 0.08801427 0.9087275 0.92438173 0.9466903 0.5134364 0.22628208 0.9660215 0.68767023 0.89359343 0.17402026
0.95383495 0.43564817 0.5702625 0.79237795 0.36998987 0.9903831 1.0630289 0.22660597 0.5052899 0.4593557 0.40113124 0.5507422 0.9610479 0.81079227 0.44416434 0.9785033 0.19104545 0.34448567 0.7568723 0.8975246
1.0344312 0.8077283 0.3114935 0.4681424 1.07754 0.6478696 0.42068037 0.66603 0.22006457 0.34811407 0.67621505 0.7108261 0.16242324 0.1642718 0.60963684 0.7450845 0.2408258 0.67785096 0.9766424 0.6514374
0.5218627 0.94319147 0.5816886 0.51747143 0.18473558 0.096960634 0.8707032 0.7465692 0.85555 0.6865511 0.7540978 0.44025186 0.8999331 0.50376564 0.49371114 0.768493 0.43043968 0.20129429 0.6109776 0.42494065
0.15456831 0.60351145 0.3320575 0.3286002 1.080752 0.27667037 0.21735805 0.43483767 0.9384798 0.2054409 0.18699768 0.28279662 0.4587257 0.8139754 0.8278912 0.51268786 0.32639006 0.40828395 0.9587896 0.8663756
0.5998964 0.92451006 0.36809558 0.7610696 0.48722127 0.6013245 0.4917259 0.82879156 0.35064012 0.07928747 0.7954294 0.46777338 0.89571583 0.10337546 0.10982228 0.045955136 0.74332404 0.45510983 0.148945 0.88430923
0.9700361 0.6358681 0.7659642 0.16387056 0.47468445 0.67556435 0.10823492 0.23738271 0.6315593 0.739131 0.35351256 0.7614363 0.7084617 0.29484868 0.57138956 0.8578149 0.18419577 0.7367202 0.7236264 0.7292284
0.93262625 0.9199772 0.5186277 0.8321189 0.17553715 0.4571966 0.61258125 0.78763026 0.29236674 0.6586346 0.77298456 0.5030955 0.10783079 0.6981137 0.99231476 0.7730702 0.9128103 0.4512076 0.6604754 0.6924688
0.09620943 0.0762816 -0.052088346 0.78525275 0.65521157 0.18164307 0.69002616 -0.05852626 -0.13591075 0.07981722 0.085801296 0.24601747 0.6556377 0.42144352 0.31283763 0.64435196 0.40028328 0.6041188 0.73317003 0.6910137
0.35661086 0.6524917 0.5825715 0.5045293 0.55691195 0.43425173 0.06407517 0.2363442 0.52416813 0.502612 0.62321466 0.6639914 0.46810368 0.51644516 0.06961859 0.3454639 0.03470701 0.2755263 0.3166356 0.74650097
0.29982877 0.76294476 0.18379375 0.26539177 0.74085903 0.82160807 0.68154764 0.42120516 1.0037856 0.79418236 0.2403482 0.98015416 0.672102 0.899194 0.5377405 0.21152595 0.44153216 0.22730014 0.45260528 1.0140711
0.22820008 0.059584167 0.18771443 0.746158 0.99123645 0.46665612 0.73106104 0.6262369 0.6474056 0.3232499 0.7133517 1.0534644 0.5722924 0.57454056 0.7059061 0.39378822 0.6614462 0.8690629 0.5575205 0.573547
0.43766892 0.64645565 0.4124254 0.32875207 0.72391653 0.9254093 0.27604303 0.22320785 1.063206 0.8657439 0.65898263 1.0670784 0.4410535 0.99600863 0.4923321 0.27507815 0.9063477 0.9516102 0.82184094 0.22128335
0.22503646 0.86429524 0.8011512 0.06981728 0.3750884 0.74892676 0.9503811 0.84968555 0.25494033 0.89489645 0.64105093 0.5042333 0.4008918 0.9336734 0.4877029 0.04454365 0.34430766 0.5194596 0.81029004 0.78108263
0.42674655 0.7919127 0.46790946 0.2736809 1.0420022 0.51431596 0.39384606 0.6966848 0.23232922 0.7078591 0.73855776 0.521453 0.91859937 0.28304407 0.57178605 1.0489047 0.5570549 0.8331686 0.21111593 0.2545484
0.888305 0.11721393 0.91580915 0.8329449 0.9349961 0.22150789 0.65539086 0.27213895 0.260773 0.4996249 0.37479416 0.49893197 0.6496355 0.7623503 0.45556653 0.927391 0.19710122 0.34755442 0.0246076 0.19492182
0.19368203 0.9631277 0.6891876 0.63103276 0.2800042 0.45050445 0.6987736 0.71392775 0.8480782 0.50044733 1.0784527 0.7608031 0.812961 1.0755346 0.30738446 0.38038793 0.42524856 0.6987986 0.6128169 0.7681772
0.8015591 1.0955431 0.63061386 0.8330484 0.29536638 0.3940679 0.36338156 0.6315222 0.65774316 1.0041454 0.20081323 0.7074124 0.6956826 1.067855 0.285539 0.42993307 0.8915474 0.78197193 0.22847538 0.606262
0.74332136 0.1303491 0.08967305 0.47533414 0.4074011 0.5974063 0.80958223 0.69094765 0.5456359 0.6117161 0.1613491 0.47793415 0.26525408 0.12924081 0.026171248 0.962005 0.9197343 0.48196322 0.31887367 0.0077706045
1.0876611 0.58836406 0.19252883 1.0108262 0.7002859 0.22111978 0.85152656 0.8689823 0.59800375 0.94709915 0.2848782 0.7129702 0.24309416 1.0046229 0.56082714 0.23802754 0.7406963 0.7884996 0.284914 0.8622633
