0.15001558 0.55175817 0.79850256 0.16580741 0.9776838 0.86428416 0.38257134 0.18763106 0.4497751 0.08156042 0.5197829 0.36542466 0.5932652 0.24853095 0.89714354 0.20372885 0.54960454 0.52253807 0.03207289 0.08066662
0.44125265 0.8334355 0.18777537 0.683919 0.7179293 0.065357216 0.31985635 0.27596834 0.20697205 0.26670098 0.7297196 0.7840451 0.42894143 0.73852986 0.6810056 0.54199 0.5546354 0.7289328 0.38462096 0.63543093
0.74983597 0.50479823 0.73320526 0.39615014 -0.0476185 -0.018702408 0.75827146 0.22342427 0.702952 -0.017855745 0.09925048 0.45500052 0.3200423 0.59901917 0.58253276 0.05212813 0.43933353 0.3564794 0.25197518 0.2535959
0.12430076 0.8650812 0.36126223 0.068129584 0.66845435 0.87902546 0.6752156 0.2433837 0.6536808 0.35096288 0.7715459 0.8019891 0.28811634 0.05125688 0.98016155 0.050631367 0.90852433 0.04876354 0.80042374 0.30664858
0.8826108 0.4692153 0.029303772 0.7286847 0.7916817 0.43014702 0.659577 0.33758435 0.6723312 0.16060391 0.06125439 0.25690416 0.3961051 0.78873557 0.9794176 0.42813596 0.7612433 0.86857176 0.7806302 0.90374494
0.8367141 0.40795845 0.09540345 0.7903407 0.25075933 0.2666542 0.8939937 0.2562324 0.7514564 0.6794425 0.37825125 0.17438266 0.15522705 0.33620185 0.3323492 0.7015235 0.06378843 0.8408298 0.009899125 0.3699926
0.48198825 0.15175962 0.45093736 0.6168659 0.5936555 0.8623854 0.08578057 0.3642709 0.6304619 0.7781791 0.6359149 0.38807115 0.6540762 0.13086863 0.7541876 0.6446367 0.0887958 0.987891 0.5135157 0.21327882
0.83337045 1.010622 0.37927866 0.51621747 0.85263634 0.48474115 0.57381135 0.56199574 0.5891274 1.0083798 0.34843132 0.33148447 0.984434 0.2732564 0.37600267 0.19609039 0.47572395 0.34536844 1.0633473 0.27741292
0.49740776 -0.00029451857 0.627701 0.538066 0.7237679 0.7722302 0.57378215 0.25233078 0.2350037 0.06401857 0.32744798 0.8772471 0.44777247 0.2358959 0.39838734 0.2371884 0.2190536 0.5226315 0.3233669 0.87340343
0.9123394 0.73096925 0.5226428 0.23723947 0.2635733 0.8530837 0.7004789 -0.0017761895 0.68419385 0.12309755 0.53061086 0.90714407 0.24873297 0.3823959 0.16735381 0.067201115 0.5343823 0.8314745 0.53994864 0.84061766
-0.0155426795 -0.02021066 0.072289735 0.6421299 0.4956912 0.7362623 0.5923575 0.15925811 0.57088786 0.43419024 0.11649976 0.15995696 0.37694424 -0.005535251 0.14388618 0.054046705 0.39118317 0.47025236 0.7303589 -0.05324832
0.52615184 0.45254025 0.2208169 0.09577998 0.76044273 0.57807976 0.8960228 0.5963246 0.5349257 0.57963514 0.14608064 0.10808431 0.8201051 0.9212361 0.23206946 0.14142355 0.7581199 0.40266228 0.80205923 0.67073256
0.39687124 0.49067774 0.58617055 0.30205232 0.23662692 0.8095387 0.39317015 0.90745795 0.5554615 0.30727625 0.66966015 1.1112177 0.32083893 0.3450256 0.5044821 0.20910619 0.7446094 0.75060993 0.6581481 1.0882436
1.0642153 0.89162844 0.832686 0.4509719 0.5004104 0.9072104 0.30562696 0.5153046 0.2882132 0.39716646 0.96775115 0.553245 0.4281282 0.29936218 0.44988897 0.29598835 0.41955104 0.17640367 1.039646 0.6901142
0.87594557 0.07725337 0.81214255 0.4956644 0.20748577 0.68071955 0.6278248 0.28219223 0.46841216 0.4739279 0.74513847 0.7163945 0.28935656 0.8431322 0.07754935 0.54139864 0.95813787 0.39809433 0.07291601 0.25920394
0.81865454 0.47960857 0.23984525 0.1398954 0.52415806 0.5473631 0.55430967 0.75073636 0.42893937 -0.07056639 0.0820427 0.75653976 0.57178 0.34986734 -0.041535556 0.5297148 0.32726595 0.57570916 0.7929752 0.39418003
0.14519046 0.34197333 0.11977085 0.7514174 0.35159078 0.12799667 0.2865196 0.9537494 0.46939906 0.8485889 0.30010286 0.8085417 0.54047173 0.559378 0.5644866 0.8807851 0.4151833 0.13498501 0.9294438 0.624778
0.54015815 0.16262947 0.41785085 0.43891042 0.37223113 0.33397487 0.10298024 0.35610014 0.7146782 0.7928764 0.25198326 0.9206669 0.90263206 0.5229611 0.6755773 0.1111827 0.78508896 0.7160476 0.7020086 0.25126132
0.19431148 0.5802491 0.22253703 0.7869934 0.8503008 0.8583533 0.11022965 0.9202051 1.0124164 0.8723386 0.9911986 0.8182786 0.5505175 0.90013844 0.19352715 0.33153254 0.24654382 0.15040664 0.5479072 0.4389496
0.44006008 0.7718574 0.7005279 0.40346286 0.9475108 0.85771835 0.2937474 1.0048008 0.29960984 0.68303096 0.40878308 0.6235788 0.29834867 0.4442618 0.39449224 0.80263305 0.46437114 0.30076662 1.0359414 0.24324462
-0.22495548 0.04715408 0.3135565 0.4660879 0.31218806 0.44428504 0.5081558 0.72808313 -0.10158157 0.40874848 0.3439885 0.5985911 0.53912556 0.1716437 0.44515783 0.29431126 0.6469363 0.47626153 0.62036085 0.12232376
0.29852223 0.16079415 0.23009688 0.6505225 1.01752 0.13146624 0.6481412 0.27774072 0.97377646 0.7540683 0.90301746 0.11057288 0.46915343 0.5082405 1.0570903 0.5978175 0.3615276 0.74106973 1.0422692 0.64561814
0.80879027 0.6689065 0.15440674 0.48955604 0.5575012 0.3279198 0.8273282 0.47089615 0.8247656 0.1189864 0.5412344 0.05762131 0.45437878 0.059400175 0.411217 0.64811724 0.8177109 0.6547073 0.46627748 0.578512
1.0773408 0.4458049 1.0242307 0.50574726 0.18610568 0.23570152 1.0090308 0.8571361 0.182815 0.54471815 0.9897328 0.60989505 0.24650091 0.9365411 0.9126481 0.42979908 0.4138906 0.3399165 0.9714786 0.78963596
0.71313095 0.50357884 0.7701045 0.38971344 0.1693717 0.91156846 0.56129116 0.51735395 0.6272974 0.6066205 0.12651871 0.8755658 0.13439773 0.5466733 0.41650164 0.1449079 0.24471428 0.54531395 0.7947194 0.28065404
