0.040783208 0.25110704 0.13899152 0.8398704 0.8642347 0.5145854 0.90829 0.82240564 0.94885856 0.03535612 0.70746374 0.8321925 0.5964835 0.5078438 0.8157967 0.36346242 0.2875587 0.9094122 0.16421477 0.89756846
0.33798173 0.9562767 0.07401 0.7180721 0.4345888 0.6998651 0.21570492 0.44057128 0.9449798 0.8111566 0.27608654 0.16379672 0.9937682 0.15542603 0.036882117 0.5821067 0.12349028 0.73176533 0.6251904 0.95461947
0.7375986 0.5606137 0.4469023 0.35220236 0.14858383 0.59197575 0.13763359 0.2641456 0.48168224 0.6582594 0.67232746 0.8570294 0.6685382 0.004889383 0.36176568 0.92163265 0.08978924 0.6535329 0.7552951 0.52755773
0.3168965 0.23282276 0.48234135 0.76532274 0.048510354 0.26845405 0.711018 0.69521224 0.36222845 0.22574492 0.11195086 0.11429633 0.31913784 0.6370684 0.34268725 0.15668386 0.48903418 0.4665397 0.88848263 0.89019257
0.8475478 0.72257036 0.78768665 0.83319485 0.2671315 0.6436448 0.8999169 0.4108874 0.38831493 0.1259006 0.8211638 0.37246904 0.54517716 0.315565 0.30695438 0.80680966 0.06869933 0.023336431 0.19704223 0.53444475
0.43178332 0.9186418 0.76099783 0.46974167 0.32260057 0.4712603 1.074718 0.18510248 0.18218802 0.8840167 0.32525676 0.9823889 0.64935565 0.18258724 0.97367096 0.36024994 0.88008785 0.4549221 0.16028966 0.67685395
0.9454551 0.16566785 0.17208166 0.21757373 0.45871645 0.14316082 0.92205244 0.98981583 0.5706586 0.45643753 0.3576941 0.45087644 0.6198091 0.42701337 0.18233213 0.8183405 0.55048734 0.6363905 0.60369295 0.53645533
0.24912962 0.45584857 0.4498146 0.45753497 0.30990854 1.0787791 0.67928296 0.8981476 0.28231624 0.51982945 0.48200768 0.96347344 0.4904988 0.4279692 0.2622189 0.9137615 1.0443599 0.39587617 0.18381672 1.0323813
0.685138 0.09092813 0.99140036 0.68520504 0.50082636 0.25592798 0.24252416 0.93701065 0.12859385 0.93502647 0.82302827 0.5923202 0.4926939 0.4029793 0.9530954 0.841445 0.42198327 0.8406413 0.07877023 0.44489312
0.2169632 0.8345245 0.8708988 0.800767 0.92428786 0.37792465 0.6046701 0.6131844 0.5292442 0.30980605 0.5786545 0.73247683 0.6609922 0.29022354 0.09627231 0.10412516 0.25982037 0.28885496 0.7773423 0.29544222
0.7343401 0.19384095 0.19014016 0.3511315 0.33575097 0.20182532 0.8179203 0.58174896 0.41211674 0.5564989 0.7507746 0.7668513 1.0746044 0.6444852 0.37003303 0.3066383 0.3548855 0.7673061 0.189517 0.46216264
0.44083112 0.27935636 0.7202591 0.23123187 0.50101936 0.40392327 0.5437654 0.53522027 0.77889514 0.9281674 0.7118277 0.86625403 0.34552974 1.1250869 0.35223147 0.60715014 0.63780403 0.5706576 1.1298444 0.9882098
0.64703345 0.09957526 0.8130714 -0.0157902 0.5297658 0.78872156 0.78308964 0.6651504 0.03739222 0.1143744 0.84853125 0.27308047 0.32254648 0.17188434 0.3703505 0.752257 0.033494186 0.5025513 0.45491415 0.6100881
0.18387522 0.6935111 0.0060806507 0.23698014 0.49618068 0.31110606 0.22616927 -0.09140988 0.2082392 0.23175025 0.08283308 0.70571166 0.72475433 -0.16377227 0.10948542 -0.15232404 0.63438404 0.19412597 0.62836826 0.5456457
0.20579696 0.85266834 0.7290474 0.2611152 0.36341426 0.31710196 0.8793256 0.9918445 0.45399907 0.44586265 0.59643257 0.24674183 0.36647186 0.10743035 0.58818984 0.944239 0.32183307 0.6832927 0.19069579 0.7538994
0.50383586 0.68522024 0.583766 1.0764525 0.3372289 0.59236914 0.38159603 0.36118108 0.97603834 0.52905667 0.40103087 0.25004268 1.0053091 0.5020327 0.30869657 1.0055443 0.41952428 0.695607 0.4779707 0.457827
0.987946 0.40297452 0.69742316 0.14112069 0.69313717 0.20609692 1.0036658 0.9782743 0.89164823 1.0204093 0.46231478 0.6120076 0.12435809 0.49125797 0.18698627 0.6332521 0.17958629 0.25426367 0.6912309 0.69432944
0.26587665 0.4437155 0.81502783 0.72619367 0.95485526 1.0399433 0.68062806 0.2535636 0.53651017 0.16633283 0.4988734 0.15105583 0.7878765 0.92263275 0.5300723 0.6047689 0.18084125 0.33108747 1.0337118 0.33001766
0.7003381 0.73313415 0.4543027 0.4478715 0.4847235 0.9144154 0.13519394 0.7119012 0.06792872 0.587893 0.6391271 0.5046771 0.30133313 0.7830268 0.29423827 0.16550732 0.7498881 0.7287203 0.25875673 0.52923924
0.81508523 0.914793 0.8809569 0.0953504 0.3125956 0.2215111 0.553958 0.68793046 0.7637501 0.117155455 0.07883518 0.35503116 0.77410406 0.6369104 0.2994248 0.21828882 0.61950994 0.7422691 0.043025393 0.7909043
0.7110819 0.29392105 0.902119 0.54051995 0.78424823 0.34020698 0.5368018 0.2105144 1.0776416 1.0036209 0.18219052 0.5837807 0.40514165 0.23576732 0.8162719 0.35340104 1.0415605 0.4500486 0.82303464 0.2809615
0.3852778 0.46642372 0.5934515 0.7791863 0.14877446 0.28411952 0.28484118 0.86302364 0.72976166 0.416891 0.76538825 0.80683756 0.6284728 0.29867682 0.40945247 0.47534707 0.10521888 0.1539138 0.8305185 0.7558897
1.0586264 0.21777032 0.75159556 0.6191717 0.19111013 0.6485086 0.7617 0.31258583 0.9309754 0.28365275 0.5382602 0.6638986 0.37058672 0.31947288 0.6774013 0.384071 0.59573495 0.61441237 0.49230608 0.89587486
0.31911644 0.14571764 0.38100097 0.43662223 0.76276755 0.729037 0.7253015 0.62078583 1.0004988 0.68142587 0.99956286 0.87140226 0.16076344 0.36420757 0.22262736 0.6618204 0.53258425 0.41233325 0.726733 0.84951633
0.6865177 0.64927894 0.5386064 0.95841664 0.9433691 0.49570075 0.16631016 0.40557262 1.0082151 0.5859544 0.22660388 0.82407665 1.0496138 0.83141303 0.7422146 0.29052553 0.37647036 0.28658676 1.0004146 0.5538606
