0.765883 0.75660926 0.8476146 0.24506243 -0.07647575 0.5039908 0.26060188 0.5734676 0.18829416 0.17218162 0.8552991 0.19233307 0.14064167 0.41608343 0.36833933 -0.08839907 0.5082151 0.8349002 0.648232 0.38149887
0.61639607 0.75981635 0.34310254 0.82010466 0.42079735 -0.065217696 0.2552597 0.13687831 0.85846806 0.55762565 0.08237816 0.036453363 0.014387722 0.198933 0.4824342 0.8652667 0.0052311276 0.7736659 -0.036765426 0.24556844
0.71283716 0.33704996 0.78564066 0.10158318 0.09062591 1.0144248 0.12326409 1.0223914 0.30029765 0.6784168 0.73446107 0.21732205 0.10365888 0.26988935 0.79025024 0.269739 0.10768337 0.2721851 0.44797012 0.21645729
0.10473247 0.4980597 0.7143553 0.4480114 0.397145 0.30056015 0.685703 0.5956621 0.3343578 0.50056183 0.39253533 0.1635702 0.2806368 0.4485998 0.52957714 0.28784478 0.39137018 0.10828745 0.36379963 0.9408738
0.8246434 0.5786734 0.7061727 0.7627054 0.114642225 0.37332562 0.7794269 -0.028053004 0.19977593 0.5072655 0.2723246 0.09907495 0.8498829 0.16599263 0.43749368 0.75466084 0.3355055 0.24164723 0.82545555 -0.050432526
0.6235016 0.24193361 0.08751345 0.564152 0.37506017 0.73421353 0.34798953 0.7444492 0.55182445 0.54775906 0.6937673 0.8765634 0.8314161 0.7765969 0.508824 0.051957976 0.9677579 0.65177894 0.9195057 0.2597166
0.55659175 0.24461432 0.008076158 -0.13277063 0.46197498 -0.17757739 0.43152046 -0.08643508 -0.1541242 0.053476553 0.24451669 0.4050603 0.06306548 -0.09127781 0.4705931 -0.16359116 0.62269515 0.08184046 0.35024512 -0.17512491
0.4221843 0.5746379 0.3319306 0.71879345 0.55414927 0.2992858 0.122501105 -0.17718893 0.06099939 0.1268479 0.3632136 0.4508434 0.64108557 0.12051608 0.42818588 0.024915978 0.60392135 0.1549371 0.65061516 0.77216446
0.3156114 0.55718017 0.4660181 0.15842377 0.7075407 -0.014301274 0.10221561 0.79555094 0.3944135 0.45103 0.54854745 0.28657195 0.8406996 -0.0008717235 -0.028691547 0.8314274 0.040605653 0.7068035 0.69756615 0.802754
0.06546908 0.619051 0.70960754 0.39425376 0.32432082 0.7012641 0.7747733 0.9234382 0.6961718 0.9332873 0.061530422 0.75130147 0.91652405 0.19391799 0.11935334 0.70523393 0.4701675 0.43666956 0.60819566 0.91491187
0.20486338 0.6947929 0.7066592 0.88775045 0.19849472 0.259719 0.17972197 0.51017755 0.7811791 0.101364754 0.81163305 0.9215573 0.5398559 0.39567778 0.5976781 0.4060636 0.38020626 0.35540015 0.48819247 0.54180115
0.40475187 0.14878224 0.7261402 0.35173178 0.010975288 0.40951633 0.6913457 0.18495847 0.4995444 0.46093178 0.15677668 -0.13503388 0.06460882 -0.046639927 0.32885376 -0.070152394 -0.06405183 0.089266576 0.21902215 0.08098594
1.1135584 1.1098262 0.1888343 0.5701978 0.3047852 0.70922893 0.4901023 0.94692975 0.19705892 0.24368848 0.3036656 0.5704411 0.36305162 0.8512311 0.89013803 0.43124518 0.22022438 0.57037103 0.733402 0.58961874
0.7838701 0.030493535 0.7450987 0.17719623 0.2702745 0.16366002 0.11502069 0.19876258 0.7654682 0.24304874 0.7733291 0.8387628 0.5163075 0.5161324 0.57821435 0.32018146 0.31048363 0.038264062 0.89200073 0.4146895
0.11828838 0.4577917 0.15348142 0.84859854 0.09202547 0.3146133 0.16563499 0.08316732 0.52416366 0.17238162 0.9452604 0.88346356 0.29731286 0.9926641 0.9497475 0.82101953 0.8711517 0.41444126 0.83200496 0.1496271
0.8071542 0.2080907 0.07528389 0.7200092 0.08687769 0.5502433 0.9090896 0.101066075 0.6927946 0.40019 0.17215917 0.6574993 0.5041954 0.73346394 0.08349309 0.13780884 0.006214773 0.6009524 0.4385705 0.77698785
0.08520687 0.41185907 0.7448009 -0.045659564 0.64077586 0.6211225 0.066793874 0.79637265 0.69875395 0.57684565 0.85698134 0.5244827 0.44587025 0.28239864 0.43752202 0.79051554 0.73475593 0.34910977 0.3366115 0.7606974
0.7116654 0.45131665 0.1535558 0.29513764 0.7247176 0.6982172 0.97439486 0.6304448 0.9824183 0.3600451 0.86473507 0.32181457 0.5185392 0.2929611 0.8378778 0.57589203 0.41488522 0.13895713 0.5968091 1.0124087
0.30401573 0.83714515 0.49053645 0.906078 0.22616772 0.061249144 0.7320729 0.58815247 0.09710846 0.7019634 0.50542885 0.90605265 0.4623538 0.23615931 0.4728581 0.4471056 0.75630933 0.5550962 0.111464664 0.6408093
0.66600895 0.93988 0.3227779 0.42316833 0.61259335 0.3110769 0.47491947 0.43875438 0.19212224 0.32655936 0.70489603 0.0050364323 0.8813709 0.79939175 0.7748261 0.30600914 0.47742903 0.4304089 0.41715378 0.73574865
0.21610403 0.14878242 0.5286305 0.46231356 0.86444265 0.6210084 0.47125107 0.6524479 0.2531855 0.78147864 0.2136048 0.0722733 0.8972741 0.65751916 0.44100726 0.19938315 0.3296355 0.30057982 0.107969016 0.6236245
0.86321265 0.7987655 0.8088005 0.66140366 0.2189673 0.82737625 0.6928664 0.7939134 0.3359776 0.5162352 0.24962793 0.23046954 0.20141204 0.75667036 0.18584466 0.34074354 0.7233711 1.0769169 0.42473587 0.7035664
0.6232316 0.6166128 0.3856917 0.68222636 0.8008826 0.45693862 0.89760417 0.5493296 0.936354 0.9980593 0.566883 0.7265499 0.10633461 0.18031418 0.62421566 0.08602112 0.3299147 0.6356758 0.7251782 0.6907811
0.5444123 1.0404793 0.1789161 0.8284737 0.3889763 0.5841306 0.77927667 0.1981992 0.4198621 0.4059587 0.4925036 1.0908116 0.43492764 0.6733777 0.6941729 0.21101132 1.0084182 0.29468855 0.8704456 0.28169003
0.42136475 0.64826286 0.15289246 0.4768353 0.62846404 0.0040406724 0.84421957 0.6472435 0.34911385 0.7826011 0.32619047 0.2834238 -0.027904032 0.37165233 0.6963648 0.46640912 0.6468724 0.013777526 0.41501802 0.65208966
