0.624467 0.579387 0.31532273 0.4486136 0.50942224 0.9167923 0.40043825 0.9212293 0.8313615 0.773739 0.18026553 0.6436816 0.83627737 0.37796035 0.21866724 0.3679123 0.85907924 0.43793738 0.8340773 0.5372716
0.3031689 0.72965187 0.7138172 -0.025827419 -0.07397284 0.45810094 0.011131029 0.76262254 0.5871265 0.64277965 0.3519727 0.690952 0.6089245 -0.039819047 0.12169027 0.47595784 0.37976086 0.159592 0.49082756 0.029399823
0.8864189 0.18267265 0.3174957 0.49714 0.42475408 0.99578184 0.37039566 0.7601274 0.109806545 0.10971925 0.614243 0.34173134 0.83814377 0.73929507 0.8763569 0.8767647 0.5312128 1.0287772 0.758002 0.3528604
0.094654046 0.11104441 0.8497801 0.19667979 0.18343478 0.10477089 0.22651167 0.78663456 0.060498826 0.3873245 0.105526686 0.17710957 0.7519713 0.63230747 0.18574081 0.058776904 0.8864582 0.32040146 0.5305006 0.34662825
0.67366713 0.81323797 0.4739895 0.4265942 0.82925904 0.31307548 0.61490077 1.0521357 0.73744094 1.0654737 0.7933556 0.5188229 0.3727023 0.87403506 0.19304332 0.21904264 0.6619846 0.82261103 0.9370797 0.2920545
0.39625797 0.28220776 -0.0867753 0.4359071 0.7485712 0.78828895 0.13927758 0.44016758 0.4910028 0.6987435 0.5926202 0.24973716 0.65077573 0.5031377 -0.09437521 -0.05089405 0.5544227 0.79202074 0.8011616 0.4876579
0.37308633 0.36240754 0.6299916 0.090184696 0.5057239 0.666385 0.8302813 0.7539842 0.31886402 0.39655155 0.8719023 0.73489964 0.8745883 0.9765995 0.111333825 0.84231585 0.90830016 0.21639827 0.8313614 0.13431056
0.29855263 0.909886 1.0320728 0.8647963 0.42192146 0.32123467 0.9160233 0.58798707 0.57658863 0.43811083 0.32605413 0.24992758 0.6504518 0.38686073 0.49199808 0.6835165 0.24748233 0.78039014 1.0958605 0.32109034
0.8609309 0.38328665 0.48168594 0.84926283 0.6476898 0.82952946 0.37965432 0.18453859 0.5968457 0.26167855 0.6960299 0.80563843 0.5818924 0.31903058 0.18983677 0.31203774 0.33235493 0.4730902 0.17555197 0.74284005
0.87171084 0.1788691 0.82796174 0.12086549 0.84217817 0.8677074 0.0072402 0.77387 0.75211406 -0.034358263 0.44417366 0.37952617 0.12604079 0.7750353 0.6184213 0.5198763 0.25253686 0.7961967 0.20484014 0.6002006
0.37404996 0.2884824 0.50993174 0.43368155 0.44187483 0.23670305 -0.013041663 -0.17997088 0.5290211 -0.059136417 0.58401436 0.5170876 -0.055021673 0.20356831 0.6493499 0.6771385 0.5359941 0.57153386 0.49101207 0.583411
0.87077415 0.5384449 0.2894791 0.7506208 0.6129241 0.7723103 0.9448587 0.8395394 0.88227147 0.96875143 0.22419536 0.56065804 0.18273032 0.46277314 0.89644563 0.29715174 0.24117202 0.22356257 0.62393284 0.13585442
0.6741901 0.43210813 0.28747854 0.79912513 0.29502863 0.69853026 0.5452878 0.61682844 0.3496759 0.32294863 0.67116827 0.21035072 0.39067462 0.747927 0.059140544 0.70539725 0.37881655 0.34207633 0.75662583 0.74756336
0.029775435 0.49441394 0.70556855 0.74789375 0.21985488 0.3457867 0.7205969 -0.021257542 -0.07068731 0.35036275 0.48893914 0.59814143 -0.06374109 0.401243 -0.13592306 0.10948201 0.47710243 0.31137228 0.0027086572 0.16014369
0.1081461 0.32569665 0.348708 1.0179996 0.19271564 0.31030366 0.49640742 0.36294204 0.60611784 0.29936162 0.25382888 0.32489675 0.6057142 0.1228435 0.7400037 0.48320407 0.19951518 0.8700674 0.65589464 0.10502809
0.8346787 0.22846816 0.56699353 0.49999368 0.6914044 0.9618689 0.62793756 0.17330842 0.4324387 0.81109196 0.8922575 1.0299993 0.45529833 0.18516736 0.24061371 0.6588991 0.36535507 0.814428 0.4937299 0.4713516
0.5925497 0.34738865 0.13493606 0.609942 0.77386034 0.38574672 0.53470856 0.81607693 0.7546746 0.25633663 0.9145052 0.94496083 0.7688071 0.10290349 0.6074151 0.32160142 0.8691207 0.49642298 0.63722914 0.5690346
0.19771591 0.871688 0.19033746 0.47954035 0.95545495 0.27326664 0.41806144 0.87218314 0.7850233 0.648569 0.9095689 0.4431503 0.89640063 0.40554383 0.70226365 0.57206917 0.17784515 0.73942125 0.18180425 0.63002235
0.43689322 0.5463215 0.055816427 0.5167548 0.4402162 0.1601248 0.2732699 0.39119944 0.7558564 0.24995755 0.82558364 0.23302072 0.15260142 0.7771931 0.15423271 0.7552031 0.38663363 0.5704746 0.3050065 0.816437
0.60084605 0.7597431 0.89796907 0.42012745 0.91941875 0.7309085 0.012431021 0.2896685 0.5063169 0.08708251 0.7430438 0.4594738 0.23859371 0.84748244 0.6856484 0.18209146 0.48254564 0.1552325 0.5910609 0.45147038
0.3851986 0.28294992 0.58361506 0.11378037 0.93749523 0.4337363 0.32838807 0.7838821 0.77486855 0.7688412 0.86388755 0.44240388 0.5522548 0.08587812 0.47436884 0.21657102 0.86410683 0.6563978 0.5572975 0.15563959
0.8234142 0.44534504 0.5970658 0.10599978 0.6080927 0.7967809 0.067445055 0.27215296 0.9324489 0.7173577 0.47845024 0.87636775 0.81360716 -0.0076927543 0.26556936 0.58711123 0.51823014 0.49407545 0.3453556 0.3243308
0.05832844 0.5116546 0.55147356 0.59055096 0.68451375 0.4550713 0.9358566 0.2879173 0.88390326 0.70767164 0.13257933 -0.011308148 0.62867403 0.8960197 0.34759215 0.63949054 0.0859697 0.36225295 0.8780096 0.30275765
0.69915134 0.2441421 0.81467247 0.6967399 0.29147053 0.09951091 0.5451749 0.8212023 0.68333936 0.6174198 0.106453426 0.44947663 0.3033808 0.78854567 0.39354545 0.6339233 0.20440403 0.8787448 0.14129762 0.5601321
0.081095934 0.65386504 0.6790578 0.7822508 0.06589508 0.34588322 0.267491 0.8589071 0.69104105 0.5999521 0.55398136 0.97539353 0.96412396 0.24954404 0.60381305 0.22402543 0.5169173 0.8079555 0.62650317 0.8856041
