0.9155652 0.8075344 0.3245202 1.0114467 0.35274875 0.7279972 0.20736344 0.9835572 0.32449898 0.22142355 0.9404307 0.51240134 0.30118197 0.112882346 0.831149 0.44365907 0.5860136 0.4290136 0.9196035 0.7339762
0.6169609 0.79773504 0.8924505 0.28350872 0.6337684 0.15196359 0.38926938 0.3934144 0.43919992 0.7178883 1.0545756 0.4918906 0.19117494 0.67876774 0.18206435 0.73214024 1.0491846 0.31456736 1.0220814 0.4046322
0.45141697 0.3132929 0.6151725 0.5422491 0.38997036 0.26453957 0.41161293 0.23342222 0.31656104 0.3404685 0.14914547 0.48771057 0.51445943 0.46810538 0.019329857 0.17275125 0.57799107 0.60498047 0.1815525 0.27842617
0.9403329 0.7219752 0.2526263 0.73642844 0.26481113 0.9435043 0.2675147 0.83763427 0.6401677 0.33403388 0.9119783 0.3343166 0.83286506 0.6781429 0.5416171 0.30444017 0.9289638 0.52370644 0.9491748 0.7161416
0.28988275 0.20670858 0.95354146 0.12815475 0.55747545 0.93513745 0.58632934 0.7770855 0.65060335 0.46559525 0.03654814 0.87850416 0.7706404 0.58865434 0.67928326 0.89927685 0.42819175 0.32526353 0.31105793 0.9276447
0.120636776 0.546145 0.05207102 0.20173472 0.57581156 0.74235886 0.34383243 0.1534503 0.49754956 0.43483132 0.7140554 0.7311572 0.682245 0.39916313 0.81646013 0.5859487 0.68113375 0.8205809 0.5052592 0.56394815
0.11949882 0.36469007 0.30326998 0.5623997 0.6625427 0.8461952 0.24111532 0.8827397 0.80211157 0.48353586 0.36302242 0.8324835 0.84520787 0.5208716 0.6717068 0.6057166 0.79932857 0.173695 0.6624971 0.9143042
0.15410955 0.53010726 0.94458264 0.28554785 0.7662543 0.60909504 0.40576425 0.16480727 0.5942383 0.69313467 0.5418905 0.6330424 0.1793937 0.40534654 0.62911874 0.87979466 0.3418772 0.94510865 1.1145283 0.65590614
0.647819 0.42924607 0.27548033 1.0421677 0.14678314 0.1724085 0.9987029 0.8047274 0.9100963 0.64013547 0.4693503 0.6751319 1.008941 0.4840225 0.847684 0.68344605 0.33693448 0.2610534 0.13577718 0.6256889
0.122596525 0.7474642 0.33775672 0.9777811 0.874774 0.8814305 0.3906969 0.9347058 0.6567783 0.30761933 0.43665335 0.5379339 0.46923488 0.99239296 0.5279481 0.98495626 0.37550756 0.24494791 0.39206085 0.1348677
0.40775308 0.90887403 0.924303 0.13585435 0.91543204 0.8918689 0.15067096 0.5586891 0.42819485 0.8217953 0.16628723 0.44651616 0.97755164 0.6789248 0.46680152 0.80835503 0.6139707 0.9936987 0.76540744 0.59808904
0.88907826 0.47020498 0.58876824 0.36658996 0.423151 0.19489488 0.6363627 0.2743644 0.6439507 0.6824783 0.10344653 0.4521186 0.63998044 0.95711845 0.46193385 0.12706316 0.17120494 0.35310745 0.91443133 0.8399241
0.08135195 0.59632003 0.27786928 0.15883781 0.926949 -0.0061139488 0.69751364 0.54601693 0.30698243 0.8603719 0.5779993 0.001644012 0.71680033 0.62425536 0.46022987 0.04594267 0.15451929 0.3096398 0.6716815 0.5480297
0.7709329 0.7615225 0.9439894 0.93944526 0.17027424 0.6662141 0.3600646 0.83957684 0.24199338 0.14195213 0.39590904 1.0040478 0.67958456 0.7067618 0.29134262 0.55890036 0.6428053 0.48404482 0.4820307 0.32100683
0.8555783 0.361918 0.43006992 0.14907312 0.33262077 0.8245207 0.4931219 0.14120209 0.654282 0.7645778 0.3675722 0.062177725 0.8637057 0.83141935 0.20738518 0.3267046 0.55046546 0.6199987 0.5329032 0.69489753
0.71609044 0.7291005 0.37577692 0.2562584 -0.044596024 0.18652491 0.09975483 0.74847496 0.7794569 0.29276475 0.039862797 0.68780047 -0.056699045 0.30808118 0.619609 0.5860602 0.51460916 0.7621057 0.82032156 0.20297289
0.3952023 0.6392042 -0.2365243 0.21024786 -0.29617006 0.41317976 0.04523166 0.039519757 -0.28948733 -0.20207687 0.42189154 0.1320774 -0.24853909 0.5323265 0.43834552 0.45997366 -0.20705107 0.5683724 -0.060402323 0.43563473
0.008343962 0.0844021 0.8756575 0.44996664 0.5633931 0.4992254 0.9323822 0.19416006 0.42953974 0.1927843 0.36005116 0.55147034 0.1164878 0.5732209 0.5189459 0.8640656 0.14934619 0.805685 0.5874475 0.021868058
1.0473119 0.69853765 0.29979607 0.126967 0.9414496 0.6079986 0.32391658 0.17316312 0.9495236 0.80272335 0.61181647 0.14387499 0.14499138 0.53127474 0.119950116 1.0493077 0.75871915 1.0417068 0.5485918 0.50008446
0.18341267 0.6921247 0.41711947 0.66634923 0.7837879 0.7482414 0.785293 0.806892 0.9265265 1.0569193 0.16461267 0.7651719 0.32627854 0.29755217 0.34167936 0.5568348 0.5811462 0.5499599 0.54629207 0.36371353
0.32053256 0.63181174 0.30891117 0.13264418 0.6031417 0.19744086 0.39312467 0.8230374 0.87684774 0.8403451 0.7129868 0.91751385 0.83225346 0.39438376 0.68184614 0.29255417 0.95322526 0.5663532 0.44585153 0.46319717
0.333058 0.06299376 0.38209325 0.65142363 0.003957589 0.429104 0.7128052 0.61294794 0.79040116 0.6273818 0.28537157 0.4658061 0.03221932 0.457686 0.46557173 0.19291176 0.7249529 0.091451034 -0.048428897 0.07718735
0.23943728 0.6298526 0.65090144 0.089245394 0.23569961 0.07516341 0.8636151 0.6473655 0.5933563 0.2658787 0.9050934 0.48559064 0.8717855 0.37761226 0.6831134 0.8075462 0.86937064 0.80473334 0.7737252 0.5043822
0.98296314 0.80988336 0.81523997 0.96357155 0.9933034 0.8419472 0.9241597 0.34406623 0.3164739 0.15262963 0.83967173 0.23600475 0.24995425 0.46622643 0.3028831 0.2900469 0.4994091 0.40346172 0.79086095 0.2547247
0.07399334 0.9141171 0.24711092 0.024689602 0.18096212 0.38950652 0.8283141 -0.00572408 0.4880394 0.7326758 0.9032903 0.75519145 0.55243206 0.70468724 0.20788729 0.4668122 0.9235282 0.29786786 0.58405995 0.77086323
