0.29955125 0.7086801 0.86816293 0.2961727 0.2442038 0.85721225 0.65739685 0.8258698 0.82779014 0.37464088 0.68496853 0.54980576 0.6307651 0.66806316 0.66965365 0.28977227 1.0565022 0.99235046 0.79935074 0.4130336
0.47871417 0.06305984 0.29735243 0.58186686 0.8905589 0.9425366 0.32711774 0.26670092 0.36523277 0.49864927 0.80907476 0.7109377 0.21563171 0.24955346 0.66093844 0.575927 0.38292748 0.18030196 0.7222329 0.81033105
0.14287674 0.27922395 0.7842274 1.015572 0.14949143 0.36999375 0.65653574 0.148326 0.8781113 0.3798807 0.7041609 0.34113613 0.6433946 1.0264944 0.3488467 1.01463 0.81642437 0.6079035 0.47978926 0.5370331
0.92636305 0.8848408 0.8178824 0.10417302 0.7599689 0.78889275 0.9669002 0.7296953 0.2651107 0.18727835 0.17854908 0.5561355 0.14003395 0.2820462 0.74277383 0.17516258 0.07047639 0.27029225 0.5784877 0.7425776
0.738909 0.59327644 0.68757874 0.9746776 0.85898525 0.21918975 0.8932773 0.41195425 0.44971085 0.35994187 1.0425527 0.31703275 0.34252262 0.64218783 0.50821936 0.70080316 0.7647817 0.99295795 0.9188538 0.2905328
0.24008399 0.5708403 0.7216765 0.9367197 0.83892137 0.2819495 0.2439668 0.62829703 0.24983893 0.49018493 0.7818318 1.088313 0.33367458 1.1170734 0.5782866 0.563501 0.25560194 0.2720644 0.24069995 1.0178416
0.5956526 0.21637341 0.7210387 0.15736488 0.2572632 0.8464661 0.8839226 0.3058526 0.56414557 0.8874492 0.47754458 0.37144378 0.17396936 0.22403446 0.8171581 0.39888453 0.094510764 0.68858725 -0.008402922 0.13251199
0.160318 0.4672445 0.9049905 0.8103905 0.444919 0.6252488 0.19906124 0.14958943 0.14503619 0.1844884 0.5966794 1.0735438 0.40333825 0.9558526 0.3223274 0.45271358 0.9573568 0.19760434 0.51011676 0.45388308
0.3045358 0.50814074 0.55233586 0.35165948 0.8439277 0.105700865 0.34798124 0.6607057 0.8205892 0.444256 0.10327863 0.22688663 0.18076652 0.76768875 0.5513356 0.26824695 0.03696203 0.36238763 0.9292003 0.21681592
0.13145027 0.80511695 0.6805723 0.67054015 0.86327744 0.7876528 0.6513127 0.7125078 0.8570828 0.6829591 0.8723215 0.11264533 0.5453587 0.12150436 0.138749 0.25899762 0.5689317 0.2836422 0.8895129 0.6753165
0.07875638 0.66704863 0.63749886 0.32323438 0.18984029 0.016151808 0.020476498 0.07293292 0.26794508 -0.022319563 0.06488037 -0.04441336 0.21483378 0.77700853 0.8221612 0.4497579 0.3191177 0.30667523 -0.023323463 0.5996708
0.21121912 0.7345757 0.7557449 0.24537385 0.44711053 1.0645013 0.727615 0.68576825 0.8492954 0.13034913 0.18845394 0.20839655 0.24585614 0.56439203 0.22605482 0.88752383 0.7140571 0.6541491 0.8468024 0.91966075
0.25522193 0.30141923 0.35138696 0.24580133 0.9723692 0.7706989 0.8741236 0.16160823 0.9170218 0.45194235 0.74198496 0.19240393 0.28777725 0.9265589 0.9022638 0.10106668 0.56034666 0.6223805 0.5122684 0.10172182
1.0735192 0.69802076 0.9686211 0.42919755 0.20961256 0.34127352 0.97542036 0.1955236 0.52622616 0.3930765 0.5623621 0.20861489 0.62538755 0.6557538 0.8412971 0.31126845 0.73793477 1.0139071 0.5371696 0.3073321
0.3610439 0.7499466 0.11824815 0.5458912 0.43248028 0.63748276 0.33418244 0.26882643 0.7465691 0.6668833 0.9036455 0.8061941 0.7552454 0.422523 0.39664674 0.70664483 0.7918717 0.85558647 0.32491696 0.5093249
0.53481424 0.7043116 0.5021414 0.93319315 0.2732084 0.42471826 0.33262935 1.0079776 0.4087632 0.5043369 0.44671705 0.58723253 0.14912765 0.15472318 0.26626542 0.61729264 0.3436126 0.3700837 0.9428747 0.69303316
0.19517103 0.833969 -0.035876866 0.85872203 0.8901241 0.30735123 0.86140597 0.84441686 0.3539992 0.6658752 0.821444 0.8029455 0.8561286 0.38586137 0.19256483 0.03174046 0.19507763 0.18629448 0.67190194 0.19140488
0.807624 0.71453357 0.48479095 0.14323269 0.86355275 0.72790456 0.3180064 0.42746815 0.4613021 0.90398055 0.22050188 0.7836563 0.2554329 0.911887 0.9379247 0.31494096 0.89261395 0.9749687 0.07647492 0.21216618
0.4632424 0.8184261 0.73908556 0.46870983 0.7615302 0.41676196 0.26894346 0.47799665 0.4318027 0.6454829 0.19471145 0.6876288 1.0412242 0.76946634 0.22323011 0.74246985 0.51119244 0.7190163 0.60934836 0.34927738
0.42516384 -0.017887631 0.6649932 -0.04731309 0.19264524 0.64320076 0.7909678 0.70961076 0.82051575 0.024138864 0.60289943 0.6065778 0.31501007 0.52593565 0.38176548 0.66405684 0.012501029 0.6953007 0.82355314 0.05606515
0.84297526 0.77697486 0.85079086 0.4623164 0.14331158 0.119770505 0.4342226 0.63183194 0.681357 0.8273739 0.3503746 0.18047841 0.7717579 0.21293601 0.41311944 0.27027422 0.6143336 0.06399392 0.8669759 0.42203575
0.11689 0.29537556 0.13895844 0.8724917 0.5441867 0.90754735 0.5346649 0.6538087 0.7215169 0.1684273 0.32932112 0.54755306 0.5401408 0.31785515 0.7858667 0.90835166 0.49452183 0.35171056 0.34733614 0.47626358
0.7253792 0.12756658 0.59170717 0.5921029 0.25256574 0.82931197 0.3802479 0.124421716 0.5272845 0.41375706 0.21657948 0.4515364 0.75677025 0.96891373 0.68735766 0.7792657 0.07089524 0.17320964 0.45277864 0.89984447
0.7643306 0.43172115 0.6732433 0.14094259 0.8383417 0.7404004 0.65233284 0.4605363 0.22256523 0.63216805 0.51579535 0.38240078 0.47113565 0.5436542 0.6537252 0.6055086 1.0004108 1.0064307 0.34208816 0.26129994
0.75668967 0.8611867 0.72242534 0.81108403 0.46757445 0.82760406 0.47667778 0.6141314 0.5363205 0.34076032 0.93363357 0.65929794 0.8252986 0.9731293 0.19399658 0.7925054 0.027517596 0.6952892 0.3897255 0.8483711
