0.19206853 0.58596903 0.8940578 0.8718154 0.59873015 0.17356072 0.5257334 0.42371243 1.0470259 0.531784 0.16326803 0.61623716 0.3818771 0.56063414 0.77817917 0.35221624 0.6333297 0.58762205 0.46352202 1.0960997
0.716668 0.13278706 0.5935995 0.7014336 0.4888215 0.229015 0.19773516 0.7389165 0.8948235 0.93094075 0.78755826 0.63023406 0.17054446 0.42963105 1.0250722 0.22970875 0.63755894 0.61462605 0.50912327 0.76389235
0.101854354 0.92188597 0.3420301 0.80951214 0.78133404 0.09571835 0.30603746 0.57212204 0.07652155 0.24874416 0.05957938 0.05257545 0.849655 0.65630347 0.82678866 0.9354157 0.9387437 0.75383294 0.19465423 0.64765865
0.6749399 0.6209114 0.38399318 -0.07705453 0.5341036 0.55245894 0.79511625 0.6593217 0.62093794 0.6945643 0.52635247 0.48562354 0.4065596 0.094948895 0.602203 0.110831335 0.46745977 -0.028264904 0.08102014 0.56331104
0.761548 0.79447025 0.9638125 0.52939194 0.33172846 0.1583617 0.715551 0.26050508 0.30425352 0.24794243 0.41742304 0.53741056 1.0080085 1.0016336 0.62926525 0.16477305 0.8908405 0.90646386 0.6747567 0.1386449
0.7642151 0.51639324 0.9023459 0.71008575 0.19528463 0.17505312 0.603676 0.16236824 0.26000723 0.85724086 0.6267903 0.32624343 0.852877 0.07591498 0.41556314 0.23634207 0.41992992 0.7602184 0.33401084 0.77019095
0.8168846 0.7154376 0.12136884 -0.008100678 0.77103835 0.35608613 0.6315263 0.62293977 0.77868444 0.811971 0.72560364 0.5192517 0.02812517 0.47602046 0.10579341 0.15075898 0.41669682 0.4455829 0.068108 0.049888626
0.22731195 0.495245 0.5657527 0.2767817 0.865762 0.7750296 0.9508906 0.739638 0.25764048 0.13542733 0.3599826 0.574544 0.15546648 0.9352829 0.50180817 0.27569237 0.24135463 0.54498357 0.37043378 0.80353916
0.8678201 0.9248015 0.7350982 0.2541635 0.8455296 0.6102272 0.64004207 0.39208034 0.77853966 0.46122143 0.8866332 0.8418311 0.58657175 0.29428056 0.6169522 0.86097395 0.15979086 0.16822737 1.089943 0.7023893
0.90472853 0.15711191 0.23261738 0.8043081 0.86544454 0.31565115 0.23473662 0.39487618 0.6827499 0.17591769 0.9976986 0.8201493 0.9042722 1.0211984 0.56915253 0.19017503 0.4410546 0.41488516 0.32502663 0.9376536
0.8826074 0.4675734 0.60242844 0.19784677 0.96165997 0.83594257 0.75889474 0.34483358 0.7894499 0.32332015 0.67305887 0.46051988 0.44628835 0.882546 0.459607 0.18598436 0.88554364 0.27282453 0.109272644 0.89456004
0.31363478 0.4337307 0.71234727 0.72697806 0.3710225 0.5979511 0.48625335 1.0589651 0.55349815 0.8032522 0.7901156 0.77257437 0.8794392 1.0802666 0.15410078 0.78746235 0.36784115 0.31076273 0.6793651 0.8339537
0.8469279 0.21267302 0.85160565 0.2566737 0.19833162 0.056955304 0.6604475 0.12571612 0.8538797 0.6254809 0.37152803 0.50319856 0.33475965 0.9788857 0.85265005 0.5743008 0.15149409 0.684326 0.3027656 0.41437364
1.0607703 0.7400041 0.21460675 0.7146681 0.9352292 0.40732166 0.6318438 0.51308894 0.88765395 0.9292058 0.1973788 0.73115414 0.9654319 0.76281947 0.2931863 0.1454486 0.34524307 0.9124687 0.8295891 0.5520847
0.5811918 1.0829784 0.2311685 0.45662507 0.7053617 1.0286106 0.3445132 0.87030786 0.22743616 1.0303718 0.24091235 0.6687587 0.56980824 0.54030997 0.19245645 0.5990936 0.24424179 0.7446512 0.2525308 0.9008871
0.89713347 0.21716414 0.37309378 0.3259812 0.91492265 0.8872271 0.13838317 0.3424004 0.2556756 0.13337417 0.8214188 0.62388796 0.09442804 0.51681834 0.92814076 0.57495373 0.44963565 0.29801592 0.6243625 0.821774
0.25544053 0.8531781 0.60761094 0.38922116 0.26945442 0.3900298 0.67990285 0.5014749 0.2702534 0.086490884 0.5958266 0.021528121 0.9194385 0.8204381 0.3534734 0.8245923 0.82087535 0.046407636 0.65757734 0.8617639
0.3669484 0.5449415 0.36474803 0.28839058 0.7552305 0.77083856 0.59739727 1.0234187 0.8888106 0.33637697 0.89700407 0.09631524 0.45016754 0.49102902 0.9904033 0.57644564 0.49017826 0.26386756 0.3696106 0.71505475
0.09975009 0.38228586 0.56238955 0.60544837 1.010422 0.73945326 0.44587314 0.465879 0.37110922 0.54117274 0.63552666 0.7545212 1.0354286 0.65003186 0.83109254 0.90822643 0.55195063 0.9770364 0.54849094 0.64642125
0.7663161 0.21076785 0.7403228 0.2372791 0.7868833 0.34804714 0.100554235 0.27803558 0.15410852 0.5260191 0.21745366 0.35928118 -0.020288512 0.11096268 0.31938633 -0.057688076 -0.000325768 -0.042861767 0.21827714 0.5217375
0.9234895 0.5647386 0.4292913 0.24320373 0.4464193 1.1045296 1.0236365 0.50521785 0.5789829 0.6077357 0.19833381 0.7810071 0.93582886 0.254466 0.26729888 0.9147316 0.6431708 0.9559114 0.30509982 0.92956907
0.2537208 0.7532401 0.42961836 0.98842216 0.98020935 0.15861616 0.68473905 0.42406535 0.26207098 0.28830972 0.41865492 0.6097206 0.20326586 0.7687671 0.3556661 0.8723417 0.1879675 0.7118258 0.16219959 0.71930045
0.68064725 0.73383164 0.22379507 0.20160109 0.6217329 0.79004556 0.15996587 0.6738793 0.31607667 0.7494423 0.059780743 0.60304743 0.7362179 0.796083 0.42790675 0.5923586 0.51389307 0.7065499 0.21717031 0.40808693
0.126396 0.2820107 0.98472965 0.6791995 0.92108107 0.7759115 0.06991176 0.18681914 0.7482134 0.38165295 0.63789487 0.63750654 0.9387822 0.6993465 0.8001152 0.22490864 0.6549336 0.57053155 0.70834875 0.3563479
0.49812344 0.8008628 0.6250875 0.7814422 0.5247585 0.43076244 0.519924 0.6376675 1.014635 0.29123625 0.3687429 0.15405028 0.3168346 0.58020633 0.89553225 0.3125439 0.1428329 0.086628355 0.43295527 0.69592017
