0.8297129 0.69570416 0.49276185 0.12793179 0.7129168 0.70000833 0.69607526 0.5671294 0.75536424 0.89097667 0.12083094 0.36481148 0.8136859 0.44570205 0.35293275 0.2341753 1.0793958 0.6404023 0.18493645 0.74610347
0.7003406 0.89976823 0.7268454 0.6391396 0.41410157 0.23987459 0.92965764 0.8560309 0.62501615 0.8782834 0.16827044 0.103485264 -0.025896864 0.92583483 0.562186 0.594825 0.7583297 0.8243232 0.30595106 0.5994793
0.50607157 0.22124693 0.3493407 0.78830373 0.43742576 0.3454007 0.2945739 0.14470965 0.85825664 0.66993576 1.006714 0.6311617 0.37951446 0.3407932 0.45975852 0.6104387 0.22759183 0.28305972 0.4064994 0.98322445
0.78000045 0.13021949 0.9119754 0.56570566 0.7578293 0.21399595 0.43668628 0.36172026 0.50481707 0.70136964 0.6311507 0.92642224 0.08954448 0.21630403 0.19445574 1.0300747 0.114308015 0.3239973 0.4133665 0.65958494
0.47897828 0.3775973 0.78751904 0.69986093 0.43374535 0.19263498 -0.015875394 0.7180524 0.64706945 0.24242152 0.43790415 0.6968365 0.81937855 0.38246793 0.86359435 0.830564 0.31848547 0.4765843 0.3557968 0.25290036
0.6829774 0.5845308 0.56997156 0.30368358 0.48255834 0.84364074 0.4442762 0.804178 0.2116428 0.3688162 0.7187747 0.26762623 0.6331774 0.54766744 0.452078 0.4825474 -0.05391059 0.8348749 0.61005896 0.37241456
0.5902327 0.15138797 0.3124025 0.87391335 0.4977992 0.7660955 0.33778647 0.44096306 0.69910973 0.22020152 0.7231547 0.42287666 0.7641218 -0.05176923 0.5124545 0.6091336 0.34785923 0.8978276 0.5081949 0.50789165
-0.013967772 -0.014223223 0.5185324 0.7443317 0.7161534 0.8666823 0.8117013 0.0740403 0.757576 0.107415184 0.3134447 0.02051462 0.15213858 0.31043532 0.058428027 0.39348626 0.8716931 0.5974997 -0.013012335 0.24207048
0.88281775 0.77144164 0.91800964 0.05036991 0.27129903 0.8964975 0.22500764 0.40149486 0.77387965 0.51144046 0.5312351 0.37003607 0.37145928 0.048313487 0.24745163 0.5952031 0.84199876 0.5590257 0.55964106 0.25417277
0.8514576 0.6429424 0.7548966 0.6034366 0.111490056 0.29647258 0.3867297 0.56394047 0.55829877 0.14477853 0.8939822 0.100519136 0.34252477 0.45692697 0.3412842 0.42316815 0.20830037 0.6415615 0.29025736 0.17463166
0.90080774 0.7625146 0.9729377 0.30308092 0.84000814 0.63656896 0.85098374 0.5010185 0.4717049 0.3912019 0.32810563 0.829364 0.30505905 0.1756906 0.63247293 0.5369719 1.0395039 0.47999638 0.4223719 0.30037633
0.38450518 0.41682068 0.10736482 0.6420455 0.20580763 0.40645257 0.8218354 0.12078761 0.6872602 0.39216033 0.84602475 0.85995007 0.42546538 0.8053057 0.44497988 0.61148226 0.16895297 0.38791293 0.7761226 0.48081502
0.43042815 0.473852 0.6775892 0.3439486 0.38981646 0.29054573 0.80839676 0.71410364 0.6696588 0.5924853 0.6468933 0.9222412 0.8062471 0.91898274 0.43436348 0.7635032 0.8428994 0.9220351 0.912816 0.19598213
0.5194693 0.81015223 0.66184074 0.27450004 0.24491282 0.7471525 0.08358987 0.30455798 0.6261694 0.5815913 0.22188549 0.65678793 0.4271873 0.6936279 0.4834634 0.6353928 0.035609964 0.79429686 0.8597914 0.31260955
0.79824966 0.7926189 0.8041434 0.37280598 1.1611824 0.25383306 0.49181563 0.7876088 0.42574993 0.50365925 0.26353228 0.2631622 0.8158186 0.569015 0.70458424 0.49431005 0.26402563 0.86361897 0.5648841 0.43803185
0.52858627 0.6666859 0.22082601 0.24964353 1.0819892 0.81811816 0.15175237 1.0329117 0.92281425 0.54809785 0.2327558 0.28496337 0.6621336 0.150636 0.1417061 0.9959858 0.61631507 0.8447775 0.45370692 0.73436075
0.9919377 0.74747336 0.52617764 0.42356429 0.72469735 0.5375933 0.69863975 0.7874671 0.59475017 0.44065365 0.78547657 0.42564258 0.9692147 0.30831987 0.38434124 0.79786944 0.26357844 0.28356987 0.43651333 0.53556716
0.8234802 0.73828316 0.19098929 0.69314647 0.4777819 0.52552253 0.88328874 0.23176005 0.88393855 0.5120018 0.45244238 0.76466936 0.96946985 0.3560766 0.14151688 0.71300966 0.6854856 0.552631 0.43901387 0.3304459
0.79164475 0.7867428 0.42314026 0.6143447 1.2158446 1.0226358 1.2164972 0.46745825 0.3708686 0.6191599 0.5220054 0.4249524 0.7250247 0.5920852 0.5350506 0.71316785 0.54664296 0.44171998 0.38734305 0.3318417
0.89224833 0.7818446 0.8130391 0.77070403 0.50239265 0.36819145 0.061714415 0.8986984 0.68043816 0.75047064 0.57114625 0.30288178 0.7017035 0.8455944 0.40541145 0.8099407 0.8173789 0.07567838 0.15862112 0.35683447
0.32833 0.9582387 0.60238475 0.7386589 0.48676923 0.15276054 1.0022795 0.65424395 0.8781416 0.8347311 0.6818948 0.115895554 0.8923427 0.16127169 0.28472126 1.0820343 0.15145043 0.8795037 0.20615235 0.31341252
0.7149877 0.29755917 1.0721254 0.9151556 0.6240714 0.35450757 1.0117286 0.26965478 0.46733037 0.5892707 1.0513153 0.68810934 0.4453779 0.45600307 0.5693249 0.42999253 1.0713947 0.39827046 0.9607932 0.27993974
0.88263303 0.40371844 -0.011187296 0.48319253 0.7801667 0.5260993 0.7537617 0.64379585 0.70078105 0.83251566 0.29138362 0.52265966 -0.034035567 0.56954265 0.5490955 0.43659595 0.6567094 0.52829444 0.08208092 0.42013043
0.29269716 -0.14624034 0.3520439 0.30074993 0.3085615 0.5236692 0.65658647 0.3835272 0.13156708 0.28890952 0.7230792 0.49388748 0.61989737 0.433216 0.7545144 0.6971452 0.13322695 0.42125812 0.090279885 -0.09751438
0.6932713 0.68017656 0.6186229 0.2040129 0.23269734 0.8854817 0.8430235 0.9877323 0.48344475 0.40305197 0.46301326 0.21396229 0.5809953 0.13408275 0.90111953 0.85591775 0.6720761 0.2547867 0.46275494 0.7921558
