0.90820014 0.42202368 0.996238 0.53044075 0.39667484 0.61071265 0.20803839 0.2902351 1.1162941 0.5848403 0.5045188 0.75019604 1.0127463 0.616069 0.22358686 0.31752425 0.55836177 0.60059637 0.44581196 0.5399764
0.46920723 0.070935056 0.8135866 0.4351688 0.8417122 0.42431203 0.36922985 0.19107951 0.61697006 0.022264082 -0.008052107 0.71870023 0.8102074 0.29920548 -0.032734275 0.8633274 0.25529504 0.292658 0.4789119 0.7087243
0.64134544 0.936203 0.4994307 0.48099595 0.43640444 0.21915606 0.12163186 0.92970425 0.7623093 0.24800538 0.6676804 0.45965984 0.7556873 0.81730944 0.4542832 0.7330318 0.34985593 0.7835992 0.46773982 0.8373918
0.73467964 0.13183321 0.22022527 0.052276902 0.5603687 0.060833402 0.6316106 0.81639403 0.14024496 0.2049597 0.052827254 0.08364261 0.64712965 0.3781079 0.2231866 0.08091112 0.8102637 0.27333292 0.7733303 0.4726335
0.15759242 0.93704206 1.0829086 0.46345624 0.982687 0.32608834 0.5410485 0.6294026 0.45137024 0.5255418 0.24060595 0.26129636 1.0493588 0.7136373 0.26619628 0.8151927 0.84592825 0.19016121 0.5143078 0.4921891
0.40730458 0.45290893 0.40974277 0.6810792 0.8799519 0.6127549 0.98961717 0.20469089 0.46774343 0.16075727 0.98987764 0.74989194 0.9395858 0.6300307 0.6605323 0.11897433 1.0063014 0.43886042 0.17372948 0.36573112
0.9703306 0.86937165 0.5610024 0.11793168 0.7340699 0.18834886 0.6606849 0.68597156 0.7149012 0.56594044 0.42687201 0.3702839 0.4726353 0.9167277 0.7552774 0.26651427 0.14828432 0.9355023 0.43407848 0.7104096
0.7185623 0.1970403 0.25475276 0.4409535 0.58461076 0.34103793 0.9467036 0.7433933 0.7038914 0.9342993 0.707786 0.77135587 0.38928777 0.1728959 0.14540213 0.67462486 0.22749588 0.4494478 0.15543367 0.43094856
0.84327257 0.35455748 0.87733823 0.7290889 0.9245664 0.34948677 0.8724743 0.4899417 0.048585128 0.4321872 0.65003616 0.46403253 0.09634736 0.76273876 0.26582113 0.6964167 0.03535519 0.6159054 0.24050519 0.5016034
0.83545524 0.44489422 0.79483795 0.8052374 0.10070189 0.5359805 0.2755314 -0.021864131 0.6603245 0.6721564 0.0988964 0.78907955 0.32910034 0.42263874 0.69901687 0.27583966 0.64878523 0.587698 0.18289839 0.69191074
1.0257486 0.7512306 0.31588176 0.94514287 0.83737004 0.73952717 0.3879008 0.9190019 0.5637549 1.0198419 0.87096965 0.40517926 0.26624432 0.21908155 0.112052865 0.7912287 0.9718884 0.5391294 0.9331393 0.25003988
0.21447285 0.5524496 0.69888 0.58792907 0.43900704 0.68486327 0.053036973 0.797272 0.2770895 0.2948445 0.43310267 0.48679575 0.18389972 0.015545064 0.67177814 0.7982369 0.097436816 0.5562212 0.31080154 0.49266025
0.98073596 0.7499541 0.2861477 0.46532115 0.58892936 0.24940751 0.5343792 0.53323823 0.91353744 0.22510223 0.39228565 0.82088387 0.22403023 1.0765477 0.75927126 0.7393356 0.34344685 1.1560142 0.6742044 1.1171211
0.5774677 0.92031425 0.84352785 0.1426749 0.6003994 0.2318224 0.72135955 0.6150405 0.34468663 0.14702743 0.17171332 0.64013004 0.27908376 0.29435763 0.20538127 0.4569446 0.13191995 0.7115625 0.4551642 0.2218633
1.0163713 0.18277238 0.4570017 0.61248714 0.26637387 0.4218184 0.89533013 0.18755215 0.16235213 1.0121487 0.8586337 0.6853464 0.19539022 0.7929551 0.20009011 0.36927593 0.5898758 0.71094257 0.9683986 0.88885504
0.7076199 0.27859294 0.24295264 0.601882 0.4064056 1.1418538 0.82184 0.44245115 0.8804853 0.96333086 0.32389185 0.6817233 0.72495884 0.30107936 0.73945206 0.47984734 0.6238362 0.984949 1.0437157 0.35912353
0.65390825 0.9307619 0.35046914 0.5379383 0.79880923 0.65333134 1.0107672 0.711576 0.15808387 0.9593202 0.13343374 0.14167212 0.69262165 0.7926967 0.12572502 0.5598457 0.6332423 0.5758379 0.16918337 0.84867436
0.6993119 0.2626482 0.9551033 0.8281287 0.49358308 0.29934597 0.7844614 0.087746195 0.8215626 0.6629263 0.631632 0.4808366 0.103757314 0.5877561 0.3446187 0.3875192 0.89718366 0.8081512 0.73909855 0.49424922
0.3826544 0.34702516 0.7421223 0.16633971 0.029796757 0.7861081 0.4547516 0.01348623 0.6407734 0.6310292 0.81187695 0.09433174 0.9130448 0.4945369 0.19400705 0.72317106 0.08995563 0.73965216 0.55815905 0.006409052
0.81336385 0.84772956 0.11813194 0.76404905 0.24064928 0.2558705 0.5720771 0.8635899 0.49476096 0.63289016 0.78431946 0.9081603 0.82651454 0.9195017 0.1296768 0.5532195 0.5966655 0.6224915 0.35788375 0.04007746
0.9233424 0.09173754 0.23929878 0.915882 0.26944467 0.6644726 0.9421212 0.5199692 0.016390521 0.512703 0.8245226 0.7148069 0.59396386 0.71727973 0.5349013 0.18250538 0.14530078 0.46297094 0.7492093 0.14777042
0.6001668 0.74190974 0.27879298 0.37109193 0.4037614 0.60230404 0.663285 -0.052770752 0.7093978 0.8350926 0.7056612 0.24589993 0.795382 0.83785516 0.7087034 0.45452052 -0.04530074 0.67997414 0.705169 0.0018637268
0.16493092 0.4778786 0.40078565 0.9030117 0.87243676 1.0268215 0.3288231 0.33954588 0.3376442 0.68364686 0.28189626 0.59842724 0.5222724 1.0049248 0.6801622 0.12631805 0.46453404 0.7802504 0.39596415 0.9353417
0.17138466 0.6536214 0.56797475 0.619323 0.09290112 0.8697792 0.05022858 0.7071121 0.6262089 0.5675783 0.8221979 0.8736917 0.40524223 0.47156405 0.2346953 0.8854297 0.23372868 0.4280052 0.33457664 0.65349424
0.44249758 0.973754 0.2544382 1.1025438 0.2147528 0.99951637 0.80922365 0.6066142 1.0106871 0.58222556 1.0443097 0.96997887 0.19360292 0.7482021 0.47434673 0.67994815 0.3791434 0.39115357 0.41800866 0.5703525
