0.28701922 0.8132302 0.32159856 0.21643874 0.8623338 0.03513313 0.62141395 0.41041002 0.43319133 0.6228249 0.23185292 0.8718663 0.3224148 0.31475234 0.48311648 0.59905124 0.73755956 0.17733698 0.94425476 0.8303278
0.36664584 0.255583 0.9097572 0.27145013 0.350942 0.7629235 0.6814786 0.93712485 0.7822133 1.0747027 0.9601598 1.0221663 0.9234624 0.4135784 0.6912458 0.8318322 0.38796023 0.2931032 0.5658126 0.41679192
0.5092656 0.51504594 0.53522044 1.0329212 0.4426765 0.7492156 1.0036304 0.36988246 0.4643062 0.114767514 0.09745825 0.62077904 0.6545635 0.71891916 0.788929 0.9569359 0.5691528 0.19302264 0.60804045 0.30857018
1.1632487 0.57747173 0.8657553 0.36256897 0.23299496 0.59781677 1.0055596 0.6119522 0.1984605 0.28476426 1.039741 1.1030701 0.35647902 0.2784385 0.39646098 0.7641997 0.5515198 1.0214711 0.5649555 0.8451013
0.68147093 0.70812094 0.6435245 0.6466156 0.6361898 0.47826064 1.0633667 0.27378416 0.124111764 0.46251166 0.40557232 1.0777402 0.5479412 0.8014299 0.55338424 0.15418682 0.1662238 0.6943434 1.0297284 0.34243223
0.6419712 0.032110684 0.42533392 0.41428223 0.60983086 0.22826736 0.4670212 0.17454422 0.13401824 0.25330856 0.7621173 0.43034688 0.5021367 0.6439706 0.29572466 0.058022756 0.34825858 0.082961544 0.13714771 0.79841787
0.6719189 0.53340316 0.9671786 0.58005565 0.114674546 0.34232855 0.6571575 0.13442926 0.3212805 0.72091043 0.9697455 0.5844321 0.4049933 0.8845337 0.65329325 0.8726854 0.88845915 0.95012575 0.7015483 0.72010994
0.12840846 0.68224484 0.6882 0.20359361 0.3339595 0.8379777 0.95696187 0.092593424 0.677915 0.21299402 0.12095302 0.39630896 0.4617749 0.48162133 0.34657213 0.8598658 0.1422639 0.97126454 0.6144964 0.9273822
0.36536622 0.5354717 0.917407 0.5064424 0.19107522 0.9391933 0.76945305 0.2777883 0.306974 0.6955588 0.54163647 0.30051643 0.29640603 0.33639875 0.8776076 0.9863714 0.8035501 0.3910833 0.5440204 0.9281136
0.9789945 0.78807074 0.9339794 0.53962666 0.9802623 0.41709796 0.11263833 0.30745906 0.563175 0.46308544 0.48617324 0.877193 0.92394966 0.4231436 0.92268896 0.6202475 0.88756853 0.12721886 0.5054718 0.8537217
0.48551846 0.86308324 0.619273 0.95138025 0.88839865 0.3303881 0.5839838 0.2487601 0.5486078 0.17471865 0.7253342 0.6859843 0.40491864 0.45656112 0.79132897 0.43903536 0.9301956 0.4216005 0.28584728 0.6316194
0.07025233 0.119722 0.26613343 0.2874094 1.0131707 0.76048315 0.54532385 0.5011293 0.10370206 0.86758757 0.1696816 0.9094468 1.0341582 0.18582068 0.6748981 0.30564767 0.96067166 1.0014309 0.83554435 0.80466723
0.7391103 0.84366333 0.16577145 0.4288144 0.44195053 0.02588215 0.0694138 0.7898453 0.72876054 0.32943806 0.6889819 0.81514615 0.13339777 0.6963977 0.7073782 0.4647353 0.5590874 -0.016772218 0.6718807 0.65722376
0.28986198 0.7761253 0.11259057 0.21616597 0.0524279 0.68997574 0.71053183 0.24312449 0.3493711 0.27358088 0.63314 0.44437498 0.56894463 0.08692023 0.5985647 0.17829709 0.9396987 0.829949 0.8038089 0.034138266
0.3414288 0.2074583 0.36368132 0.6161638 1.0334256 0.7476735 0.9455112 0.34233582 0.96817297 0.9091856 0.97456974 0.84888977 0.58854395 0.734394 0.12690865 0.31863534 0.5761795 0.457399 0.96071446 0.66220164
1.0197254 0.6038748 0.9797718 0.20153344 0.31029874 0.97722954 0.4699011 1.0660361 1.0804545 0.4107825 0.91652125 0.37387475 0.97670263 0.33268306 0.6666067 0.15136807 0.37286377 0.5898041 0.71925104 0.6227383
0.6024251 0.5396071 1.0525712 0.85304105 0.32395095 0.74658614 0.23633592 0.5491827 0.29456648 0.5584392 0.71032196 0.21642987 0.7453261 0.2590319 0.56795746 0.6209507 0.37395698 1.0945973 0.34901685 0.8314397
0.1594618 0.87025994 0.74211085 0.15250418 0.20934184 0.852458 0.44672716 0.16605873 0.9104471 0.99225163 0.8917028 0.11652968 0.57702506 0.4044761 0.19548398 0.47644156 0.35470256 0.21843588 0.5552187 0.70847285
0.34390283 0.16568173 0.37772414 0.583706 0.29213402 0.2570371 0.2842691 0.42688012 0.4445312 0.9238782 0.66222405 0.69380337 1.0121014 0.9932867 0.7141828 0.4579979 0.90092105 0.507762 0.46106118 1.0189563
0.5635211 0.3489155 0.081976876 0.9902809 0.7582045 0.69413596 0.2390354 0.6579972 1.0032518 0.3854548 0.93081045 0.7720367 0.74412787 0.08769426 0.51714987 0.6639478 0.4176986 0.64150935 0.5974462 0.22212268
0.5472845 0.893093 0.77037525 0.81076336 0.5215428 0.16087647 0.016986618 0.21337251 0.71117073 0.86404157 0.5948127 0.14905983 0.44033018 0.66169107 0.22190398 0.7310695 0.062126316 0.89192814 0.81436163 0.120566554
0.59787136 0.9847417 0.116514176 0.271249 0.42217407 0.62002426 0.75619644 0.8782273 0.23383813 0.15466884 0.9669438 0.64584684 0.12714592 0.31502026 1.0018046 0.42642125 0.5235792 0.31243163 0.1627802 0.7992628
1.0169253 0.9966465 0.66089046 0.14272967 0.95536643 0.6356088 1.0240748 0.26429433 0.6054417 0.98043644 0.67104244 0.23435986 0.9440632 0.5416495 0.30875805 0.43753383 0.113450766 0.19147678 0.33396462 0.42238134
0.69562745 0.04091138 0.7391344 0.8859313 0.7395856 0.43001097 0.28068325 0.49067596 0.47102162 0.22705334 0.5605026 0.8243418 0.7447454 0.4446492 0.7920347 0.15830597 0.89312786 0.109767385 -0.030785821 0.6452729
0.9679499 0.79361767 0.5601856 0.2519029 1.0495577 0.7394202 0.42789078 0.12961683 0.4004071 0.5368917 0.9327037 0.67419803 0.28730613 0.7299469 0.1530187 0.740494 0.60988927 0.24890135 0.68605083 0.77969146
