0.39527708 0.40831906 0.06972346 0.55424297 0.1032709 0.8466569 0.56717926 0.5455947 0.57923305 0.19135904 0.8675306 0.9142227 0.68133086 0.32599276 0.20435846 0.5781764 0.28919673 0.49359342 0.046461754 0.1836578
0.8513643 0.6387486 0.770239 0.42365196 0.5454953 0.13512 0.7814929 0.43593732 0.39488742 0.6165006 0.4717883 0.8387367 0.11741146 0.90170944 0.69487894 0.25933108 0.33945248 0.6341645 0.9105163 0.6975191
0.5661497 0.6657307 0.38700515 0.7422291 0.06742537 0.6037021 0.5243995 0.03034813 0.7765089 0.5257355 0.37674853 0.14113191 0.7431852 0.43055534 0.0409388 0.6628106 0.18318453 0.24914235 0.6313442 0.058963206
0.98293054 0.6581357 1.0399239 0.8375982 0.45121738 0.8108958 0.33708778 0.38888887 0.6672511 0.6095913 0.680611 0.57125056 0.8176541 0.593938 0.31556004 0.37012076 0.7694243 0.4275717 0.7514427 0.7509787
0.3228176 0.3752667 0.2587154 0.79261965 0.51485026 0.68107265 0.98938483 0.79792833 0.29449818 0.20236197 0.33687106 1.0718461 0.90269655 0.46291885 0.658223 0.25659093 0.76187557 0.307162 0.6330405 0.69091815
0.0912459 -0.1564226 -0.16283652 0.15307906 -0.1188728 0.28641662 0.44666725 -0.12973888 0.38453507 0.5554503 0.6866797 0.2641172 0.3571208 0.6676684 0.5402604 0.71259266 0.30294833 0.667086 0.1748273 0.27778745
0.4949962 0.6513029 0.10967063 0.06899134 0.7155995 0.32857496 0.30686587 0.8942214 0.27433512 0.37696868 0.35306823 0.04283685 0.32338554 -0.021485046 0.4339517 0.8006075 0.22785182 0.5617325 0.8471272 0.8605959
0.8492945 0.18912232 0.39553967 0.1379628 0.7607129 0.04695959 0.7610366 0.10594717 0.6806751 0.9435987 0.6965747 0.5867341 0.6995834 0.6023939 0.3072599 0.45625106 0.30235127 0.7191083 0.6854165 0.04670299
0.08887766 0.87428916 0.3782447 0.68384665 0.5287979 0.7381206 0.81418055 -0.02849948 0.7102081 0.5133055 0.68419605 0.20864859 0.0020012762 0.82524997 0.24505754 0.81897956 0.8012125 0.5720644 0.40313345 0.28428635
1.0271595 0.9809623 0.4795702 0.22325939 0.28813264 0.4534852 0.265483 0.6858004 0.9443292 0.31194982 0.5831982 0.35851875 0.20006172 0.8632945 0.23470603 0.9349245 1.1281412 0.5897923 0.29881 0.60551715
0.8693911 0.67583877 0.2999235 0.45873892 0.6802589 0.40634236 0.23174833 0.7563854 0.7740723 0.4878611 0.065496355 0.37798494 0.039943237 0.81743366 0.55408466 0.76354766 0.48831025 0.4972033 0.15520497 0.42290717
0.7906665 0.632433 0.47262022 0.20306465 0.31683642 0.87012 0.9836644 0.6937871 0.46039686 0.8247229 0.57597864 0.5901702 0.47957236 0.35612434 0.5199854 0.9028771 0.35761708 0.33461756 0.6530302 0.2617418
0.20819405 0.6138202 0.6737867 0.2385976 0.062716246 0.36254954 0.801413 0.90306526 0.19201341 0.5433327 0.07177424 0.3504974 0.57506716 0.4955222 0.17462704 0.64575833 0.545397 0.43124273 0.6133355 0.21784078
0.98434883 0.90928036 0.9945026 0.08262841 0.17276768 0.5209823 0.08544746 0.58600324 0.8172302 0.81410015 0.8133607 0.6875247 0.05105066 0.54957724 0.14735949 0.41967055 0.93420345 0.1467715 0.6826378 0.9012297
0.8902041 0.5196591 0.22496144 0.6889265 0.6385327 0.20375602 0.6128494 0.16596004 0.4586906 0.55231565 0.5836187 0.8358884 0.33502793 0.32871163 0.96750456 0.6755366 0.82814 0.2536526 0.07643246 0.116072886
0.09769162 0.5177229 0.5668208 0.6549329 0.47564662 0.7556625 0.69315505 0.39743936 0.3740557 0.46941742 0.46871567 0.5569086 0.5266357 0.0044162637 0.65936416 0.50206965 0.82748103 0.81323314 0.43307698 0.45194307
0.62716395 0.817308 0.17866884 0.08863082 0.6896942 0.42875582 0.75174946 0.6498001 0.08448305 0.38055336 0.28430262 -0.00141323 0.8096134 0.100409836 0.4461187 0.8791976 0.24531598 0.006225567 0.28062382 0.8215605
0.8588407 0.48455825 0.15383366 0.3118527 0.35145405 0.9147773 0.45821643 0.58772 0.6167341 0.8354477 0.49351853 0.17294449 0.7245841 0.33659855 0.6125753 0.949187 0.8983239 0.4048127 0.71355355 0.48625982
0.8639212 0.5806374 0.731706 0.11052479 0.57669646 0.6397836 0.09511453 0.9431114 0.1062431 0.8327275 -0.02953299 0.8243959 0.7346218 0.14827037 0.15976298 0.34841895 0.5084069 0.54520476 0.73844355 0.3818302
0.05092119 0.48144713 0.054663587 0.5275884 0.056103963 0.42048478 -0.08911627 0.8689403 0.8432787 0.4996016 0.34525818 0.5997281 0.67550045 0.59596163 0.07923325 -0.052098405 0.11458165 0.25580305 0.40660515 0.3698636
0.9281631 0.41470736 0.119075604 0.38167074 0.22335707 0.5105299 0.4958792 0.5653348 1.0397311 0.9448407 0.3499739 0.35961902 0.20267706 0.7046509 1.0590812 0.92495483 0.51105034 0.5476102 0.13329677 0.9931969
0.16314997 0.4829338 0.6136085 1.0600079 0.22215602 1.013316 0.36790594 0.2708972 0.54238534 0.19583279 0.3476406 0.3107685 0.9173002 0.35466614 0.28005007 1.0435069 0.7140061 0.8340257 0.84602755 0.79540074
0.941447 0.8572302 0.090610065 1.0214554 0.49005714 0.58451325 0.8053194 0.43245378 0.5579284 0.8587432 0.32153755 0.39043844 0.64891267 0.87485904 0.42775908 0.09916461 0.23456575 0.7318948 0.26646516 0.90160036
0.13306308 0.7854049 0.5601032 0.7892046 0.83706 0.095041074 -0.08263989 0.72245723 0.8353645 0.13012496 0.7211714 0.52937055 0.3383244 0.46329498 0.22753717 0.8305123 0.4292607 0.40520293 0.8327193 0.75101715
0.86799717 0.7514017 0.11482688 0.16910405 0.48603877 0.3613835 0.8725487 0.552193 0.06951288 0.5495126 0.053180944 0.29287332 0.44077712 0.72663707 0.05618472 0.21890575 0.5974714 0.6821056 0.40286422 0.29145676
