0.44896758 0.27007937 0.7527581 0.60640544 0.9372673 0.8552872 0.9274643 0.3744923 0.4403038 0.1816813 0.934142 0.7253413 0.8930364 0.70485145 0.27139294 0.85776466 0.7620806 0.9730203 0.5475253 0.20700644
0.7358904 0.7319679 0.06648074 0.019190643 0.60048175 0.7637393 0.48913026 0.6670427 0.8540667 0.052720282 0.7266026 0.5481797 0.65705454 0.39796457 0.31320918 -0.020121472 0.8024057 0.03440546 0.64834934 0.88335234
0.9317813 0.5344666 0.69919956 0.47978708 0.36177543 0.5500523 0.50606966 0.5369061 0.80828196 0.5581311 0.3042025 0.35819352 0.5592278 0.59698933 0.3559468 0.8723042 0.85874957 0.47976476 0.3166067 0.73841196
0.19966082 0.68678695 0.24976356 0.80467016 0.17544924 0.80503315 0.53106177 0.24019255 1.0105635 0.97114724 0.35051242 0.91692156 0.75876725 0.5874856 0.18513133 0.5140388 0.9331224 0.74857664 0.38397467 0.61358774
0.8260738 0.98712367 0.6708813 0.8030855 0.479001 1.0055633 0.5470129 0.63125056 0.7574578 0.172839 0.5041379 0.7275834 0.7684258 0.6041252 0.9914698 0.31885839 0.11578178 0.9439241 0.55805033 0.26215923
0.047878407 0.6754465 0.6517819 0.57246834 0.24261191 0.7743964 -0.00939284 0.45176095 0.7764685 0.2903394 0.57379186 0.4353983 0.8818049 0.27332547 0.83819896 0.29852316 0.86831415 0.47819862 0.844815 0.04347799
0.8604513 0.6637069 0.18217935 0.5466486 0.856079 0.45522726 0.84753394 0.57164395 0.94408697 0.49421188 0.34218955 0.20794308 0.7595303 0.67365474 1.0740589 0.44232458 0.34214833 0.13910317 0.79871446 0.24801803
0.9008246 0.07453732 0.59696954 -0.02062316 0.85550797 0.8967635 0.17841147 0.34769848 0.31244487 0.4119596 0.54249185 0.075200304 0.6787803 0.07433238 0.91797155 0.67324024 0.036144752 0.08273538 0.21952093 0.6560773
0.5240652 0.97013474 0.7280028 0.073532715 0.91639274 0.94195414 0.79765445 0.84054816 0.34718263 0.5485396 0.8614647 0.21809874 0.38325784 0.10766702 0.6602477 0.5493848 0.99755484 0.5191183 0.3905102 0.069424376
0.836811 0.34566832 0.5911191 0.78172135 0.45102456 0.70013446 0.42048723 0.3444807 0.49838716 0.21335474 -0.0044909474 0.7181438 0.07938043 0.8415676 0.111580096 0.46836054 0.8364982 0.5381486 0.63224417 0.8497858
0.45513177 0.7889364 0.75843036 0.44309935 0.09025248 0.12239573 0.50749034 0.12895867 0.81054467 0.22728951 0.3493948 0.07653636 0.4609787 0.41627315 0.23113303 0.97708386 0.8665563 0.1087556 0.32635418 0.31298426
0.33300516 0.38442537 0.23201433 0.40683022 0.52736926 0.5380638 0.32933262 0.56088686 0.37475333 0.5478876 0.6661706 0.57125425 0.9515881 0.4691872 0.31530866 0.863488 0.41409245 0.899585 0.92477983 1.0548078
0.42820254 0.7783889 0.7600377 0.57700276 0.48620728 0.7925682 0.22916494 0.38232654 0.20152031 0.69070274 0.8190428 0.12780744 0.56898874 0.09287479 0.3468443 0.0378238 0.011088628 0.095070794 0.7991739 0.5281393
0.25285214 0.043500315 0.43226218 0.3404787 0.43049088 0.49546757 0.1641638 0.67358494 0.3235919 0.12799798 0.5259796 0.9339289 0.51117957 0.11758323 0.9585825 0.59615356 0.15395662 0.7332346 0.16253753 0.8698591
0.7995128 0.5274201 0.72232753 0.515934 0.40628436 0.63268214 0.8037521 0.32309258 0.2792346 0.3844629 0.9282827 0.6765893 0.8333886 0.7174665 0.39378327 0.45768216 0.45198658 0.22083382 0.44563684 0.72288465
0.81906724 0.964544 0.66109526 0.7010516 0.5733117 0.092508115 0.1947257 0.34098643 0.5402114 0.3572572 0.9691433 0.30659863 0.5949676 0.82110053 0.1448832 0.83648825 0.8163008 0.6234757 0.2760319 0.8402734
0.41033834 0.59911287 0.43657517 0.68518347 0.13534687 0.454345 0.34197032 0.688269 0.69770765 0.34808344 0.41682547 0.71748334 1.0407406 0.43223038 0.3366744 1.0214001 0.47381365 0.6200295 1.0500716 0.687224
0.49851492 -0.16266695 0.68569094 0.55330074 0.34978816 0.3046002 0.56156594 -0.08571238 -0.06505322 0.569679 0.4507273 0.8042904 0.10925942 0.16557798 0.5952716 -0.008280799 0.34967643 0.11205051 0.76043224 0.5052307
0.83367664 0.20630257 0.81705374 0.67408377 -0.040265433 0.762472 0.9064106 0.57593244 0.4461646 0.59283197 0.4143068 0.07262199 0.29001403 0.085204415 0.044241156 0.70336556 0.29600033 0.25607198 0.40069604 0.5123697
0.46680242 0.3800638 0.62641084 0.2607749 0.54706746 0.19822124 0.29438722 0.12144029 0.5546131 0.773647 0.84328264 0.9821455 0.72989583 0.7506384 0.5459563 0.15242222 0.40142766 0.40760052 0.61441314 0.6752326
-0.0012754281 0.64986825 0.27821225 0.49784482 0.23381883 0.65576285 0.6516213 0.05824186 0.64137197 0.29662272 0.799941 0.04639521 0.9472448 0.63604814 0.39983255 0.94358355 0.8970364 0.7500439 0.5950467 0.02662129
0.6471472 0.68324363 0.42152742 0.55194694 0.7097663 0.89607126 0.239798 0.5840096 0.11513326 0.15772359 0.6596035 0.37094456 0.65354705 0.13040248 0.61805767 0.72597015 0.8698792 0.043200202 0.4505501 0.53531694
0.60364467 0.39488456 0.70524067 0.8197935 0.7817713 0.2681649 -0.09312835 0.5829256 0.45309916 0.2863018 0.6800676 -0.06120055 0.06210302 0.11055044 0.15033208 -0.055495527 -0.016303942 0.8186378 0.02298315 0.83335584
0.39262828 0.83172387 0.06273871 0.5641813 0.33120057 0.14034866 0.4321727 0.7785196 0.54694736 0.7501938 0.5750146 0.55000776 0.063203216 0.6763667 0.7986046 0.0751254 0.550966 0.3750932 0.33047384 0.008360395
0.61571187 0.32776612 1.158321 0.40075645 0.92105645 0.2065841 0.5075761 1.0791918 1.0156698 0.6256055 0.44431928 0.21255647 0.52057576 0.44431517 0.2635268 1.0453737 0.40841827 0.45015472 0.31139585 0.35881487
