0.4978872 0.23582917 0.021897258 0.08053484 0.61221373 -0.056370713 -0.042000514 0.82776845 0.22580366 0.6424459 0.42198563 0.018586876 0.7963762 0.34850422 0.82987934 0.5969936 0.8490019 0.033968925 0.07823309 0.21710922
0.3216473 0.3235295 -0.05056797 0.26076803 0.668317 0.6235042 -0.01794932 0.53580004 -0.0009982229 0.38399687 0.34295028 0.037777085 0.40534335 -0.030398117 0.6039523 0.20961447 0.67021143 0.2190081 0.44606978 0.06816775
1.0680408 0.5667031 0.17994447 0.55204237 0.8787538 1.0074785 0.46960172 0.7202579 0.33017904 0.11181717 0.7127727 0.8946664 0.45634326 0.28717324 0.098828524 0.50258416 0.849511 0.64159524 0.32300654 0.85671926
0.2387504 0.55196625 0.23329958 0.3563557 0.9867586 0.14076789 0.46774587 0.57660586 0.8872173 0.5571409 0.7468707 0.28727275 0.16982518 0.9999151 0.7141717 0.5374337 0.5840651 0.3284311 0.19228321 0.6515171
0.1928202 0.7965048 0.21713251 0.15678021 0.8465029 1.0217333 0.3248307 0.17399533 0.83520293 0.35505947 0.33979496 0.33142594 0.8858541 0.62078035 0.54362744 0.80482167 1.0623549 0.7091495 0.76046807 0.5641713
0.37628663 0.42055008 0.8323884 0.9443006 0.2915532 0.9874926 0.8684421 0.84212625 0.207553 0.93021125 0.4833191 0.3849092 0.4645067 0.1023515 0.40767935 0.20296043 0.86777824 0.7694683 0.09529407 0.92474514
0.13072881 0.7454778 0.53448766 0.751726 0.43313086 0.29935017 0.9910175 0.9850717 0.19676062 0.2016973 0.38133338 0.5970989 0.81787634 1.0232503 0.46959785 0.41344061 1.0532198 0.37936538 0.10702958 0.86135364
0.47991842 0.10944713 0.15182334 0.06668267 0.65169567 0.911805 0.50352997 0.4678106 0.30897424 0.79032195 0.8431672 0.91946614 0.015330645 0.8384621 0.500374 0.35778198 0.042451568 0.7480884 0.57749695 0.77188206
0.6655997 0.59072167 0.90975875 0.42331997 0.4973892 0.9732088 0.42455107 0.68931764 0.32275584 0.71986115 0.31414133 0.91514033 0.6690666 0.12936896 0.63172084 0.17476405 0.8412258 0.30997613 0.5821847 0.75399077
0.1831236 0.66495353 0.69039774 0.74030393 0.64378166 0.46877623 0.21376215 1.0266 0.75382626 1.0068816 0.5887146 0.3711828 0.5495755 0.5513063 0.35786992 0.75706804 0.28621513 0.24726038 1.0165541 0.44728842
0.36217725 0.7889779 0.16903733 0.59813505 0.23681849 0.27535075 0.2734014 0.7426323 0.20170899 0.56489146 0.84666675 0.95712644 0.8024628 0.7813464 0.2651921 0.15730141 1.056026 0.9809944 0.56334835 0.954389
0.62567353 0.34542844 0.99834687 0.53796256 0.39881924 0.28737903 1.0361788 0.37992722 0.114278354 0.14739646 0.30010146 0.8953289 0.5582515 0.3845587 0.5194634 0.4445379 0.88230294 0.14464429 0.35021886 0.5022271
0.24821916 0.35982037 0.24259713 0.1853845 0.37182012 0.9261396 0.7264575 0.118276305 0.30483994 0.97296387 0.16214758 0.36473444 0.54966843 0.62536067 0.64860034 0.12059273 0.14404953 0.40882972 0.8983626 0.16647275
0.4220253 0.6854113 0.17489134 0.47532946 0.64162695 0.55867916 0.76680166 0.85237527 0.51264656 0.7044253 0.3543232 0.5778815 0.84990144 0.83210427 0.30013585 0.681261 0.42343494 0.4862204 0.8097921 0.47093105
0.9098853 0.51814294 0.72584486 0.90770435 0.8299994 0.38722453 0.3099467 0.5908716 0.5796999 0.6064185 0.4135261 0.7803577 0.088102385 0.7504296 0.32939124 0.99216306 0.9406233 0.99128526 0.19382507 0.77554256
0.9635273 0.59573525 0.48556864 0.26716095 0.79292953 0.29132178 0.71392876 0.42921346 0.38558474 0.25151634 0.9856288 0.1966646 0.7978071 1.095374 0.77256614 0.9733103 1.0361398 0.7262822 0.79846287 0.2624162
0.22785233 0.83376664 0.3386012 0.5152925 0.2764985 0.8884722 0.59228355 0.367433 0.94257635 0.3474759 0.83996886 0.39242253 0.1504506 0.5264688 0.5621726 0.09043382 0.88337916 0.46565157 0.17654407 0.5761269
0.5818889 0.3526985 0.3552527 0.53317064 0.57548195 0.2646399 0.31523767 0.88806087 0.34588346 0.677273 0.9145435 0.5038797 0.26953217 0.20609888 0.6768698 0.43655777 0.83591026 0.7206048 0.27321163 0.4901404
0.12171608 0.8531155 1.0068653 0.66805077 0.35447767 0.39936966 0.0936049 0.59886765 0.7989956 0.08077238 1.002378 0.30099553 0.15748423 0.27941194 0.6880285 0.594268 0.39009643 0.4555561 0.7448902 0.61832273
0.94182473 0.8447135 0.5723483 0.27966475 0.5042021 0.2588123 0.6455254 0.034650534 0.19283488 0.76060694 0.35823774 0.33481458 0.30948782 0.6087375 0.63248605 0.13921118 0.4899054 0.78722787 0.5268397 0.9242574
0.5347454 0.57896763 0.59500843 0.2641274 0.6009263 0.60380733 -0.041084215 0.56440395 0.010665397 0.7979762 0.69474435 0.65065134 0.40954623 0.7387658 0.7753938 0.30487674 0.63288635 0.569478 0.63739413 0.2834946
0.80029565 0.5353436 0.05301661 0.8578194 0.40459144 0.054938797 0.6150942 0.62091863 0.59045506 0.7964362 0.5502623 0.3211163 0.6386748 -0.036668528 0.7840683 0.38923734 0.7083917 0.18074521 0.6584129 0.72891206
0.05532534 0.27137104 0.98815995 0.4857532 0.71083564 0.045126908 0.94365937 0.43376973 0.37403098 0.28007773 0.8505886 0.09104652 0.3861847 0.5421259 0.92291284 1.0014151 0.3883795 0.68755215 0.8069458 0.05806123
0.33730477 0.8388228 0.78166074 0.31665692 0.74807376 0.43197718 0.17057505 0.3164484 0.28828654 0.3017441 0.1823097 0.22622298 0.80606323 0.2626301 0.16380505 0.71014535 0.25692385 0.3983463 0.9885952 0.34290096
0.51497495 0.13129814 0.58560604 0.11158976 0.8448876 0.7227017 0.48348778 0.6496395 0.85211796 0.17158872 0.39786842 0.37154168 0.94047 0.3676363 0.015276862 0.5345125 0.5639537 0.87417555 0.32292366 0.42848197
