0.59469867 0.76099646 0.8973199 0.7054973 0.41918668 0.52684003 0.5010279 0.5490247 0.87260073 0.32093143 0.7991794 0.3697859 0.91341925 0.6842748 0.49086276 0.060728148 0.9670543 0.15282911 0.04692488 0.7018019
0.88230723 0.1721869 0.18872753 0.58299285 0.21559279 0.06099963 0.7774465 0.18708558 0.3305155 0.14967218 0.67116755 0.9653105 0.4181526 0.26685733 0.7318133 0.85322297 0.71247697 0.46709526 0.21020818 0.020029318
0.6609104 0.1770241 0.718315 0.96805745 0.5654295 0.8941597 0.97044754 0.46151313 0.5029993 0.84420395 0.15574783 0.62653285 0.30785027 0.197437 0.63646334 0.768739 0.43446162 0.45643026 0.28506368 0.83554834
0.1895508 0.59659606 0.30071217 0.89765286 0.17288366 1.0976133 0.9369371 0.8962619 0.17498055 0.13222246 0.22587778 0.78516674 1.0593237 0.5152884 0.78942 0.56637037 0.9086601 0.4065377 0.24790728 0.7126132
0.7368872 -0.114119835 0.39312166 0.48537555 0.7277575 0.5515602 0.074192025 0.6601513 0.25577933 0.3421413 0.09018816 0.67561084 0.5745611 0.041478697 -0.11063199 0.7060238 -0.017260944 -0.040724993 0.5387527 0.7384733
0.4257676 0.5985569 -0.055677004 0.1078024 0.24980702 0.8174506 0.032053746 0.5839594 0.6446411 0.23286057 0.5204081 0.612343 0.44517186 0.4839286 0.7100711 0.1697493 0.2063864 0.39304882 -0.11573552 0.30587724
0.6966795 0.49032208 0.52648413 0.040097773 0.78816354 0.49923852 0.7484674 0.63523424 0.3192315 0.5066648 0.6804013 0.27174613 0.18299125 0.51194614 0.628793 0.40263993 0.9159943 0.6936839 0.45072085 0.32274532
0.88019514 0.9234685 0.534799 0.98183936 0.18439081 0.25119996 0.43695626 0.32026312 0.83013594 0.5955513 0.057576824 0.44581592 0.5069891 0.9623783 0.8348222 0.7965481 0.6450024 0.28088537 0.20281936 0.6512143
0.93533105 0.68934435 0.80235934 0.31728467 0.5199382 0.42447934 0.2971772 0.4157054 0.60696286 0.14262699 0.6159103 0.2863354 0.8508322 0.8357309 0.40989533 1.0195644 0.7271476 0.82495487 0.97919804 0.9810886
0.4024687 0.24492899 0.488978 0.5826194 0.8187632 0.20264497 0.16201879 1.0192529 1.0380665 0.4817273 0.39386424 0.43724376 1.0022554 0.61245537 0.65226877 0.86570615 0.49645492 0.10648074 0.4251023 0.81862575
0.1577735 0.48616746 0.82348657 0.5390404 0.03897482 0.5985342 0.17285329 0.73062843 0.6720343 0.77675986 0.027691575 0.83257586 0.084468044 0.34737074 0.42706746 0.3771568 0.7227744 0.86821496 0.69473124 0.7787178
0.8380377 0.35517815 0.068102375 0.6448552 0.67703503 0.82047886 0.83886725 0.92336226 0.04636959 0.9592925 0.6342399 0.3042396 0.33945388 0.33011118 0.89795375 0.38095468 0.596866 0.33938578 0.48253578 0.9135324
0.85588694 0.7070317 0.29216662 0.1264127 0.14896505 0.5061516 0.1025643 0.2688531 0.20887059 0.83100146 0.7363921 0.6567832 0.92166823 0.9085241 0.55632377 0.76525974 0.91202104 0.38077828 0.73561394 0.7202488
0.8474146 0.51885825 0.6174778 0.7123112 0.39394796 0.08942251 0.3323607 0.6497885 0.63700074 0.3850494 0.38132885 0.10972457 0.55468684 0.99341595 0.22972809 1.0203797 1.0138239 0.7046769 0.18704484 1.0136629
0.9635337 0.09411019 0.37234193 0.16853446 0.9435107 0.78122276 0.405253 0.3193338 0.7729556 0.7907571 0.57652915 0.49847123 0.6225383 0.88362044 0.29582638 0.18673567 0.8653211 0.8494882 0.4245055 0.7397942
0.39172328 0.57066756 0.87614334 0.35786992 0.5224423 0.028198307 0.28151768 0.32505137 0.21851146 0.013942994 0.826128 0.41576278 0.59732234 0.6333147 0.06644247 0.8375692 0.61984277 0.4731964 0.70316494 -0.006616986
0.32989904 0.10051561 0.92869276 0.06683091 0.3763942 0.044337135 0.018463941 0.9619513 0.82994056 0.7910332 0.23176892 0.7509598 0.4019758 0.23668545 0.8255663 0.011991312 0.66712636 0.84942466 0.29759696 0.12738499
1.0108978 0.9430319 0.10057383 0.87810135 0.35168058 0.4016357 0.3172535 0.7184194 0.2563901 0.3572372 0.89801735 0.10767196 0.9448706 0.2189618 0.39619377 0.2823433 0.30383247 0.4356869 0.71931857 0.5782139
0.251784 0.58787894 0.5740717 0.91739345 0.70444024 0.35959986 0.9202572 0.48883942 0.5926125 0.8785066 0.08239194 0.26233593 0.53055346 0.7712673 0.8897138 0.091607034 0.47982213 0.6621524 0.1186588 -0.046019644
0.3054626 -0.056319702 0.3843395 0.005070913 0.6126166 0.05278543 0.034246713 0.1061704 0.33562806 0.6853602 0.70490354 0.39919803 0.61064017 0.75901616 0.69906634 0.12062092 0.41498223 0.5721728 0.45684826 0.20457697
0.40136573 0.258061 0.34041208 0.47319475 0.956158 0.6274086 0.6529576 0.55148655 0.9788963 0.6306955 0.9476933 1.0382987 0.26807445 0.41939923 0.90743303 0.29556072 0.1656434 0.69363606 0.2574432 0.52590346
0.8698005 0.41200212 1.1223818 1.1357821 0.49077308 0.29607657 0.6173937 0.34331018 0.427175 0.3129476 1.1635352 0.8542189 0.47299978 0.7173861 0.51453435 0.45094168 0.962473 0.4450209 0.7656085 0.3906799
0.7175206 0.63022083 0.64998853 0.3315916 0.52094716 0.58704287 0.30891642 0.4030473 0.1990407 0.1431398 0.2965046 0.8595907 0.2045968 0.8443712 0.22806564 1.0147057 0.07989599 0.61641645 0.7728611 0.78855014
0.9879629 0.15493558 0.9754964 0.82032734 0.76283497 0.47544226 0.54326296 0.60185975 0.31726155 0.08579956 0.37794843 0.50645465 0.94686246 0.9332139 0.9305304 0.31205013 0.861062 0.50052136 0.34767076 0.060922112
0.2346574 0.43027282 0.5314208 0.22857448 0.33183032 0.870374 0.7370332 1.0796008 0.42585492 0.61693746 0.61607075 0.9664224 1.1185449 0.3081521 0.6171112 1.0705755 1.0677156 0.69431984 0.3938918 0.41296244
