0.48661828 0.7484945 0.83328074 0.47796136 0.35463226 0.13069662 0.53120726 0.5166545 0.5112876 0.6543044 0.6084352 0.042480618 0.29786602 0.9488407 0.6761367 0.5842692 0.82074237 0.5251518 0.087578215 0.25999665
0.56553566 0.66879344 0.15896684 0.8217782 0.17540035 0.5650731 0.33380547 0.89079034 0.8616331 0.45574105 0.20475237 0.48157492 0.33048066 0.7827571 0.5926106 0.9607553 0.5225118 0.40037093 0.4916761 1.0008181
0.24313238 0.82892895 0.75140095 0.8392682 0.90683013 0.19749607 0.1163118 0.122646876 0.6148548 0.825704 0.061638042 0.37243906 0.01350037 0.0907389 0.65981317 0.5826078 0.87598574 0.43439794 0.8783542 0.6826216
0.23115212 0.38022873 0.4516092 0.77648604 0.6443378 0.4327394 0.13293882 0.68153286 0.07175001 0.7831522 0.17308943 0.5411383 0.68132776 0.43962166 0.8427084 0.18865174 0.64808315 0.7759171 0.68749046 0.6263457
0.93400925 0.030028487 0.7021505 0.508812 0.7591911 0.8216037 0.77547 0.8665792 0.6652156 0.14839466 0.22084607 0.5679281 0.20173636 0.71700186 0.4954824 0.13724501 0.95137584 0.5584298 0.5706744 0.707312
0.65682805 0.49013585 0.07804697 -0.24472272 0.6055974 0.544009 0.6540105 0.3286818 0.17402355 -0.24641243 0.40194437 -0.05978164 0.5929363 0.29321674 0.50788075 0.17050485 0.49689814 -0.13325523 0.2288077 0.30796325
0.6097105 0.6705258 0.2912265 0.7794485 0.3414687 0.7243424 0.21780089 0.95075744 0.6371163 0.26217252 0.22697721 0.36554778 0.9185418 0.5930722 0.44077504 0.26084825 0.79875886 0.19497445 0.59860325 0.28669643
0.31222144 0.37137723 0.035749156 0.6854523 0.9219513 0.30258974 0.85817814 0.68991786 0.14019407 0.6927958 0.9171952 0.42401212 0.8112993 0.9641609 0.7207092 0.10489602 0.64481187 0.59353846 0.60684776 0.83071554
0.15418015 0.37332025 0.1618513 0.9016714 0.1829782 0.3318759 0.4825017 1.0090506 0.92145866 0.7939925 0.36411738 0.728461 0.93863857 0.38024724 0.7469992 0.3870067 0.69054115 0.6782522 0.77122873 0.5109799
0.3696403 0.7840871 0.71520495 0.55554175 0.9579543 0.7111948 0.077497445 0.12701665 0.08978508 0.95738184 0.32758993 0.7723567 0.26896775 0.7359373 0.27093622 0.8143937 0.50933367 0.9912818 0.9113024 0.5544594
0.5853443 0.8517522 0.6883174 0.8576354 0.6472072 0.8016581 0.5087692 0.8989368 0.475495 0.13139775 0.6152839 0.9308639 0.71658427 0.1576819 0.6818056 -0.0006563904 0.66805947 0.5959779 0.24712998 0.38611555
0.5469536 -0.023882702 0.5620398 0.4147124 0.593137 0.6320522 0.84169865 0.68594754 0.713751 0.5433056 0.3292533 0.29838043 0.60720664 0.56262517 0.7641517 0.84485644 0.4509022 0.40385938 0.8341552 0.7752134
0.087713346 0.76251155 0.75296533 0.87642795 0.796461 0.52989435 0.9587041 0.8918265 0.5291315 0.9807352 0.5697229 0.14523962 0.5228019 0.78106374 0.23667751 0.17421873 0.383253 0.8017219 0.41226512 0.3094582
0.9572088 0.43647367 0.1810929 0.673219 0.97574055 0.4000342 0.26197395 0.20805758 0.82692844 0.2172309 0.845408 0.91478366 0.8258163 1.0054537 0.9430078 0.21905828 0.28533968 0.44813666 0.79054606 0.13145275
0.81266093 0.44471714 0.8289087 0.21741924 0.7824558 1.0628437 0.3616244 0.38011777 0.7429425 0.49847832 0.5908682 0.6841637 0.18973106 0.30052927 0.512194 0.7373659 0.83997333 0.7558054 0.13965318 0.5136944
0.65366703 0.8792621 0.74293166 0.27055976 0.60870606 0.32491016 0.2566855 0.77342397 0.7547586 0.35545698 0.92407453 0.9108482 0.18401064 0.13963802 0.30625126 0.5471151 0.57472795 0.05672481 0.7940987 0.08847943
0.41347462 0.21938601 0.8722525 0.996503 0.83767503 0.8912742 0.8499514 0.65901 1.0865862 0.47173595 0.40626103 0.2424578 0.9463438 0.8669861 0.29890335 0.5738565 0.42411998 0.3884734 0.33340326 0.971794
0.8333851 0.8549704 0.1435126 0.8194424 0.68534344 0.24910198 0.27485943 0.72793096 0.38072836 0.21081665 0.11688074 0.8791385 0.61975616 0.19306614 0.14734231 0.77207065 0.45694605 0.6823873 0.07408855 0.76815665
0.5229965 0.7351899 0.60241044 0.16320108 0.07317479 0.17024018 0.7694327 0.60706156 0.008655624 0.20643982 0.6845724 0.8020787 0.62137306 0.923908 0.39630035 0.41559526 0.823461 0.869877 0.0402693 0.6683625
0.5035921 0.5853512 0.15264955 0.9762224 0.45036453 0.48393485 0.19809662 0.25040653 0.3435253 0.64372885 0.5148205 0.80213326 0.9802782 0.5138713 0.79711044 0.1757219 0.123289995 0.43114492 0.78043145 0.39319164
0.56342465 0.29703897 0.4614194 0.41776448 0.78912723 1.0399973 0.19544412 0.98549324 0.47958145 0.621546 0.32174957 0.49577352 1.0485377 0.67922777 0.6773823 0.78030473 0.57785714 0.20086956 0.7896563 0.23271069
0.64787775 0.4896464 0.5046787 0.6136531 0.5842225 0.31546238 0.520748 0.11860102 0.30862686 0.29638255 0.81231135 0.5466215 0.9975715 0.6837488 0.13383093 0.68867576 0.7016967 0.97814524 0.79094315 0.711274
0.14355625 0.49880585 0.40714422 0.1742985 0.16438782 0.59812975 0.7835534 0.6452777 0.45822796 0.2743135 0.83855355 0.6132752 0.7419111 0.28528795 0.11863741 0.26466316 0.9618563 0.9730153 0.8847825 0.28114215
0.73887074 0.64807147 0.41521502 0.056010805 0.42084664 0.22906713 0.5694535 0.047902964 0.76949304 -0.05612346 0.47227868 0.19089343 0.122571364 0.16888316 0.8535868 0.5654359 0.27395386 0.08866377 0.47305545 0.17812355
0.5798442 -0.09773908 0.4341696 0.7795121 0.28219405 0.8154989 0.72989446 0.60354215 0.48117903 0.7548784 0.2626213 0.5421011 0.60228336 0.61080796 0.77482694 0.54727554 0.20329781 0.40215287 0.66908234 0.18518583
