0.790688 0.9378627 0.13712099 0.86448294 0.27556217 0.5329505 0.29067367 0.91930294 0.90605175 0.49184725 0.6920595 0.08673104 0.8399113 0.46047482 0.5342517 0.8127712 0.55286694 0.30220705 0.5390959 0.6545988
0.83999246 0.2419614 0.3014135 1.0481697 0.42604554 0.41843382 0.4484718 0.25808373 0.5668361 0.7503289 0.43561003 0.79933244 0.69812095 0.34562153 0.81884295 0.7267912 0.23779315 0.2236142 1.1344179 0.9452845
0.33101547 0.0952668 0.7032351 1.0069205 0.4252907 0.72854495 0.2559351 0.8159691 0.5420887 0.5870325 0.11334171 0.46144968 0.7945198 0.86779445 0.90127766 0.23245391 0.74814343 0.15426864 0.46249193 0.99814445
0.25182316 0.79069006 0.6858108 0.73994154 0.96822166 0.5368833 0.07514887 0.8139547 0.32240206 0.61852866 0.39078695 0.80077153 0.39081815 0.5919336 0.79027766 0.40676066 0.43931553 0.2844209 0.7887931 0.68863684
0.4674428 0.69262075 0.0008446479 0.2677299 0.5146761 0.61508363 0.52547073 0.013229322 0.07659184 0.42856926 0.6079104 0.065111615 0.70018244 -0.20059752 -0.12679636 0.14105457 0.12656686 0.5364327 0.3911734 0.17378551
0.27544662 0.581467 1.192555 0.70571023 0.33900136 0.38943356 0.5640396 0.44894552 0.9009588 0.26313746 0.5198244 0.25916463 1.0084381 1.1031405 1.1041399 0.29805675 0.5590996 0.5393075 1.1270772 0.5119747
0.6165705 0.47633857 0.07673632 -0.0058576674 0.73417073 0.40519142 0.6024483 0.56726897 0.69192755 0.22493376 0.8214632 0.7921619 0.31111908 0.5406801 0.42877278 0.7049615 0.88593936 0.2983685 0.13708767 0.57725155
0.3707852 0.8297152 0.23729146 0.2362474 0.42385438 0.7771326 0.897158 0.46796453 0.27769807 0.64187735 0.39210415 1.0357933 0.5364444 1.0089979 0.85256654 0.36854163 0.3177421 0.8755906 1.1723914 1.062459
0.24479073 0.2670166 0.6963523 0.5793367 0.6430927 0.39033 0.90025103 0.8714895 0.60453147 0.31538764 0.06798197 0.7122124 0.82034314 0.29695725 0.17475864 0.5509673 0.47358957 0.18462195 0.48381385 0.6436163
0.39928585 0.902777 0.5816867 0.66012454 0.7597977 0.044179097 0.36517397 0.6704976 0.61335665 0.26618388 0.93205744 0.063960426 0.668891 0.13979995 0.72824335 0.76338756 0.18109977 0.10559159 0.5578914 0.8358402
0.856163 0.9377629 0.4319893 0.696465 0.5484498 0.7054888 0.21321611 0.9564858 0.80378884 0.16089615 0.5524108 0.22407945 0.4839946 0.30908063 0.8322758 0.532191 0.98023087 0.16284582 0.7281688 0.4260754
0.54885787 0.6711765 0.29509982 0.7691041 0.44754255 0.9679326 0.10262854 0.37204468 0.7621311 0.91222394 0.6094505 0.23726778 0.5734003 0.9392709 0.21312574 0.7949183 0.20297325 0.70878106 0.7568666 0.6190808
0.8107251 0.72481495 0.761284 0.21528725 0.2697722 0.8006115 0.3397093 0.8910469 0.52779585 0.8719735 0.6524552 0.30463597 0.8721819 0.43000582 0.27814063 0.18021186 0.8946672 0.69026095 0.8059112 0.20946896
0.2753168 0.13340205 0.49458998 0.18813086 0.3262723 0.36764196 0.65946597 0.24918047 0.12573336 0.38588536 0.27042755 0.57247967 0.83194065 0.4728499 0.6377054 0.67558324 0.38459435 0.4320072 0.9292125 0.1390741
0.8125083 0.41047862 0.7485642 0.6710531 0.38661307 0.40113834 0.53636444 1.0227287 0.48586392 0.5270659 1.1815969 0.85631794 0.33379772 1.0147107 0.7576791 0.256355 0.33735102 1.009967 0.7223804 0.299668
0.22967066 0.55911136 0.7029795 0.8291864 0.24862681 0.15971524 0.48224935 0.44586414 0.58595175 0.818424 0.32814595 0.60792243 -0.02017002 0.69570464 0.47758883 0.45036235 0.46812356 0.4446357 0.90962875 0.4501238
0.25636363 0.6117373 0.5015606 0.41241744 0.3714957 0.6526199 0.6529918 0.678825 0.75344485 0.9939951 0.9571005 0.92055106 0.33713943 0.30368385 0.30288884 0.17805175 0.92855394 0.35127944 0.58720475 0.74370885
0.6113234 0.20817903 0.56426847 0.067850836 0.59894806 -0.016241085 0.6089129 0.86535597 0.4249227 0.06104709 0.9376603 0.6275787 0.27198276 0.13467552 0.39737037 0.90862316 0.554996 0.51376945 0.9350612 0.8557831
0.51196486 0.63806665 0.32079005 0.8028278 0.19222543 0.40163207 0.16018978 0.61429197 0.3076986 0.3242441 0.63776225 0.7737616 0.97227997 0.19663948 0.5754458 0.13247526 0.9558493 0.7201704 0.57788795 0.25445426
0.27100727 0.20514925 0.39745557 0.5347883 0.7969792 0.7895949 0.62008697 0.3559348 0.980716 0.17965257 0.16416393 0.94834924 0.8373648 0.7724095 0.352036 0.2781674 0.36144972 0.5018743 0.3087597 0.46477485
0.20219538 0.24573456 1.0030408 1.0122924 0.72637194 0.67454714 0.14325613 0.649746 0.73407257 0.588818 0.8784213 1.0005112 0.67904943 0.21436232 0.6096647 0.12525663 0.79605675 0.42791736 0.7250684 0.29270008
0.2605598 0.22596163 0.749871 0.9960172 0.78634506 0.13750532 0.4200458 0.93161774 0.8326189 0.41121975 0.28731668 0.5429326 0.24745493 0.76987785 0.90785384 0.40582028 0.62698025 0.7983066 0.4541113 0.7222965
0.8432039 0.58981717 0.88801223 0.28221807 0.5595626 0.82736135 0.33448353 0.35729817 0.40967104 0.8437247 0.48824203 0.45924452 0.48180577 0.99700737 0.28819993 0.31205115 0.5864463 0.26620057 0.42884043 1.0126979
0.8243587 0.60416996 0.97843146 0.24465008 0.42534027 0.54341483 1.0071105 0.23284194 0.257679 0.22872949 0.91993225 0.13838123 0.14864741 0.60267967 0.3747468 0.53927237 0.7496545 0.4492625 0.64554477 0.30148688
0.44620064 0.64468247 0.11978786 0.17822431 0.18401906 0.96530557 0.6765753 0.9416454 0.38364735 0.3198002 0.40930322 0.46325016 0.7078044 0.5608804 1.0462321 0.42628297 0.88605607 1.0201751 0.7746876 0.37056074
