0.66226774 0.5976091 0.27932903 0.5766109 0.20975858 0.67520845 0.46899623 0.6908942 0.8472021 0.620377 0.40651155 0.35527784 0.24971385 0.07290181 0.24925952 0.73065525 0.51426023 0.58172685 0.56658334 0.65389
0.05288622 0.56236345 0.60157424 0.6816872 0.3493958 0.7067726 0.6104637 0.70609367 0.82624656 0.828184 0.21180004 0.9800724 0.479852 0.1508465 0.18763615 0.95950294 0.72023076 0.63270235 0.6530865 0.42464867
0.6822583 0.3400293 0.52750856 0.04366234 0.38458982 0.032957908 -0.07000166 0.5378078 0.37060648 0.58840257 0.5553026 0.67159826 0.11628542 -0.06186378 0.6719797 0.67965055 0.46766987 -0.054538976 0.61319494 0.28426716
0.5680543 0.9058066 0.2593933 0.8366016 0.4077345 0.7337358 0.8955018 0.26121533 0.3396057 0.80250245 0.37955362 0.11324236 0.816474 0.4934052 0.33045876 0.86006117 0.118485674 0.0039621396 0.5548083 0.48289695
0.32974195 0.515139 0.2222195 0.09183825 0.57017076 0.23476388 0.86594117 0.77489495 0.19724904 0.8072495 0.85235596 0.3654072 0.63326657 0.1485509 0.34964424 0.71870893 0.86323017 0.4170417 0.29460803 0.63598275
0.7265984 -0.024167173 0.17015232 0.27461654 0.13775033 -0.069623075 0.5753327 -0.050065625 0.22034527 0.63851833 0.15349396 0.54456204 0.41130844 0.6200921 0.20861231 -0.16528969 0.65317357 0.28927258 0.54694504 -0.0070881993
0.08783512 0.06939902 0.8867911 0.18456383 0.23766562 0.4134689 0.8677983 0.11318588 0.34166604 0.5879682 0.84945726 0.7135279 0.13713546 0.37580654 0.038810316 0.80812156 0.8464848 0.4103701 0.77897537 0.041546784
0.29816812 0.5514347 0.8014309 0.33095357 0.18333119 1.0025597 1.0603831 0.3172877 0.86191034 0.33555037 0.6482256 0.6220244 0.18795349 0.17541519 0.21751834 0.48589274 0.65692276 0.59208477 0.85330284 0.10276527
0.072081916 0.4408986 0.088328056 0.2556814 0.69235754 0.25268 -0.12309662 0.4096196 0.4269149 0.13083534 0.12995389 0.14810127 0.7972229 0.4017348 0.22203448 0.7083206 0.38347265 0.3392306 0.4036056 -0.14645325
0.29768997 0.5696859 0.21967617 0.7848735 0.4909275 0.5638052 0.15377583 0.99586767 0.19689412 0.7262057 0.28560778 0.99056715 0.97569627 0.20454554 0.633934 0.67339736 0.49377352 0.7988025 0.28421128 0.96165603
0.5561344 0.017117769 0.24645309 0.8845322 0.72683823 0.5721858 0.12479926 0.6098886 0.85784656 0.7493915 0.64774185 0.38296264 0.19395521 0.6014544 0.13082574 0.85460466 0.30238 0.6840891 0.20352365 0.5878577
0.3748422 0.92536795 0.26485905 0.43498734 0.043593213 0.7146292 0.4249634 0.19713229 0.92329013 0.43657574 0.721375 0.64247507 0.7937004 0.5246022 0.85357374 0.68000144 0.31811333 0.2900965 0.8435137 0.9489114
0.46429276 0.92518675 0.94738007 0.19731167 0.47172958 0.45722112 0.23089227 0.7819236 0.6568954 0.89664334 0.22676106 0.41253382 0.7326266 0.15214327 0.9650935 1.0477661 0.53420043 0.9628521 0.24390559 0.22618926
0.66858774 0.3611811 0.25310627 0.7051471 0.4911871 0.96320695 0.83803904 0.20986082 0.6763036 0.9286894 0.485373 0.9163629 0.10075971 0.71323216 0.9227164 0.3290434 0.27601162 0.9952743 0.29227185 0.38260627
0.37612876 0.44454166 0.7253951 0.446624 0.46514937 0.44973713 0.33694392 0.49184725 0.8485875 1.0298141 0.3885447 0.23360655 0.43224442 0.9586831 1.1101012 1.1614815 0.9574977 0.26544893 0.58399945 1.0061225
0.96517116 1.0007846 0.5767911 0.59869283 0.32696196 0.6817852 0.21634053 0.19612516 0.9949325 0.47374752 0.91091096 0.68787754 0.60545367 0.5879048 0.5469464 0.20369944 0.9607689 0.20602977 0.51371795 0.1734656
0.7492832 0.95774394 0.20996213 0.9061524 0.9719324 0.832301 0.46415696 0.30274564 0.80286014 0.3145372 0.48853058 0.11932502 0.55094814 0.9885581 0.556177 0.97390586 0.2293199 0.45257983 0.070139885 0.51129
-0.022566458 0.8220315 0.12137916 0.0028495141 0.7649805 -0.017904298 0.45384848 0.39968058 0.27714375 0.007274121 0.691917 0.6743501 0.05798671 0.3971403 0.62477523 0.3090246 0.15797868 0.4005845 0.3993762 0.60165405
0.26435623 0.7387726 0.5915667 0.4945226 0.72011834 0.32265046 0.89896274 0.855501 0.33427083 0.103049316 0.2794377 0.4992156 0.27157634 0.8329924 0.94905335 0.40469998 0.4759046 0.81245947 0.22205068 0.11659501
0.96078354 0.95908695 0.5762689 0.18891801 0.8658255 0.9530997 0.8833803 0.77731967 0.5610813 0.3771239 0.32614946 0.64180577 0.1898591 0.50014615 0.392346 0.3442751 0.5374527 0.6608236 0.59513116 0.10436001
0.53250015 0.3753073 0.6661969 0.518679 0.3149497 0.22461726 0.41104093 0.6467277 0.7194239 0.5373755 0.4487819 0.7685678 0.5285915 0.7416895 0.7611911 0.18466406 0.34593943 0.23589802 0.5306544 0.62435097
0.23133951 0.5256755 0.14090842 0.6778429 0.7054004 0.21169987 0.34250006 0.729014 0.25636208 0.20124583 0.49849254 0.29939768 0.051581252 -0.076541655 0.12316044 0.21276835 0.13797414 0.11993348 0.36973917 0.2836408
0.62521434 0.49907696 0.9060884 0.88118887 0.46719426 0.13384472 0.48443624 0.12846893 0.37927237 0.4694223 0.9445835 0.68422776 0.49412975 0.22565222 0.6368281 1.0088087 0.48415822 0.8437821 0.57077926 0.4067287
0.09298506 0.12458571 1.0209105 0.37862793 0.9026863 0.31358644 0.66185653 0.17200907 0.3040417 0.9116206 0.30310956 0.75874776 0.87718546 0.20224686 0.34040084 0.5868989 0.5466634 0.66701794 0.30013973 0.6921132
0.18528105 1.092893 0.66385704 1.0763965 0.41911772 0.54495084 0.41928184 0.44194075 0.7840701 1.1510705 0.9240939 0.27558702 0.417495 0.20951763 1.0361464 0.23426647 0.3937425 0.70517886 0.24539201 0.31795365
