1.0145161 1.0321412 0.9167555 0.89686215 1.100837 1.0210742 1.2298328 1.0371895 1.2381111 1.1301545
1.0190029 1.0168444 1.0566347 1.0427535 1.2556897 1.0174657 1.0166031 0.8850719 1.0390975 1.2219973
0.96592146 0.894591 1.2208859 1.0179241 0.97753733 1.1375235 1.0931262 1.1429625 1.2227955 0.935491
1.3494706 0.6566039 0.80791473 1.1148953 0.70622474 1.3616378 0.9108688 0.46269515 0.81237376 1.6323544
0.846983 1.2605199 0.93956107 1.2561593 1.255057 0.9590392 0.9704351 0.75840694 1.3296044 0.9696238
0.9183551 0.99031 0.5430792 0.81407106 0.94628507 1.0424244 0.93480825 0.85942894 1.3704468 1.1752595
0.83175 0.9274068 0.9566799 1.0343933 0.85839784 1.0425619 1.2700391 1.0933843 1.5390538 1.0254192
-0.15070228 -0.02575187 0.069718614 0.19735526 0.28906375 0.4011205 0.18428223 0.16968302 0.013196325 0.18091424
1.1761242 0.81700784 1.1329895 0.942289 1.1698263 0.98653364 1.1469815 1.0473498 1.1149427 0.9845451
0.6053127 0.33086467 0.75634915 0.8472544 0.52055055 0.8496024 0.69759184 1.2348797 1.0372882 0.33298057
1.2591386 1.0526928 0.99251854 0.9492401 0.94500375 0.86453116 0.99715996 0.9791829 0.4680321 1.0344663
1.1472559 0.9812917 1.1625354 1.0246011 1.1053597 0.91581523 1.0069501 1.0803869 1.1451104 1.0974526
0.90500695 1.3683659 1.1530486 1.0270774 0.8779062 1.134293 0.9392846 1.1393422 0.86765414 1.2639796
1.0439389 0.86416173 0.6530485 1.0285267 1.0896087 0.8566494 0.8463138 0.7055469 1.3756467 0.9292286
1.0568018 0.5935114 0.9063368 1.0136026 1.1450448 0.909635 1.0128906 0.9256057 1.0075268 0.94146883
0.85992527 1.1704807 0.7489026 1.0715415 1.3086798 1.1199745 1.2391474 0.85451114 1.0812403 1.1679139
0.6983157 0.70536184 0.98808676 1.236058 1.0538148 1.0079473 1.0272378 0.97774094 1.1475493 0.79316866
1.2183461 0.59122026 0.8211526 0.6674773 1.1901714 1.2343622 0.81048864 0.82751024 1.0699215 1.0433738
0.7166509 0.7561324 1.3100541 1.0462717 1.1702303 0.74441594 0.8280271 0.81195754 1.0540814 0.98375237
0.7380676 0.57587844 0.7790525 0.81007296 1.5183388 0.7924251 1.0101105 1.0256913 1.2461776 0.8992856
1.1151924 0.58956003 1.0913664 1.1198077 0.45095274 0.86897236 0.8842558 0.90144616 1.0760106 1.5968075
0.93150204 1.0858643 1.0915586 1.2117867 1.1088359 1.1796781 0.7362128 0.96257406 1.1939533 1.0426991
1.0117192 0.83398277 0.63698244 0.74524164 1.3026861 1.0449363 0.9534355 0.846114 1.2561393 0.90621674
0.9149819 1.1053208 1.0971298 1.2120074 1.0109755 1.086758 1.0206997 1.0221816 1.2209926 0.8612424
0.84554267 0.72220474 1.1699357 0.75336814 1.0964367 0.87903726 0.9511651 1.1996648 1.0090691 0.93114966
