0.7215596 0.63154787 0.8887903 0.5899761 1.0411118 1.0056379 0.7460617 0.3940853 0.5450833 0.32407957 0.1312242 1.0565292 0.6515245 0.24489382 0.6816967 0.14094876 0.72854644 0.25333866 0.48281223 0.13989262
1.074305 0.5568175 0.31235617 0.2746967 0.6864319 0.56024456 0.91507083 0.7261829 0.5711547 0.5265604 0.6321502 0.63183993 0.714938 0.99946016 0.48835096 0.30145004 0.37626806 1.2127641 0.38091767 0.72246623
0.08526429 0.7101988 0.0364117 0.2686993 0.28413716 0.29707393 0.72840875 0.9196892 0.39221677 0.88669115 0.2709061 0.73815197 0.42183214 0.37888917 0.40865397 0.07936881 0.85686845 0.821887 0.8931325 0.63821477
0.97403955 0.29961357 0.17157036 0.27691787 0.844971 0.5072781 0.94735295 0.272053 0.35310033 0.61186564 0.8089437 0.41736016 0.91002786 0.7113716 0.40171152 0.05206183 0.6179697 0.72914416 0.8208526 0.6717279
0.8939492 0.20262688 0.19507687 0.6988672 -0.022372523 0.115166984 0.74346656 -0.00035157238 0.79784566 0.41740227 0.81624484 0.08205321 0.8257133 0.86001605 0.4630917 0.73214316 0.15441084 0.3831127 0.23626944 0.13969661
0.9153726 0.22860335 0.13497281 0.5431954 0.43553212 0.71651083 0.45757654 0.5120536 0.7275076 0.80523556 0.32936564 1.0173813 0.95577943 0.21181673 0.749254 0.15155075 0.6097475 0.38957968 0.90841264 0.65612966
0.84446245 0.20893864 0.5513103 0.25931922 0.26782477 0.73009163 0.47040793 0.7722284 0.4131122 0.33947068 1.1404713 0.21092753 0.9871219 0.51512116 1.021507 0.52656436 0.76289076 0.33089337 0.182398 0.8477059
0.6231693 0.5010778 0.6227587 0.51685077 0.26973233 0.28594133 0.83163697 0.14933342 0.5730888 0.43789294 0.7836593 0.40239266 0.50383383 0.5165957 -0.10456665 0.26767766 0.69819367 0.19965689 0.22701485 0.5851812
0.5459593 0.8230524 0.6502083 0.19138415 0.9347833 0.36462244 0.32343602 0.6105466 0.61407584 0.7681929 0.49544922 0.4590841 0.42928666 0.21788225 0.24240845 0.50612724 0.90300256 0.04356174 0.91387224 0.17432626
0.052241515 0.59274024 0.22351778 0.7729483 0.817296 0.24887834 0.045101345 0.74430454 0.75350475 0.6185704 0.73992974 0.7241046 0.33632094 0.9695064 0.06451781 0.45817247 0.18620814 0.84774065 0.6177525 0.36455962
0.05634584 0.4422242 0.73167366 0.92264086 0.41550988 0.77883 0.78142357 0.9445105 0.1348016 0.25285593 0.26799005 0.76273143 0.43512753 0.16533385 0.83906394 0.10468934 0.18870884 0.5193871 0.21044923 0.96563554
0.35717392 0.23038562 0.774342 0.13798088 0.428562 0.24246265 0.48618737 0.82653475 0.37558526 0.67886907 0.4684054 0.7156762 0.56128854 1.0179728 0.2015676 0.6663891 0.7271104 0.566319 0.25679785 0.61428136
0.40293652 0.25528988 0.14799975 0.7265754 0.3530333 0.47453466 0.80568504 0.91444165 0.32243133 0.8051698 0.41497463 0.78254336 0.1681403 0.4301645 0.86569405 0.26238582 0.678693 0.7871889 0.32826155 0.010905293
0.2989139 0.22886264 0.52066374 0.71957755 0.063237466 0.54103297 0.0753688 0.83356184 0.0699278 0.066194244 0.1210479 0.74858415 0.8289603 0.07386384 0.94862753 0.57855314 0.34618434 0.543827 0.57682884 0.7325375
0.24863671 -0.070445456 0.43598858 0.32598326 0.02828248 0.41436824 0.7699109 -0.025266139 -0.06263174 0.6787925 0.77161205 0.2025475 0.215144 0.6226984 0.5298049 0.78209615 0.38720044 0.82818985 0.8783478 0.8378191
0.25580952 0.39123797 0.81677246 0.7504251 0.47378772 0.23151375 0.41202158 0.29290384 0.40453953 0.7218025 0.81414855 0.12166478 0.5784052 0.5412388 0.26495603 0.122175045 0.6506966 0.16703546 0.46953303 0.2321732
0.72184813 0.37824205 0.65792274 0.417261 0.33141944 0.7516204 0.19612496 0.82906014 0.21685337 0.17275357 0.7924085 0.33300668 0.78006405 0.639422 0.078755535 0.69801944 0.8287099 0.11460494 0.5331955 0.74548906
0.42412856 0.38329762 0.21533623 0.5694801 0.41806585 0.35524124 0.61464286 0.73219293 0.29493374 0.65999836 0.42794076 0.30531242 0.17841843 0.6646785 0.49538305 0.14320917 0.7521676 0.5844868 -0.072693706 0.35999113
0.48132065 0.24868424 0.8075337 0.28448153 0.55837935 0.34765866 0.140197 0.9226824 0.3426006 0.10504121 0.5099994 0.7966266 0.26204225 0.32611084 0.31874377 0.53395724 0.90362114 0.6216855 0.7103761 0.7563172
0.021175092 0.03742144 0.6598458 0.11872697 0.3226465 0.13617337 0.54739606 0.13674381 0.5657565 0.4365293 0.84969145 0.5914916 0.00949193 0.14279334 0.34933853 0.38924912 0.71250266 0.63308996 0.2773785 0.43968546
0.5846685 0.7309169 0.64795655 0.5124038 0.6396978 0.26431182 0.95370305 0.15222609 0.3642655 0.9167586 0.6631228 0.873466 0.90263885 0.55008984 0.107267424 0.9034445 0.7318223 0.6447755 0.13511147 0.31866062
0.24833244 0.6183079 0.19641736 0.68364775 0.34847906 0.83240646 0.21822292 0.915839 0.37304336 0.07944224 0.42501494 0.89500743 0.8066894 0.7096366 0.5359781 0.20903522 0.58523244 0.2798329 0.52823347 0.61728454
0.3115588 0.12031408 0.7870905 0.82760376 0.8135768 0.3965525 0.23124546 0.44021553 0.6787663 0.06589142 0.107711874 0.57195914 0.26826942 0.87180096 0.17929053 0.667224 0.56385946 0.6266814 0.90812755 0.5242907
0.35335746 0.44982278 0.3223264 -0.059680045 0.12583652 0.12669145 0.65200233 -0.09307474 0.736022 -0.12827443 0.78367597 0.44322073 0.50002694 0.30256045 0.2904455 0.74707514 0.71167505 0.70173275 0.50124085 -0.07740034
0.6308486 0.5139648 0.9107257 0.032577142 0.9871117 0.52398765 0.7371087 0.81787264 0.18943954 0.17445457 0.1315578 0.9192022 0.7852319 0.5348168 0.5204419 0.25322217 0.17669219 0.69352674 0.23441522 0.49012405
