0.21152598 0.48073357 0.70139253 0.8215487 0.16846645 0.59932214 0.4635232 0.78155065 0.4505013 0.91496503 0.46747622 0.8853058 0.39113522 0.37521583 0.4102799 0.59799135 0.64696395 0.8500494 0.9460543 0.38074028
-0.030235566 0.49301597 0.0139736235 0.6262117 0.3465141 0.7479176 0.20306905 -0.004700458 0.6490373 0.16433881 0.5619233 0.62810093 0.11435503 0.7622812 0.045830183 0.7175046 0.62486345 0.15702309 0.8226163 0.8035062
0.5721776 0.46870965 0.77497494 0.51937777 0.25303754 0.34620538 0.2247389 0.21760345 0.31830594 0.15589005 0.41313195 0.9144644 0.28695658 0.3756149 0.27015927 0.6029987 0.7592624 0.5883194 0.96560526 0.8783314
0.2824337 0.38777006 0.3969758 0.4206549 0.42864037 0.53392375 0.18184456 0.7410308 0.3599588 0.42795002 0.45973438 0.5816197 0.60319346 -0.13910978 0.01769531 0.3766927 0.21441081 -0.115227684 0.577885 0.730182
0.112605266 0.7041294 0.57057273 0.7250358 0.057630766 0.5568737 0.4152521 0.8273976 0.5806972 0.4596747 0.3455188 0.93229574 0.030199213 0.65418 0.6102517 0.73020697 0.21536571 0.5167025 0.46445006 0.77293164
0.85756356 0.8503406 0.5058478 0.57282186 0.4940346 0.06710704 0.7661841 0.34323433 0.76610655 0.5760301 0.14911185 0.44120228 0.55140865 0.66311884 0.34376997 0.067198664 0.48026258 0.04037291 0.025812404 0.25116014
0.9989547 0.22540554 0.9224743 0.184606 0.860255 0.5349863 0.96406895 0.19259562 0.5760273 0.5645312 1.0082017 0.15001097 0.601468 0.9195196 0.41896832 0.17281687 0.7378128 0.6174497 0.6707965 0.2883434
0.21338457 0.08838273 0.1671813 0.80184305 0.87992936 0.54151523 0.01470738 0.45900413 0.85762644 0.8770842 0.88820386 -0.07785822 0.065619506 0.69222206 0.816138 0.4991768 0.3488532 -0.014555635 0.65978736 0.04941887
0.926809 -0.008625832 0.09761042 0.63911206 0.8565007 0.76592946 0.6233204 0.589098 0.39225084 0.79884493 0.49853447 0.86036205 0.747438 0.10497922 0.4935255 0.012368641 0.14612499 0.5058878 0.11551757 0.7608308
0.25224233 0.57739264 0.20693108 0.42894873 0.7506061 0.16716184 0.56961 0.08833743 0.01248096 0.84288853 0.8540137 0.89714986 0.8991829 0.20560831 0.31600374 0.544482 -0.0055390564 0.8008835 0.79052866 0.900907
1.0307697 0.17228056 1.0557011 0.17620201 0.52586544 0.1776754 0.72351164 0.18173328 0.21061043 0.31020612 0.80779964 0.37749124 0.55864507 0.73048955 0.1738759 0.6779048 0.24850015 0.3915478 1.0676492 0.6278546
0.9026674 0.535117 0.9418359 0.2644073 0.15079953 0.8811314 0.13118972 0.29100344 0.5002113 0.9991902 0.6604203 0.8445118 0.80186945 0.32657105 0.79518294 0.21529189 0.14203605 0.8101908 0.8029457 0.4082097
0.45847577 0.48758447 0.5267886 0.54393214 0.33285657 0.28399 0.34529355 0.14608324 0.3620624 0.7249172 0.71612763 0.6370363 0.74752283 0.84076893 0.97579044 0.49121907 0.2616717 0.64291775 0.18955432 0.46145085
0.6682772 0.53452414 0.62717885 0.15527211 0.5410861 0.6423499 -0.0782184 0.5545272 0.634926 0.34186032 0.22113818 -0.13171001 0.0016313436 0.394326 0.18497235 -0.034303986 0.36504972 0.5353682 0.4647462 0.46607465
0.30493423 0.7190326 0.55112106 0.2574408 0.2071039 0.14240181 0.003923712 0.19747472 -0.2250801 -0.0765008 0.16503388 0.31897205 0.03225311 0.4722929 0.40403384 -0.24844715 -0.120917656 0.6011329 0.28394485 0.5239368
0.8686234 0.024257127 0.26808414 0.4845379 0.8573302 0.6320217 0.85122824 0.22733639 0.32568622 0.06904889 0.23168682 0.7912517 0.37095737 0.49871492 0.03807543 0.7250017 0.82581055 0.59482056 0.7768182 0.6382518
0.9183354 0.63778484 0.7269544 0.48096788 0.46728578 0.6750963 0.3002262 0.24804339 0.20407693 0.78360033 0.9879773 0.7375179 0.6369843 0.11717392 0.17113942 0.5481904 0.41768554 0.82570595 0.24062887 0.092607744
0.4321382 0.26564816 0.16557881 0.9199912 0.8413874 0.8834113 1.006138 0.36624864 0.544319 1.0636618 0.4419749 0.15746957 0.39566532 0.8484792 0.7426725 0.28602105 0.29322302 0.69692665 0.86314666 0.35415837
0.08575291 0.6220735 0.71891546 0.113398716 0.21147749 0.29436398 0.305185 0.8954392 0.56182003 0.21072896 0.7658943 0.3052805 0.41546777 0.3135477 0.58782095 0.9179131 0.103546284 0.047702663 0.5814432 0.61003107
0.6969669 1.0226327 0.25109324 0.87287885 0.30643865 0.6946926 0.98108256 0.16543658 0.49165234 0.06581359 0.08186073 0.18638998 0.9857834 0.87491506 0.94334114 0.24485302 0.842694 0.6410201 0.31695417 0.88438046
0.2789435 0.48178557 0.34087592 0.9030076 0.3652567 0.8210379 0.6743906 0.7597472 0.90745795 0.20981756 0.85937464 0.28284514 0.7471909 0.88396806 0.6907528 0.3331995 0.21194959 0.34485367 0.79727876 0.49094304
0.8289759 0.7346967 0.6874262 0.695977 0.17187113 0.5737779 0.7674989 0.7238189 0.8225907 0.63859195 0.33210653 0.76862735 0.6460665 0.6247745 -0.034042247 0.2837647 0.03898348 0.32310766 0.34406468 0.16730873
0.1184039 0.72028583 0.8320886 0.24128188 0.6541664 0.749282 0.06583744 0.73814553 0.11394599 -0.024783904 0.5043964 0.23445353 0.2984858 0.6497027 0.5870426 0.32908064 0.41819867 0.57764155 0.60683966 0.31416187
0.17953734 0.40426874 0.4707138 0.8223909 0.7681421 0.35430846 0.42859736 0.35894838 0.38994426 0.743753 0.5698529 0.0339146 0.37959898 0.8373493 0.5253232 0.81523246 0.34148318 0.67405635 0.76487005 0.19836847
0.48010874 0.06855932 0.74211895 0.6303264 0.2434498 0.06961335 0.121034384 0.21430857 0.13386282 0.34276965 0.72040564 0.034856424 0.013030171 0.056268673 0.33152825 0.22883904 0.34920722 0.6238864 0.20178762 0.03389093
