0.7939622 0.21307115 0.24441174 0.1705072 0.7295877 0.8148876 0.47032872 0.7856889 0.12878788 0.8234651 0.62006646 0.09932692 0.52449864 0.4825998 0.107230455 0.67719436 0.62250113 0.1792184 0.8443145 0.84005374
0.7287064 0.97755104 0.5125608 1.044672 0.26212853 0.3402376 0.41711244 0.11900455 0.4170873 0.33340096 0.381361 0.35282636 0.99542207 0.8644699 0.4665181 0.29812947 0.3346187 0.115623735 0.65342146 0.27423126
0.21082301 0.9454958 0.35692644 0.54396635 0.5530209 0.51065534 0.22020382 0.69302446 0.50972694 0.97278166 0.9198736 0.6629947 1.0657607 0.24511895 0.54831237 0.97348624 0.5537216 1.0682098 0.50081193 0.6868677
0.5537509 0.40065953 0.68497294 0.6574313 0.8629594 0.28584132 0.3325221 0.5063143 0.970674 0.9180315 0.46297607 0.6474454 0.40612906 0.98318297 0.19523872 0.512516 0.14383034 0.43119076 0.7954071 0.78352296
0.9901655 0.35925594 0.9913974 0.483875 0.74676806 0.8880585 0.5956992 1.0243986 0.9784932 0.87830776 0.71225756 0.7612615 0.7976284 0.12698035 0.24107473 0.35194218 0.9018911 0.329083 0.25198627 0.34385526
1.0344567 0.5052368 0.85574496 0.5598846 0.20903698 0.24334387 0.9592088 0.70472354 0.7986759 0.8850767 0.19428281 0.23671758 0.7596214 0.13445501 0.56325173 0.14662921 0.6515682 0.28018248 1.0396854 0.6751963
0.6350113 0.8201529 0.7262523 0.21855494 0.8296763 0.19449921 0.19751112 0.7567498 0.76333815 0.01900728 0.4610005 0.556806 0.8006068 0.56544966 0.66684467 0.6501123 -0.033282254 0.88845974 0.18293785 0.35562146
0.66880834 0.6405795 0.6909521 0.3079203 0.303989 0.74890226 0.8303302 1.0207281 0.67093754 0.4673731 0.36037883 0.6862436 0.6333857 1.1336457 0.8646557 0.8687694 0.58408517 0.3756025 0.60950106 0.32054943
0.7795484 0.16821797 0.40987557 0.16549513 0.20055948 0.6484632 0.58376175 1.0113741 0.15135345 0.90126646 0.8129993 0.9645764 0.40477628 0.85812837 0.6828894 0.7474808 0.51182306 0.83743733 0.24158186 0.579428
0.30480248 0.32167575 0.85748535 0.49744222 0.3565309 0.44505325 0.6631848 0.3480831 0.9028912 1.0000105 0.44698626 0.4475266 0.50973314 0.6802652 0.847287 0.83532834 0.48245633 0.3957818 0.56218445 0.47703937
0.2896058 0.5845374 0.48470473 0.51648736 1.0812434 0.49303842 0.8524499 0.8158287 0.5350239 0.4605134 0.4919072 0.63556176 0.33065376 0.5340074 0.4924233 0.6336256 0.38265973 1.1747792 0.5559574 0.36863118
0.063952364 -0.06514251 0.56276864 0.74886805 0.4789454 0.6494673 0.8704101 0.051974915 0.7158332 0.021108558 0.88434255 0.63045317 0.566536 0.36456573 0.18430725 0.7480631 0.5231561 0.82699805 0.72605497 0.69932264
0.32038414 0.7505851 0.3292429 0.40315184 0.67879826 0.4042933 1.0888203 0.7290418 0.33913374 0.69827706 0.1819708 1.0359621 0.962019 0.61391926 0.38247284 0.36858615 0.82305014 0.28788415 0.23382337 0.9499195
0.624216 0.35082147 0.50507593 0.8396731 0.44602954 0.41205853 0.5391862 0.4467178 0.9010415 0.9714705 0.44381705 0.6148036 0.61984956 0.45292032 0.507888 0.22474259 1.0290852 0.61319965 0.30813858 0.61817104
0.53763515 0.88895833 0.8860318 0.38180745 0.10530407 0.46279 0.5726283 0.5804977 0.42302507 0.897427 0.19830318 -0.029141646 0.82400775 0.5406824 -0.053406496 0.5489023 0.624317 0.30626804 0.40492854 0.8250321
0.2824557 1.0164247 0.948384 0.81518203 0.7786722 0.69864655 0.9545732 0.9365174 0.34281203 0.25919956 0.67506266 0.19133733 0.52121836 0.22672793 0.773668 0.54771197 0.18558532 0.27963954 0.5215429 0.38485494
0.5881817 0.84048015 0.44526902 0.8279434 0.8078356 0.19436666 0.29965866 0.51585436 0.7259736 0.32488164 1.1374197 0.41853052 0.8670382 0.91539955 0.6207378 0.4118734 0.8981041 0.7253265 0.9008129 0.35009888
0.7473353 0.24799752 0.13670886 0.7889124 0.085198656 0.24235311 0.5434502 0.5089135 0.37123013 0.82342744 0.5216917 0.7666551 0.60411114 -0.014676075 0.7439135 0.7372582 0.1607525 0.27660993 0.869943 0.8505446
0.8670259 0.21131282 0.37376592 0.2640999 0.4048715 0.9603081 1.0808797 0.95612 1.0674508 1.0251088 0.19433944 0.52212846 0.8974577 0.53053963 1.07738 0.4276676 0.17724556 0.73048586 0.4005836 0.5624709
0.16705544 0.6714599 0.4404477 0.52027106 0.75292367 0.588766 0.37749034 0.05693611 0.3355075 0.5533404 0.3773038 0.72970897 0.011128452 0.5670474 0.017029071 0.73255503 0.81461376 0.6068965 0.13187747 0.31721103
0.69127166 0.26781136 0.7288993 0.101678506 0.20429097 0.19694431 0.81912583 0.3256665 0.08266131 0.8202548 0.7327187 0.45322046 0.3907886 0.106029585 0.3465348 0.6600301 0.2701768 0.74080133 0.79889345 0.13415712
0.17382802 0.6008953 0.20819041 0.5835968 -0.004037422 -0.16084747 0.57762176 -0.10730043 0.19171745 0.22635531 0.60460275 0.47667444 -0.11482031 0.7339957 0.22951412 0.36338162 0.6216734 0.7237836 0.73271763 0.6266479
0.58116907 0.39971548 0.13929047 0.14617465 0.70694256 0.6560437 0.52609324 0.5692256 0.9680805 0.5338286 0.5910364 0.6410263 0.54230434 0.14396264 0.30361027 0.96665055 0.4305501 0.47144392 0.33481118 0.30029204
0.63518286 0.4385975 0.4666179 -0.04397705 0.7299233 0.16564418 0.25149 -0.067152135 0.5078164 0.807572 0.5678586 -0.011121169 0.61678827 0.46535894 0.67601067 0.050905 0.7227266 0.755466 0.54585874 0.16627398
0.764873 1.08313 0.22683562 0.30743462 0.44455165 1.0365368 0.41678908 0.56427807 0.37280166 1.0688593 0.83768386 0.88777405 0.84414333 0.5938716 0.80509025 0.65346 0.44222376 0.48006022 0.27785382 0.63116395
