0.042214196 0.044671595 0.839009 0.41163602 0.3125398 0.18093632 0.16384628 0.28556237 0.78879136 0.8644705 0.9434028 0.12471625 0.06788311 0.22924303 0.9368974 0.32293037 0.46200153 0.9041601 0.48244327 0.36824653
0.50332624 0.08663372 0.0021913808 0.35138455 0.8052684 0.46399483 0.5555551 0.19122624 0.7365755 0.9008511 0.044195358 0.010606434 0.021491272 0.056962132 0.4053344 0.8243788 0.87042856 0.6991066 0.48267 0.58953273
0.19547796 0.66325724 0.87714547 0.18825261 0.41853553 0.91913575 0.8263549 0.6995478 0.61428297 0.033360124 0.92054754 0.8392572 0.9215794 0.39270055 0.46956307 0.62676287 0.45976502 0.57923496 0.1892244 0.5944235
0.3049539 0.7782231 0.49570635 0.040913533 0.77824074 0.51072896 0.854603 0.61006904 0.17919073 0.587363 0.7196081 0.90137655 0.16942835 -0.0017238411 0.3839398 0.6514061 0.8561969 0.7928281 0.44699264 0.14583845
0.5775362 0.015676267 0.87406135 0.3781191 0.23594104 0.58227426 0.84199995 0.78100395 0.40234122 0.52458376 0.77104616 0.6872548 0.060342368 0.17440751 0.7349151 0.70766973 0.34865358 0.15672635 0.6666534 0.41635847
0.53925866 0.03706216 0.5096302 0.5831266 0.58496016 0.28423658 0.6886694 0.4703859 0.07318677 0.76656437 0.7979604 0.5750946 0.7881317 0.19070919 0.706547 0.9277826 0.56198144 0.062078614 0.1759 0.6343361
0.48388487 0.24307463 0.85378003 0.08365214 0.2486099 0.7791871 0.8642955 0.21549344 0.8846378 0.400602 0.7836873 0.10143086 0.90458137 0.30366167 0.5582867 0.13197242 0.12686062 0.23615505 0.12469946 0.49881396
0.15093282 -0.040688574 -0.17216924 0.66328055 0.6805812 0.6173643 -0.11130162 0.21168561 0.06487646 -0.12417633 -0.13490255 0.19236648 0.50278056 0.042177707 0.5628719 0.54267186 -0.20100819 0.24961261 0.10827244 0.635049
0.25872535 0.66972893 1.0477433 0.54584455 0.5748171 0.5517759 0.9285852 0.32928205 0.55857015 0.7946277 0.43601292 0.8561413 0.6786777 0.77588737 0.7761019 0.2615888 0.64309144 0.33167627 1.0257856 0.64013475
0.07762333 0.6432598 0.8974532 0.8532476 0.22724238 0.5830115 0.48889172 0.24308304 0.10271679 0.43806854 0.62219685 0.54362226 0.23162208 0.05578912 0.40275112 0.059630822 0.22267215 0.35275325 0.04333168 0.21988377
0.08623837 0.86808944 0.14515531 0.18326569 0.39017075 0.67701197 0.49624074 0.57272726 0.6548913 0.13574047 0.06427814 0.5714923 0.50366515 0.8976431 0.7612563 0.91467375 0.34289286 0.3543376 0.6519239 0.65418106
0.5513009 0.5932275 0.20418286 0.09271178 0.1515462 0.3121736 0.1667943 0.093622304 0.79707164 0.96576273 0.29739088 0.51780427 0.10087559 0.4329301 0.3405577 0.27829194 0.10865557 0.8528992 0.19841665 0.08183783
0.45170265 0.3251932 0.60249716 0.36213782 0.21725222 0.4888625 0.75178385 0.9812376 0.43921745 0.46553394 0.9859081 0.15597014 0.19686505 0.21531262 0.49562314 0.8028736 0.97468835 1.019233 1.0375543 0.6036788
0.88581717 0.21969467 0.33632866 0.30771124 0.3413634 0.7408365 0.7068557 0.8993989 0.9103262 0.5001111 0.1597986 0.33133 0.4207657 0.49763605 0.4874229 0.17756444 0.58670324 0.60535175 0.6181454 0.40462276
0.36144334 0.1536915 0.56059885 0.34929833 0.813455 0.3809787 0.22943051 0.4138942 0.42556763 0.6038178 0.3276688 0.32527483 0.7503508 0.5899489 0.40100116 0.71213174 0.092973866 0.700577 0.13984619 0.27720532
0.060605098 0.5422996 0.8535956 0.26150274 0.71572906 0.4495021 0.42481646 0.5529021 0.88705647 0.3543089 0.24073438 0.64313555 0.55964035 0.86642534 0.7077375 -0.049147394 0.2566766 0.36123157 0.33539534 0.8510679
0.7669817 0.897905 0.82393 0.59895957 0.5679204 0.072711885 0.1440303 0.101816125 0.33839324 0.703517 0.9055343 0.2698126 0.14471133 0.121604 0.17144568 0.5494358 0.5508807 0.40071532 0.46556127 0.27640176
-0.03822459 0.3151163 0.14454092 -0.16707478 0.47977424 0.39585966 0.4016149 0.09410268 0.52232534 0.60051674 -0.074129574 0.13594948 0.047103316 0.48071003 0.19405305 0.70056176 0.65291053 0.23936486 0.48066574 0.097008325
0.22205669 0.22619198 0.8365461 0.3320052 0.6951762 0.6291944 0.21110258 -0.021955818 0.7646249 0.5891807 0.13498364 0.25093284 0.71459365 0.7245829 0.3263827 0.19743693 0.011341672 0.36783805 0.83767116 0.36874226
0.4400448 -0.05812196 0.17893267 0.485699 0.012298174 0.46555617 -0.12504987 -0.17002666 0.37879947 0.5438483 0.25325152 0.7675487 0.2859909 0.38682795 0.37500617 0.4005561 0.43492126 0.3725222 0.5199859 -0.024797885
0.44499126 0.058178782 0.6717053 0.003784435 0.72937506 0.7420783 0.49060702 0.23436376 0.8871348 0.80483717 0.35744697 0.4153941 0.07265134 0.5639758 0.49841118 0.2127304 0.19311163 0.046533134 0.7087315 0.6287026
0.10092128 0.7466719 0.3898363 0.30245024 0.27601954 0.5589463 0.7820721 0.28123927 0.3997425 0.5206276 0.3640769 0.4385432 0.47545227 0.59709114 0.72775155 0.7637132 0.35224935 0.5140659 0.9643375 0.55056834
0.52398765 0.5966153 0.4556065 1.0111209 0.32002446 0.6573015 0.38607845 0.4382066 0.3975425 0.59183145 0.9240353 0.6715718 0.5192498 0.5281685 0.44493628 0.45256686 0.30144316 0.4729555 1.1193426 0.62610996
0.86833006 0.4411492 0.33747777 0.21908927 0.89576757 0.16114129 0.89732766 0.76025033 0.5572123 0.46425593 0.53099793 0.89230084 0.32470217 0.17603274 0.23301841 0.4477689 0.67700684 0.36789006 0.64488477 0.24118297
0.2583033 0.27498946 0.99419755 0.6498705 1.1246775 0.8304223 0.25923002 0.6277399 0.72196436 0.50636834 0.44371665 0.7808682 0.46032622 0.2292129 0.27233744 0.31570712 0.273428 1.0466572 0.53638065 1.0635508
