0.40978685 0.35357133 0.63439643 1.0052135 0.41068292 0.6972594 0.33102906 0.32086566 0.33887023 0.32405794 0.6243806 0.9594974 0.7754627 1.1444347 0.70203465 0.29043183 0.41186866 0.47101405 0.6608242 0.6450077
0.31738758 0.06281983 0.88705 0.23011751 0.27923614 0.09723566 0.2083698 0.093636304 0.003343874 0.9119325 0.06062716 0.05757371 0.6614399 0.37288886 0.57371014 0.9213728 0.7844378 0.5251127 0.71584016 0.90855277
0.35659742 0.18010151 0.8305276 0.17860255 0.71966296 0.4963642 0.15738754 0.14012106 0.012233371 0.6701322 0.16804864 0.19165732 0.5038361 0.9067935 0.47631428 0.29092416 0.55363315 0.45440358 0.67279196 0.58204854
0.8846879 0.1309699 0.17442095 0.9087259 0.677225 0.84489393 0.7806021 0.3268705 0.8674644 0.9594813 0.19238672 0.38656217 0.38807285 0.08897972 0.38737467 0.47569188 0.66801685 0.54352665 0.697641 1.0136894
0.53975815 0.7427946 0.83156425 0.62474984 0.10710716 0.5816746 0.7769297 0.38689277 0.06418143 0.6988266 0.58789915 0.0447064 0.84916216 0.499085 0.36391795 0.29804978 0.5282025 0.23157592 0.57821435 0.9090676
0.6502375 0.51835823 0.0011715329 0.13735177 -0.031414263 0.35903046 0.62900966 0.86238986 0.23050033 0.11029559 0.2273202 0.34133297 0.47031605 0.5925998 0.496619 0.80065185 0.32130963 0.6232306 0.57565504 0.79848486
0.47517878 0.13525 0.83437383 0.26117915 0.3576266 0.61562645 0.16860884 1.0057944 0.6772619 0.67476445 0.8419385 0.2965729 0.82135314 0.089021035 0.21332404 0.5442168 0.8016038 0.33633187 0.4859727 0.63857526
0.34414482 0.23231734 0.40586367 0.5657094 0.12374725 0.3708697 0.7988372 0.9552477 0.51341796 0.21360005 0.5382807 0.7823978 0.7872326 0.7733143 0.20655991 0.7685498 0.41003975 0.5256165 0.6593029 0.105724156
0.7624167 1.0470614 0.7085787 0.9250073 0.30169657 0.8150677 0.4439734 1.056581 0.32342574 0.9409603 0.91371495 0.73321277 0.6337037 0.8328638 0.21782848 0.2567669 0.45460972 0.5072329 0.7239568 0.274988
0.27433503 0.56239825 0.37317967 0.43614173 0.1151812 0.567654 0.35176143 0.46371588 0.7251114 0.6565915 0.5698291 0.43726298 0.22616266 0.06920705 0.3001961 0.89168364 0.675423 0.63644457 0.06781858 0.21648443
0.5323905 0.6622229 0.18219328 0.16263139 0.8436445 0.87218213 0.5891094 0.3370188 1.0528374 1.0312333 1.0810758 0.7108232 0.4656461 1.0558922 0.3409828 1.0358505 0.7511235 0.30374724 0.25237542 0.47476652
1.002172 0.5909053 0.3860003 0.67596316 0.39537153 0.3096093 0.5389182 0.5002526 0.16093893 0.25065205 0.6573804 0.6507846 0.5167845 0.4558926 0.81413877 0.18069963 0.8709681 0.23192096 0.16569135 0.7743436
0.018832538 0.30478048 0.14768432 0.14134161 0.5733536 0.8747462 0.21696982 0.5285971 0.72175306 0.85835564 0.08075049 0.43943608 0.1356102 0.013444865 0.3797462 0.37636414 0.73432285 -0.056783173 0.17650093 0.6134231
0.3137115 0.14823319 0.113980375 0.5187032 0.03553947 0.2972907 0.94284135 0.5882441 0.94604766 0.49760476 0.70668495 0.8860583 0.86727285 0.7485462 0.6580566 0.46150163 0.8810504 0.76206875 0.934877 0.34810022
0.34511784 1.1029255 0.5490902 0.38848615 0.26073506 0.20852874 0.58887225 0.3997441 0.7469092 0.6173619 0.5798481 0.68523103 0.5481654 0.77087003 0.811107 0.55291235 0.19977206 0.9481714 0.32392183 0.62596273
0.6808347 0.34900284 0.7387928 0.5527112 0.83317137 1.0967005 0.43701342 0.23942955 0.23581858 0.50595516 0.71540725 0.43232238 0.46119615 0.53267777 0.70846593 0.33027998 0.24396017 0.84178174 1.1644564 0.42845735
0.4511241 0.45509136 0.96949416 0.60193753 0.38771868 0.4134331 0.7850253 0.41027606 0.95212233 0.5717866 0.7549336 0.673923 0.37537777 0.674899 0.52216166 0.74788815 0.32898802 0.2954834 0.40905446 0.64881074
0.090727665 0.039889038 0.666456 0.27344808 0.7807468 0.7415417 0.6212963 -0.028450416 0.7701287 0.45596892 0.07370051 0.7939459 0.75077444 0.12190043 0.4705475 0.81784827 -0.03685088 0.82772624 0.18660618 0.34040883
0.6256657 0.8925571 0.871574 0.97075176 0.8862497 0.5260172 0.39740098 0.034730457 0.9292521 0.5078224 0.6844916 0.4988994 0.54346025 0.7392399 0.36281288 0.43005732 0.275916 0.23398374 0.6991057 0.4105363
0.73268265 0.38565677 0.8606981 0.8577314 0.82595634 0.8663216 0.6342066 0.9228682 0.24303278 0.17969424 0.978956 0.7033834 0.76515853 0.10978719 0.34745252 0.14390478 0.46785945 0.6475908 0.42368057 0.38893437
0.33174154 0.84246874 0.6062017 0.8095233 0.44055963 0.90749687 0.04278522 0.05034701 0.31023613 0.8110506 0.82026535 0.18755236 0.6916363 0.04693553 0.10846553 0.9358342 0.772832 0.48436907 0.36938208 0.3931469
0.29234275 0.22413765 0.4200147 0.9698859 0.17087309 0.13055483 0.99686354 0.47907916 0.5020196 0.598863 0.7965381 0.9009053 0.6605485 0.97553027 0.5165691 1.0188287 0.31146935 0.47859985 0.9822797 0.20286794
0.3163343 0.39857796 -0.009706156 0.61081886 0.8349312 0.79558235 0.12775771 0.7284118 0.7698968 0.46380216 0.8578154 0.43389747 0.21674453 0.2175332 0.94300604 0.3170873 0.33401912 0.075795606 0.098510034 0.01771782
0.17522758 1.0847226 0.5306909 0.27418625 0.1688957 0.5473314 0.33523205 0.4222012 0.37132317 0.4900524 0.3893606 0.46708512 0.809584 0.546135 0.35702926 0.9813803 0.41807187 0.9088331 1.0817649 1.0288494
0.34318823 0.9710772 0.5688846 0.83326715 0.12831983 0.92221034 0.27240512 0.56126463 0.797521 0.8561906 0.8459213 0.2648777 0.65160644 0.9560955 0.0768308 0.40547952 0.36160946 0.36295325 0.5274737 0.6175084
