0.1385514 0.13705699 0.13825677 0.13693224 0.13640592 0.1358681 0.13524087 0.1366237 0.13529971 0.1364371
0.45041382 0.24262275 0.38094765 0.35858753 0.25436407 0.39575553 0.39223632 0.33062187 0.3436901 0.29231784
0.14046828 0.13826564 0.13632199 0.13925919 0.12670122 0.14249922 0.1427587 0.1389686 0.13159214 0.13305847
0.13319671 0.13247505 0.1369073 0.12764359 0.1414455 0.14037785 0.14330119 0.14081119 0.12673771 0.14468747
0.13923435 0.13490956 0.13574596 0.14010088 0.1252213 0.14086631 0.13932088 0.13766399 0.1353351 0.13755932
0.13721138 0.13728353 0.1350407 0.13785706 0.12936383 0.14365189 0.13991416 0.13579614 0.12923513 0.13863058
0.14001785 0.13924761 0.13451709 0.13900776 0.13479184 0.14424504 0.14213564 0.13430393 0.12764072 0.13309614
0.13560192 0.14036058 0.13585043 0.13705307 0.1318895 0.14283523 0.13808115 0.13336399 0.13337317 0.13765647
0.14053059 0.12904203 0.1388177 0.13722661 0.13080229 0.14163397 0.13948235 0.13781565 0.13247457 0.14107203
0.1405208 0.13591789 0.1408949 0.13979194 0.12399494 0.13994072 0.13632794 0.13705552 0.13141793 0.14211652
0.13749862 0.13581455 0.1382018 0.13641943 0.1317639 0.14151618 0.13826187 0.13641521 0.13161318 0.14242825
0.12618375 0.13285874 0.14127086 0.1423648 0.13262166 0.14087784 0.13822003 0.14250384 0.13514878 0.13828039
0.14163841 0.13686751 0.14051667 0.13864282 0.12691875 0.14032844 0.13526914 0.13809808 0.13040292 0.13837588
0.13578889 0.1346969 0.14070638 0.13190717 0.13217975 0.13760878 0.13947885 0.13829482 0.13604869 0.14297222
0.13226429 0.13820674 0.13843706 0.13607377 0.13174652 0.14425993 0.13429947 0.13998426 0.12704079 0.14402284
0.13644443 0.14208414 0.14321016 0.13534445 0.12291153 0.14617756 0.13655108 0.13818553 0.13025917 0.13914272
0.13722375 0.13545425 0.13042895 0.13787523 0.1343189 0.14282429 0.13503714 0.13920107 0.1344334 0.13871926
0.12669246 0.1411957 0.13593476 0.1359461 0.13573933 0.13840118 0.1299217 0.13539365 0.14672895 0.13866533
0.13592464 0.13019624 0.14361966 0.13219883 0.12946944 0.14143117 0.13895969 0.13858983 0.13315065 0.14189197
0.13884483 0.14030933 0.13532932 0.13715355 0.12588085 0.14527714 0.1391998 0.14067669 0.12801522 0.13860862
0.1402162 0.1309717 0.13578375 0.13568187 0.12667973 0.14569812 0.14315364 0.13596272 0.13498443 0.14141968
0.13971122 0.13817622 0.13113722 0.13546486 0.12680826 0.14216338 0.13894562 0.13602394 0.12940754 0.14796025
0.14001043 0.14032967 0.13675264 0.14512958 0.12236673 0.14040177 0.13086942 0.13117814 0.13494684 0.1429532
0.13429154 0.13851434 0.13763537 0.14128302 0.12585348 0.14349392 0.13978346 0.13323854 0.13616753 0.13608465
0.13578397 0.13282265 0.14084667 0.13882227 0.12905128 0.14918795 0.13739268 0.12978396 0.13201238 0.14169051
