0.38251233 0.53674436 0.20996505 0.0068722665 0.85632217 0.73621213 0.6781598 0.1116344 0.8893775 0.71481216 0.4898455 0.0017060473 0.77744985 0.77519757 0.7214961 0.49882546 0.55752313 0.38044432 0.38711837 0.55079275
0.42495713 0.88703305 0.66331625 0.46211454 0.131245 0.7501774 0.27501544 0.07731966 0.6369957 0.76888 0.7259904 0.34741873 0.48770466 -0.045158017 0.41319293 0.16791572 0.46132985 0.1459654 0.64706045 0.19274889
0.98305607 0.92086834 0.56640023 0.5004477 0.9413617 0.40168688 0.8527261 0.22909062 0.85114115 0.29360816 0.090706795 0.5303951 0.19859686 0.57400614 0.779207 0.23371948 0.64938724 0.10015229 0.32000917 0.06770926
0.8057816 0.49203405 0.4781209 0.74531895 0.98736495 0.97105896 0.4770991 0.4645862 0.63842034 0.31230673 0.9824964 0.42272732 0.49545172 0.40077433 0.71622133 0.5452304 0.8760909 0.6104762 0.9529409 0.39534405
0.5003866 0.32158092 0.8202619 0.43360603 0.45383015 1.080198 0.5302726 0.40306076 0.29616597 0.28263184 0.30082455 0.56803477 0.8018656 0.5349886 0.59404784 0.6737097 0.5316527 0.33124334 0.870476 1.0787654
0.5405328 0.68365204 0.84438515 0.30127594 0.62539274 0.36151493 0.91770256 0.35585144 0.74389285 0.15538076 0.23372567 0.73029923 0.33115038 0.41897303 0.34249938 0.48238295 0.12883186 0.70511895 0.3996584 0.9292877
0.4438327 0.8200643 0.91024166 0.6014766 0.27184942 0.2777427 0.7584748 0.35358614 0.46031055 0.8971921 0.28537318 0.5051931 0.51101315 0.86268055 0.57943773 0.36650962 0.7726079 0.58154655 0.69937825 0.6148188
0.69083565 0.310455 0.45270866 0.42316774 0.076838665 0.40162477 0.7502979 0.3111812 0.5570462 0.807232 0.33364412 0.62644184 0.46577916 0.50737965 0.9892247 0.2590745 0.44472456 0.19654669 0.8492417 0.67734444
0.9453643 0.28859046 0.50730467 1.0222976 0.759415 0.5358125 0.13879022 1.0415304 0.94365495 0.6587473 0.902038 0.34409705 0.20402499 0.29439583 0.8563471 0.6482984 1.0183479 0.56297934 0.54895675 0.4195443
0.2653517 0.6388408 0.4246938 0.22742426 0.24831791 0.6064605 0.26613533 0.2357845 0.95689785 1.1102219 0.6694337 0.7724834 0.53407335 0.4919603 1.0222417 0.6524375 0.95836014 0.4978905 0.38275734 0.66524893
0.6985899 0.6745197 0.9417424 0.21038051 0.8518517 0.95630497 0.33838192 0.4266272 0.49870586 0.4235684 0.49158892 0.36021468 0.42817396 0.95082974 0.23388603 0.75773084 0.7478936 0.3312881 0.47270456 0.47664726
0.45816046 0.7426821 0.48472896 0.3214226 0.19248502 0.518648 1.0437561 0.23554817 0.88149667 0.5895082 0.24305536 0.52720207 0.7352402 0.22079648 0.30954728 0.2786861 1.0050751 0.6363528 0.20864981 0.53672767
0.18187617 0.49267453 0.83939636 0.5359606 1.0114295 0.88615394 0.3770336 0.519845 0.27231455 0.9788313 0.3080395 0.22934063 0.98753476 0.76025474 0.54757774 0.4475762 0.6213729 0.5112325 0.14322998 0.75734687
0.7763435 0.26099455 0.06754115 0.12850635 0.36427197 0.54780674 0.27523506 0.6577516 0.1034876 0.4937048 0.5396481 0.3121433 0.041355994 0.17594995 0.5388654 0.71900016 0.2827975 0.31531277 0.7893821 0.024695352
0.4616314 0.518431 0.67296004 0.99386597 0.38137484 0.19390532 0.37971798 0.7009589 0.7883775 1.1149718 0.9635772 0.27716696 0.46305367 0.33304915 0.9215932 0.5482397 0.32409304 1.0424232 0.9168174 0.7804033
0.70463485 0.33459148 0.4496634 0.3303627 0.9098367 0.16034403 0.42734766 0.5785739 0.80001324 0.5829336 0.1346176 0.24207595 0.5211069 0.7307883 0.6191032 0.23845537 0.023430008 0.11949826 0.22022784 0.54810286
0.13187149 0.67408836 0.6278535 0.943298 0.7720299 0.112972915 0.56884474 0.855051 0.47248936 0.7241064 0.0860356 0.06101255 0.14402512 0.89513844 0.33316287 0.0041768723 0.8498601 0.30429018 0.9408257 0.44768962
0.7075656 0.2997588 0.7617879 0.5220684 0.8373375 0.670463 0.6413328 0.6306657 0.43420154 -0.039278127 0.45099986 0.14287138 0.27611765 0.78049177 0.16111898 0.36497188 0.023795048 0.19759478 0.16436073 0.8186409
0.109920025 0.4464889 0.75018746 0.5783552 0.5945799 0.6926852 0.57309455 0.8000004 0.7442512 0.28567788 0.16206782 0.98976475 0.15857124 0.52943873 0.54495585 0.6827736 0.86603075 0.92521536 0.26149005 1.0098448
0.28084666 0.0050975056 0.33596423 -0.04644859 0.24915859 0.37743095 0.53931373 0.31367663 -0.24223477 -0.04326785 0.37509838 -0.1417514 -0.14291383 0.51789266 0.04206256 0.4520873 0.110384345 0.3387826 -0.27060485 -0.0523136
0.3647804 1.0224686 0.7012996 0.3224079 0.116657704 0.077306814 0.61976653 0.2289924 0.30358124 0.8247494 0.75594896 0.2493682 0.6237416 0.78317165 0.5757622 0.62962055 0.5917131 1.0293262 0.11766642 0.15619577
0.2949931 0.83422416 0.148155 0.89839756 1.0531807 0.33909735 0.89301354 0.43257523 0.13327685 0.3009837 1.0423753 0.2551089 0.79711825 0.11341877 0.8926701 0.61144066 0.56944704 0.6802652 0.53812367 0.6750578
0.072341025 0.88364923 0.93724406 0.30919087 1.0115352 0.6370042 1.0152181 0.41063756 0.3274315 0.9906344 0.71413016 0.29238707 0.49482268 0.19356914 0.53226596 0.50721234 0.56744325 1.0199027 0.06303841 0.5735539
0.35721403 0.6597176 0.23104915 0.52954847 0.92122513 0.62748665 1.044501 0.58432144 0.4012989 0.4708487 0.17200449 0.40262794 0.90091085 0.19281988 0.6496414 0.47564596 0.9513098 0.6568439 1.0361451 0.23144548
1.0013062 0.28343564 0.83122706 0.053262122 0.22669142 0.6396902 0.5150392 0.66441107 0.95594275 0.22105017 0.53260785 0.5950193 0.39601004 0.80212283 0.74244356 0.44325984 0.77680576 0.28764197 0.10756469 0.048995696
