0.34819782 0.47374433 -0.056003276 0.64059293 -0.03760917 0.74230796 0.2034481 0.90528893 0.82399976 0.17593186 0.6204307 0.20935608 0.2797319 0.7902603 0.023120735 0.3689195 -0.0049725776 0.5208628 -0.041848604 0.19332403
0.10895178 0.60052776 0.81211674 0.1309569 0.5068867 0.11413996 0.4103864 0.06282833 0.7544672 0.9434621 0.4478588 0.021086441 0.3211181 0.18747614 0.8788348 0.76608825 0.46125707 0.816361 0.58845377 0.95306253
0.5359064 0.96838653 0.5895298 0.116199635 0.91355354 0.45848998 0.5530926 0.45899898 0.24802648 0.7661487 1.0012376 0.41748306 0.067609385 0.3773972 0.7651369 0.2811514 0.15596104 0.5950789 0.5458377 0.34878793
0.583037 0.8761922 0.5086132 0.5074567 0.2871839 0.77662885 0.5236572 0.5870454 0.060271524 0.2018652 0.2462609 0.17235683 0.37757844 0.13572387 0.11624325 -0.022872979 0.380997 0.82798886 0.674865 0.6389083
0.5319212 0.7629761 0.29550424 0.3418937 0.26938546 0.7384055 0.370594 0.7019266 0.45616117 0.2483556 0.6831368 0.70250934 0.16794002 0.5008761 0.57766825 0.80538565 0.2377134 0.7983371 0.017955648 0.74303836
0.10016092 0.9794714 0.25765806 0.097331166 0.36872584 0.7220782 0.8902254 0.8391653 0.5550545 0.63269 0.2951257 0.66386646 0.42100883 0.6550147 0.802263 0.8496858 0.118599415 0.28906584 0.05864338 0.5734483
0.44135967 0.46430928 0.6644015 0.62971056 0.4832926 0.858687 0.72313255 0.3346075 0.55320764 0.35853717 0.018136438 0.7833985 0.5282635 0.5521912 0.6016806 0.025579832 0.0071902964 0.49043447 0.22549835 0.066235684
0.27579886 0.7560802 0.38294634 0.9591996 0.62747717 0.8111862 0.29425216 0.6750434 0.7360146 0.8228023 0.58522236 0.5365527 0.98424315 0.3410964 0.21974789 0.99343574 0.35217515 0.5165866 0.5466903 0.19672044
0.4109746 0.8108896 0.5156583 0.7885948 0.94827825 0.27154762 0.8415292 0.01767656 0.06926531 0.033942923 0.8174409 0.59512466 0.1806207 0.6527524 0.5968104 0.42745733 0.6546074 0.2922553 0.93910277 0.10870617
0.22075461 0.66826826 0.5876711 0.76801866 0.90498406 0.6323908 0.6942503 0.43507585 0.7901131 0.7114943 0.63381124 0.70672166 0.75659025 0.30969265 0.37667817 0.68459314 0.2864254 0.13518709 0.64218736 0.47499537
0.0853207 0.9317682 0.11583318 0.89868706 0.24876186 0.39498594 0.2610282 0.5522258 0.29927754 0.5025585 0.9789639 0.9557472 0.17236675 0.22398436 0.44415212 0.80566615 0.107325874 0.90939474 0.42556593 0.8931159
0.6865768 0.5402639 0.15541607 0.8160118 0.4136077 0.033987574 0.6970669 -0.047110464 0.76939607 0.3973182 0.6327269 0.58724165 0.6015493 0.3109064 0.6936308 0.034469664 0.58016247 0.21197768 0.25827864 0.44777116
0.89969534 0.73138463 0.5804509 0.9211224 0.78175884 0.34884655 0.24569795 0.8811458 0.655039 0.39918932 0.5386892 0.16961268 0.32047465 0.97518986 0.50929993 0.18520428 0.51470643 0.27308905 0.86087054 0.77385014
0.29831094 0.5999556 0.86266863 0.83576256 0.14151236 0.9031369 0.10342465 0.44851092 0.18891026 0.80838966 0.15733568 0.7748134 0.16830942 0.2840607 0.7989432 0.4446444 0.3936283 0.030485308 0.85471505 0.8235095
0.31832615 0.91967165 0.71383256 0.6653251 0.8955292 0.7631023 0.9877021 0.092178196 0.9814081 0.66369414 0.9568464 0.09251961 0.5342972 0.14429808 1.0051186 0.4527831 0.108725876 0.429177 0.3240732 0.32252118
0.34110275 0.67568785 0.7965331 0.29623407 0.07146254 0.7183364 0.47351414 0.49909255 0.48405463 0.68838936 0.559933 -0.006640651 0.0146798 0.29475072 0.7291335 0.121172935 0.47197828 0.76180863 0.43322256 0.2726492
0.8127469 0.64509 0.5700199 0.32175383 0.506685 0.40215144 0.26108944 0.50994885 0.43318167 0.26024628 0.97563946 0.29897994 0.46073222 0.70617205 0.7126944 0.042066537 0.03828249 0.45154446 0.2096048 0.14084172
0.051801775 0.2768398 -0.00016731887 0.37356 0.1618707 0.04462168 0.80020034 0.3775344 0.09074881 0.77531606 0.23805897 0.19348875 0.6720966 0.54037035 0.36130652 0.6721076 0.41528445 0.87258637 0.3980907 -0.02614412
-0.20264001 -0.017748881 -0.030177006 0.41636443 0.1759432 0.47127408 -0.13306332 0.46406022 0.59196794 0.41692734 0.5855343 0.09074553 0.035405673 -0.2590269 0.61615425 0.1007669 0.1958336 -0.055306744 0.5262881 0.36460298
0.80996335 0.63692015 0.5930744 0.5608527 0.49302897 0.77865225 0.08410683 0.44738922 0.81534976 0.4705938 0.80721116 0.7387371 0.4585546 0.46605766 0.1259014 0.743564 0.59978205 0.17824823 0.8705012 0.5853577
0.39712444 0.21600805 1.0950214 0.72839105 0.6974503 0.5993076 0.30331844 0.659206 0.45578665 0.33837965 0.562886 0.21647775 0.22767952 0.96690077 0.50016993 0.3104969 0.9779631 0.28654617 0.71162134 0.92833686
0.70788056 0.6104926 0.24580197 0.90278876 0.06006203 0.32499126 0.94676185 0.57099247 0.91355854 0.7315097 0.5756749 0.22982594 0.37269685 0.8802789 0.17036869 0.6038004 0.6310868 0.8583321 0.7047444 0.36105183
1.0410755 0.3001573 0.36758322 0.38695526 0.8858622 0.8208459 0.9062754 0.574604 0.4278403 0.3159259 0.5554262 0.22007167 0.1975274 0.82774234 0.2529258 0.51915586 0.6744738 0.97698575 0.5469635 0.7326573
0.8566273 0.57762694 0.759025 0.5739958 0.30819193 0.28955826 0.09575966 0.5140361 0.7618181 0.48030585 0.001898722 0.34785092 0.28835356 0.15587828 0.6219231 0.6797235 0.82753265 0.55104405 0.119429365 0.01580084
0.5430802 0.88599044 0.80004174 0.14980273 0.72045994 0.10297729 0.4567205 0.85343987 0.23061633 0.53180426 0.26088917 -0.006201909 0.57660747 0.60335803 0.4630698 0.7657258 0.7880209 0.5885597 0.80553675 0.0017092502
