0.6924014 0.46927375 0.9206877 0.51262635 0.37910366 0.3624256 0.5901887 0.9366954 0.112096906 0.5223153 0.8931423 0.8021028 0.7394478 0.5721117 0.20444311 0.5920858 0.37792277 0.08740644 0.8083552 0.85531914
0.76687527 0.24956247 0.6657416 0.5478199 0.16531324 0.17141868 0.46259126 0.44272512 0.8215242 0.66959745 0.2305576 0.553501 0.44129318 0.45145103 0.20102744 0.047107216 0.6027347 0.963545 0.86100817 0.7538087
0.34172848 0.9609944 0.7878213 0.7393509 0.2946938 0.15468767 0.33552837 0.82251084 0.80526596 0.81529164 0.64068204 0.112817414 0.30392772 0.322367 0.6638866 0.47321475 0.42940974 0.22436547 0.5548212 0.36738497
0.20597665 0.07041412 0.7175921 0.39871177 0.5314692 0.94651735 0.50638884 0.54859126 0.8600293 0.023443513 0.68735063 0.4397036 0.3737464 0.9449151 0.46687716 0.01092493 0.40692464 0.8282136 0.6309431 0.41828313
0.22745189 0.6937585 1.0723833 0.3426458 0.32244727 1.1113744 0.8293906 0.18559995 0.233555 0.22694103 1.0662723 0.5218423 0.8864413 0.5964811 1.1444438 1.015801 0.72284317 0.60766447 0.2242286 0.59363115
0.008338306 0.3178191 0.59625393 0.6068858 0.7653361 0.43324742 -0.09733893 -0.022232084 -0.10089612 0.30753753 0.6963107 0.10898923 0.6053589 0.39901632 0.09500528 0.38706595 0.6532536 0.38357672 0.7522041 0.48569554
0.2730923 0.21697505 0.7480801 0.34877852 0.3774942 0.5983617 0.14156993 0.93942803 0.26857805 0.9539677 0.4341181 0.07409006 0.8881828 0.4864585 0.2350357 0.46180642 0.38301772 0.6369007 0.69836867 0.96751803
0.19663134 0.9206671 0.48842737 0.26542178 0.24016517 0.7555874 0.15715703 0.3633338 0.82114464 0.53656363 0.7808503 0.40014267 0.24057263 0.9486237 0.5666044 0.68095076 0.680838 0.15699805 0.144977 0.7942125
0.59625024 0.8902045 0.22917058 0.87028563 0.80882305 0.71282846 0.7456573 0.22489314 0.9438237 0.5250242 0.2511383 0.8435511 0.40300027 0.2983314 0.16486338 0.7968413 0.62928843 0.7843896 0.510398 0.26199088
0.88417584 0.5244012 0.78864664 0.15301481 0.8324557 0.86186296 0.6523801 0.7545317 0.6643513 0.5437773 0.20966385 0.7990108 0.25674134 0.25812575 0.3964855 0.14330292 0.80626106 0.5661933 0.6514718 0.5290234
0.20686497 0.37191057 0.7939014 0.788604 1.0035745 0.08463964 0.96729 0.62062305 0.59497005 0.32787526 0.16757226 0.52081877 0.47784448 0.95970494 0.93609065 0.46878842 0.39757675 0.5790143 0.3513373 0.85246843
0.07523922 0.5045218 0.50965905 0.9197344 0.16245468 0.3585043 0.5198017 0.43534636 0.7810262 0.89013267 0.65007186 0.47972038 0.6460383 0.8439362 0.15444218 0.8714354 0.82252985 0.33628508 0.42130893 0.9060063
0.84929186 0.6636854 0.4621753 0.32961914 0.27086177 0.36416245 0.64822173 0.68554676 0.2662751 0.1264824 0.28980616 0.46938962 0.6295503 0.7583059 0.68345517 0.63717616 0.44093218 0.4399018 0.60723716 0.35522655
0.58325934 0.77656 0.9791945 0.94429004 0.677926 0.46861163 0.23532318 0.34361568 0.7781903 0.68864113 0.5116606 0.43181756 0.7843104 0.27871805 0.2668146 0.56680936 0.51628244 0.29568812 0.4857531 1.0550159
0.67706394 0.6949968 0.7265278 0.42962056 -0.009770183 0.7763857 0.82257724 0.51023936 0.49635968 0.6914164 0.5146227 0.72396815 0.7173815 -0.01484418 0.68066585 0.4582331 0.122392885 0.046337668 0.8765248 0.21357149
0.5189316 0.51670176 0.7004191 0.67960376 0.97334504 0.54853594 0.38224298 0.20643975 0.97143936 0.58219665 0.50062907 0.609622 0.90567136 0.32082477 0.48786578 0.24136697 0.4415397 0.87367576 0.297192 0.49396384
0.72136885 0.50616163 0.3390103 0.35113233 0.78335005 0.06876457 0.26038042 0.46238145 0.7688618 0.79292595 0.09616482 0.6229054 0.66802114 -0.10151618 0.63757783 0.6449783 -0.050769843 0.5795568 0.35398632 0.25111553
0.38405406 0.3675924 0.5444522 0.659873 0.9415231 1.0467014 0.6396272 0.45333377 0.3378572 0.31618607 0.41914418 0.26020047 0.19250678 0.58006406 0.7445965 0.36250144 0.90192014 0.9074226 0.7195078 0.7378
0.7265121 0.34384757 0.7175763 0.061961137 -0.011008503 0.6682533 0.83265924 0.31422773 0.8865829 0.0027493208 0.5898721 0.45170382 0.7119895 -0.04220761 0.22617668 0.86290085 -0.082842395 0.2417318 0.4801594 0.86324745
0.6128881 0.074884534 0.9540831 0.50743145 0.21287476 0.70773125 0.41111773 0.36209694 0.43657562 0.30289438 0.85321397 0.359803 0.08660969 0.58299565 0.06898262 0.095383495 0.71393734 0.62702394 0.5849561 0.29184285
0.1003149 0.999001 0.6624719 0.6291664 0.42685053 0.098635375 0.28365523 0.60415 0.9123102 0.921448 0.50031626 0.66588366 0.52286404 0.99864817 0.8640063 0.27598295 0.18415892 0.9349393 0.121829554 0.5516539
0.6629892 1.0488675 0.7841205 0.21741867 0.6099007 0.42775494 0.6411983 0.3534815 0.8937951 0.9909734 1.0295591 0.5982003 0.36603716 0.32541877 0.73027056 0.23516688 0.2628251 0.51090246 0.44962057 0.36170918
0.5946449 0.67636544 0.97627085 0.33365098 0.8790993 0.60901034 0.39011347 0.07556766 0.19270326 0.9072751 0.26556772 0.6497799 0.5630208 0.8836531 0.917872 0.39164266 0.9300799 0.60880524 0.15381923 0.38738963
0.8821647 0.69853204 0.16778405 0.056250874 0.5593546 0.4053475 0.054584987 0.8088371 -0.013989333 0.6489337 0.3173172 0.09232973 0.3364695 0.26722318 0.38418514 0.75228494 0.14388096 -0.03376283 0.8233902 0.11330309
0.3223137 0.4976765 0.22902744 0.85480666 0.4329353 0.76409066 0.031699065 0.9566251 0.79004365 0.50961834 0.43436477 0.4503368 0.12573586 0.7426479 0.047758594 0.067095935 0.17808613 0.27668047 0.4617813 0.51109016
