0.22911955 0.9783221 0.56031287 0.3031915 1.0484052 0.5441244 0.3738707 0.45462885 0.14318751 0.44849798 0.77360344 0.72292143 0.77971506 0.79061776 0.94761044 0.64514214 1.0808771 0.9690721 0.7530619 0.26279014
0.20421757 0.34680152 -0.15868819 0.39819857 0.583451 -0.16782516 0.1993792 0.25760314 0.20368233 0.26992708 0.389973 0.10245271 -0.021248162 0.3786009 0.71802765 0.19359381 0.5115619 0.7206136 0.035605848 0.56832397
0.72344524 0.3941813 0.45012403 0.34731966 0.7144362 0.54922074 0.77139205 0.6771945 0.9674118 0.37767076 0.29980767 0.24896438 0.20279488 0.7358817 0.75143665 1.1329241 1.1301236 0.22652389 1.0313084 0.9883808
0.6437882 0.30517533 0.20424232 0.7025936 0.010564468 0.68636227 0.77672 0.27486867 0.37862784 0.8673017 0.04244004 0.895034 0.052448574 0.6387796 0.7655663 0.7329004 0.9104446 0.30095318 0.5330455 0.34553504
0.3397656 0.8095277 0.23107815 0.31091723 0.36875185 0.03482939 0.21354187 0.7410524 0.32061484 0.3462894 0.5544676 0.019395022 0.21200423 0.32455888 -0.046741813 0.73434776 0.27179694 0.7954787 0.39801207 0.34560513
1.0083159 0.20466492 0.43046898 0.96979165 0.71649575 0.8059501 0.30498832 0.72694594 0.33979535 0.39000663 0.6676577 0.6628115 0.26385483 0.51981354 0.9294621 0.3255688 0.58594036 0.27921104 0.7389614 0.5608659
0.5464349 0.55023396 0.7359251 0.72368807 0.5437246 0.50957274 0.52829057 0.32443994 0.4293128 0.30678985 0.57317114 0.32262173 0.38306892 0.64130545 0.54490006 0.5289937 0.78962594 1.032997 0.34945846 0.90535057
0.9081533 0.5249972 0.0048674718 0.22243282 0.30348766 0.017078685 0.138252 0.21041302 0.9344958 0.22540905 0.8848637 0.16640116 0.5082778 0.56176275 0.50788796 0.61410594 0.7462205 0.460856 0.75533724 0.07383467
0.020943442 0.796098 0.6836141 0.022536967 0.9083624 0.2536483 0.5080387 0.24404858 0.27613968 0.60180956 0.74934345 0.78725284 0.4102436 0.3242956 -0.022015618 0.18758331 0.6762242 0.47940254 0.5658992 0.23365745
0.79821754 0.35933208 0.9616183 0.6840522 0.28074732 0.6936275 0.5613859 0.48445395 0.9228255 0.21923111 0.2828136 0.63278985 0.40916008 0.29771453 0.966914 0.57620645 0.8061208 0.5327404 0.09562086 0.97966784
0.316724 0.590447 0.45130175 0.67059445 0.5402163 0.83104587 0.59569615 1.0036844 0.72419965 1.2109053 0.44403318 0.5838413 0.55008364 0.5750781 0.56413406 0.84833616 0.36088836 0.5541704 1.1187339 0.3067414
0.5131109 0.5056699 0.0641574 0.7374803 0.7469254 0.06382291 0.33156475 0.58109725 0.19373792 -0.09057634 0.43527097 0.07448759 -0.13769624 0.40645328 0.68203515 0.015051404 0.48094738 -0.11605372 0.59157854 -0.0036481358
0.61916304 0.700074 0.4227521 0.13401347 0.5947142 0.7899483 0.59954476 0.5838983 0.61309785 0.51706547 0.5265925 0.69111484 0.26129556 0.76238436 0.60623306 0.8568067 0.86767066 0.57115227 0.052346285 0.72586477
0.6269074 0.49288726 0.5612153 0.290535 0.66232044 0.66551137 0.2186242 0.48289734 0.37314716 0.7670718 0.29016474 0.98354554 0.9496808 0.2718253 1.0474857 0.6735003 0.793878 0.21117389 0.36302698 0.54146117
0.3091627 1.072434 0.753358 0.24182437 0.5288601 0.5274376 0.2780007 0.7662356 0.9549253 0.39115548 0.1662688 0.42910466 1.0088234 0.66336745 1.1069803 0.41172957 0.82853454 0.7548731 1.0482858 0.52008677
0.44794276 0.6083536 0.34698507 0.1401332 0.23266482 0.72730994 0.38374352 0.6758094 0.88357514 0.8938218 0.49145332 0.7015762 0.36060983 1.007678 0.7703106 0.17276569 0.35193342 0.26519617 0.9287269 1.045295
0.15722963 0.9275536 0.1127055 0.38916957 0.37399933 0.11699412 0.5316787 0.93367535 0.4079363 0.36941683 0.91909504 0.9415132 0.80887693 0.06902509 0.360719 0.4712158 0.45405537 0.45936418 0.5832066 0.79696983
0.48821974 0.17831987 0.95576084 0.8930825 0.9417569 1.0682845 1.077243 0.39320278 0.91354936 0.7052436 1.1197367 0.52006274 0.42762926 0.47809508 0.49844268 0.5567535 0.3471528 0.536165 0.24465355 0.42729384
0.41339257 0.2254894 0.37332514 1.0865349 0.33563092 0.7509122 1.0730848 0.6687407 0.29499108 1.0345066 0.26747978 0.34935713 0.21849191 0.36142248 0.45021108 0.6562532 0.79247993 0.9892475 0.539241 0.7673064
0.797026 0.6279385 0.30755618 0.46346092 0.1295011 0.20218484 0.5652998 0.76293033 0.20873941 0.55723256 0.404552 0.6672206 0.20212397 0.32118216 -0.0399153 0.3389175 0.2803986 0.61577374 0.5631522 0.613795
0.22065334 0.8648893 0.7972908 0.84795445 0.24052823 1.0735666 0.40868396 0.23259453 0.2598521 0.7621932 0.7389459 0.7353332 0.50950974 0.49012837 0.62809974 0.68812084 1.118084 0.9403234 0.84952974 0.3583368
0.29438123 0.88365185 1.1585206 0.39767805 0.5681315 0.25165406 0.9234446 0.6461715 0.44154504 0.67460865 0.71142286 0.62398386 0.99152875 0.5888751 0.5290405 0.86227393 1.0280222 0.30373055 0.5370364 0.2575069
0.34343043 0.47908762 0.32180947 0.26340583 0.20781848 0.81685567 0.8632558 0.8995341 0.72533876 0.5257444 0.46134466 0.023920817 0.5721133 0.8244334 0.3932677 0.6317865 0.89912105 0.51781577 0.015229339 0.33586043
0.4208065 0.35112494 0.38281748 0.1994004 0.9305393 0.5766332 0.9927176 0.6682964 0.2539803 0.94592005 0.97851974 0.90941805 0.4885744 0.7339312 0.93357575 0.34411734 0.70169455 0.43398145 0.84770983 0.73898035
0.76711166 0.26360407 0.26895154 0.14001484 0.9145031 0.5150475 0.76204437 0.9149819 0.4590606 1.0435843 0.24975078 0.15540637 0.50320345 0.6342324 0.1806117 0.56808615 0.5487602 0.288661 0.55672395 0.3134909
