0.3151467 -0.07920283 0.2513319 0.50993764 0.45146632 0.7729503 0.62863535 0.0844066 0.42112008 0.66704786 0.52478945 0.24707918 0.058374744 0.7562309 0.1936022 0.24842393 0.12206446 0.082960196 0.58471817 0.32852098
0.8754664 0.17835534 0.5792354 0.8856563 0.56948644 0.24557972 0.58720857 0.9089641 0.85041195 0.022304136 0.68890524 0.84205925 0.04556301 0.37845036 0.56179106 0.05386365 0.6177504 0.49263227 0.22364548 0.5356271
0.52100474 0.9289217 0.54609275 0.5028338 0.76484823 0.52109295 0.36740065 0.924165 0.39199978 0.19694456 0.3787852 0.82246554 0.28366613 0.057507176 0.19710302 0.25707763 0.80868864 0.587364 0.6008434 0.29366004
0.9311978 0.7074672 0.3469208 0.79446095 0.12201179 0.5994788 0.7539442 0.9718091 0.27696624 0.97709405 0.8619417 0.13828862 0.36848313 0.068777956 0.55520964 0.37391958 0.25507262 0.06261611 0.8904439 0.12125046
0.6007436 0.28949502 0.67441356 1.1946632 0.50354177 1.1113521 0.55694467 0.9743508 0.8146462 0.9599555 0.565678 0.32824495 0.4161462 0.47289 1.1990432 0.6300767 0.53084457 0.31204075 0.26485854 0.30768645
0.025366569 0.23151758 0.9184073 0.22534461 0.03771981 0.27874905 0.09485342 0.6846371 0.55291337 0.86475974 0.7759335 0.30424494 0.71334606 0.55162615 0.20445949 0.1536804 0.39758936 0.5427688 0.56722593 0.6146819
0.42194712 0.958734 0.44516683 0.7992624 0.20130312 0.26885042 0.6770495 0.9089757 0.16760051 0.5925019 0.37642482 1.0362343 0.14882769 0.74099666 0.2831913 0.9388641 0.70849127 0.1850904 0.94742024 0.57435375
0.20686959 0.78168136 0.6325918 1.020828 0.78527135 0.41279376 0.24209657 0.4176522 0.7251692 0.6045979 1.0065305 0.4997096 0.72705853 0.7411799 0.1841115 0.50987786 0.8786319 0.5199278 0.79280645 0.9903691
0.6482733 0.4691239 0.6577529 0.88930035 0.8526136 0.63063073 0.33308107 0.93182176 0.86060065 1.0090742 0.41560993 0.44811067 0.10022527 0.28146526 0.13965748 0.08836365 0.35324666 0.99863356 0.78108114 0.58339137
0.16526935 0.3262555 0.8763729 0.36884975 0.23555383 0.520259 0.9770018 0.65159154 0.71002847 0.34941888 0.24953818 0.3609585 0.9683788 0.6382438 0.1437666 0.6117287 0.46658558 0.98853207 0.11339301 0.39817837
0.8367782 0.44969994 0.74748415 0.44602355 0.87208694 0.7892872 0.11101524 0.3000327 0.6935114 0.2559752 0.2640574 0.5561128 0.066581346 0.090578355 0.5451709 0.6426035 0.6275625 0.67097753 0.6291198 0.62667537
1.0146791 0.13240193 0.43725654 0.70056534 0.45310828 1.0454477 0.9907539 0.35418117 0.14092514 0.13730739 0.17663324 0.9255201 0.15603043 0.4098505 0.22833526 0.51177216 0.2592862 0.19060694 0.98928636 0.96307635
1.0182303 0.9828813 0.19026567 0.35359958 0.5808262 0.19087785 1.0287044 0.47055832 0.2861546 0.18043745 0.6391609 0.8963459 0.10073877 0.33836338 0.78397906 0.3548212 0.52556896 0.82587844 0.80920136 0.88621026
0.977632 0.5895425 0.75653225 0.18572903 0.38862938 0.8168448 0.62550086 0.19989266 0.4820333 0.84512585 0.58991826 0.105947524 0.8492317 0.3100897 0.26773515 1.0402415 0.8615291 0.8743344 0.37870976 0.30043444
0.8507978 0.34812453 0.5687008 0.7432793 0.5775229 0.8596683 0.48819545 0.6925521 0.84442776 0.10318676 0.44486752 0.13503397 0.7408499 0.096732795 0.25710356 0.5080266 0.4993771 0.1722743 0.8427347 0.46613094
0.13766038 0.08099588 0.8988753 0.10806182 0.04558991 0.36313105 0.552985 0.38225865 0.72641796 0.2357598 0.26175335 0.9069582 0.88627017 0.74249375 0.940441 0.850406 0.8969861 0.3792912 -0.0046878243 0.7360999
0.24775624 0.42562562 0.06251623 0.08494642 0.5278066 0.07536754 0.8282178 0.35245827 0.7746468 0.40214565 0.8463524 0.006912005 0.27463 0.3502112 0.66137815 0.5302994 0.59523493 0.32173336 0.71124923 0.51714426
0.69108135 0.64234746 0.19207308 0.1384805 0.453746 0.8474261 0.14620778 0.92957145 0.6569279 0.7946153 0.45210257 0.68414116 0.18839066 0.24598384 0.7103917 0.3033093 0.31517267 0.4987148 0.65449214 0.6859849
0.17260833 0.14037582 0.7128093 0.44000596 0.6698786 0.064811625 0.1495753 0.5914147 0.95458925 0.58040226 0.76227015 0.14966014 0.24610144 0.49178332 0.3406404 0.20713481 0.0057906806 0.7658235 0.71051246 0.58133924
0.79481 0.46083844 0.6940247 0.21916844 0.7485593 0.369409 0.66503805 1.0356253 0.8053816 0.6632784 0.37611488 0.60492295 0.42367816 0.45438412 1.0780616 0.34250426 1.0813544 0.80219114 0.71723783 0.37462652
0.9257389 0.2704636 0.8024297 0.96767324 0.5581728 0.20061775 0.73586464 0.8922318 0.3007345 0.81237566 0.4077941 0.33047786 1.0292611 0.20429672 0.76051015 0.56260234 0.3375892 0.7221917 0.4179066 0.16336778
0.18137957 0.7949955 0.08665134 0.1331517 0.63693273 0.92442274 0.9254333 0.17294535 0.024114441 0.33116648 0.07471349 0.15824208 0.12306334 0.34432012 0.21125296 0.64061844 0.6739904 0.5520053 0.7919691 0.8191031
0.9196027 0.06288063 0.0664265 0.26694828 0.85808605 0.848084 0.011406436 0.90795976 0.032977365 0.9129194 0.41534588 0.69471353 0.6833055 0.71834207 0.59647447 0.3861473 0.43000075 0.19950879 0.7364489 0.42482007
0.6859075 0.6464029 0.48001394 1.0320647 0.548145 0.77432525 0.23055302 0.1789727 0.31157467 0.40585136 0.13802232 0.41174242 0.7505211 0.970376 0.8499291 0.74073523 0.25379795 0.34711438 0.118741095 0.11212365
0.28776902 0.65927756 0.32410556 0.10032204 0.45569703 0.62950945 0.06331017 0.8701583 0.42995074 0.2894673 0.7879504 0.40816155 0.28825355 0.8328091 0.8282979 0.7577898 0.7267932 0.51614374 0.101030044 0.84770083
