0.7411018 0.74932647 0.39019212 1.0843031 1.1289438 0.4266266 0.44462526 0.612303 0.80676943 0.36994404 1.0150114 0.41839537 0.73081267 0.4974587 0.30339766 0.73862845 0.4347252 0.4465133 0.73412657 0.60436916
0.25842783 0.5019387 0.050448693 0.78776425 0.48570785 0.23291071 0.31501308 0.06336397 0.4684991 0.5952164 0.47947365 0.47389692 0.8581221 0.5650387 0.6698662 0.17240123 0.48378488 0.22551428 0.32796514 0.6470139
0.7084297 0.22039708 0.3049233 0.42014956 -0.01832411 0.5652211 0.5648119 0.9356992 0.45613834 0.9180366 0.42242435 0.7727715 0.5396686 0.8863611 0.83417624 0.25607058 0.77706265 0.85936797 0.6175776 0.41011193
0.15822579 0.85319227 0.75840694 0.413857 0.8141612 0.48811635 0.14884359 0.10903523 0.8562927 0.44891903 0.700421 0.61855155 0.2223421 0.22559369 0.85250205 0.38767165 0.9407723 0.10552158 0.6034038 0.30508575
0.465787 0.6545075 0.7570981 0.32208842 0.08431505 0.8246782 -0.010614519 0.6010167 0.14835055 0.7766019 0.67807287 0.8365435 0.78174144 0.3283685 0.77088344 -0.03796676 0.7989362 -0.067911126 0.6913536 0.6172554
0.82092077 0.8426836 0.20269993 0.19492166 0.91963786 0.52357364 0.29701245 0.70661056 0.3411494 0.8089292 0.5120399 0.26058197 0.7784127 0.38111705 1.0344313 0.4474883 0.63838714 0.6060624 0.8353742 0.22432265
0.5924122 0.84976345 0.12878056 0.94779617 0.42464626 0.47540793 0.12759808 0.56202966 0.8812558 0.015134528 0.9665299 0.6805301 0.80837256 0.12520416 0.16195017 0.79078984 0.3352831 0.83555144 0.49766722 0.110466525
0.40002584 0.6607533 0.8778808 0.1816605 0.3020013 0.8489091 0.78838634 0.6046741 0.6303667 0.35802695 0.9678988 0.35983717 0.7428853 0.91615224 0.8829891 0.78104657 0.14747812 0.34132543 0.9103302 0.9932167
0.7574625 0.092670105 0.69211614 0.274114 0.6387964 0.6115181 0.6150196 0.7684162 0.40736893 0.79386413 0.10426884 0.0084849335 0.33723134 0.48409554 0.3467161 0.3730648 0.2982456 0.052473575 0.26777944 0.5054222
0.5950043 0.106651254 0.046591457 0.31579393 0.038207784 0.6439472 0.7254531 0.06806986 0.41829544 0.53302723 0.69942915 0.48268402 0.36965936 0.21558863 0.41634 0.54266125 0.50154376 0.70987 0.38547972 0.69689673
0.28044608 0.9417391 1.0269113 0.73520905 0.67853755 0.65159744 0.9460029 0.4212696 0.6842068 0.9351664 0.21406451 0.59954375 0.3503729 0.60887486 0.3875964 0.45245162 0.3971841 0.6143842 0.19877706 0.29016453
0.24647766 0.7700944 0.42701805 0.038114794 0.3443518 0.5993855 0.70441025 0.17060529 -0.035767872 0.122215055 0.6563275 0.45881438 0.77937824 0.34763244 0.44070384 0.73758155 0.37164772 0.85647213 -0.010002308 0.60587156
0.9043302 0.33897826 0.13645303 0.89399815 0.16251084 0.28552985 0.13318187 0.058886904 0.2911368 0.32210213 0.9209297 0.15978737 0.7904362 0.80947155 0.6146822 0.95640916 0.19558445 0.24540266 0.9665505 0.8657243
0.6191068 0.7502356 0.05218604 0.8511846 0.93274945 0.96800745 0.63450474 0.18113405 0.6824994 0.5236192 0.18034244 0.16477402 0.20223628 0.60044694 0.80569255 0.41781613 0.29885072 0.7718841 0.18448398 0.30807516
0.1931192 0.9573652 0.20241389 0.6796635 0.29010057 0.26588735 0.2280809 0.55249995 0.15355557 0.60915035 0.8843742 0.29782507 0.8828846 0.94242656 0.50541675 0.25943893 0.6515308 0.630256 0.4120809 0.33053887
0.1401633 0.21547425 0.8286094 0.9202109 0.28503245 0.49714908 0.688652 0.4038532 0.7008755 0.74863267 0.37552208 0.7307883 0.50445515 0.28158027 0.99689656 0.9053015 0.8834342 0.5630982 0.12915191 0.70194024
0.9945065 0.34130514 0.3333954 1.065176 0.88661295 0.47838825 0.2656205 0.94228506 0.18749984 0.8673727 0.60294986 1.0335878 0.2899466 0.39350417 0.71129465 0.539993 0.18080805 0.38847896 0.29418114 0.66487336
0.85202044 0.50196743 0.65550315 0.16815723 0.038304295 0.6406085 0.8467568 0.0010751009 0.75435364 0.4047309 0.117645375 0.6109364 0.22759685 0.8026315 0.43084437 0.5004589 0.5246163 0.76532614 0.41251448 0.79504734
0.6595892 0.9630427 0.24517827 0.39196512 0.76989216 0.9730732 0.65661913 0.5742952 0.78225774 0.8004784 0.2107077 0.68870735 0.6620852 0.86010474 0.28204697 0.4992876 0.3105921 0.38427222 0.16769047 0.5079252
0.64534783 0.40457597 0.40124622 0.5738309 0.36552683 0.23727109 0.105998464 0.015622956 0.40789092 0.0047356724 0.21566525 0.69390184 0.35364696 0.049497493 0.6533923 0.377717 0.9235245 0.010745809 0.06877743 0.5499231
0.41257387 0.7856358 0.1865359 0.98148566 0.63537747 0.8903576 0.5937099 0.72283936 0.54903656 0.2287033 0.18034968 0.63856405 0.90610266 0.46087655 0.7741109 0.53262174 0.62106144 0.757338 0.33910838 0.2880123
0.20826462 0.31453353 0.1310473 0.25587302 0.9652996 0.75971234 0.85196644 0.27534288 0.44534317 0.44939825 1.0275831 0.7790036 0.44793674 0.70086217 0.58584666 0.22767092 0.13528092 0.28423336 0.4755179 0.7344377
0.48296443 0.76748466 1.0419732 0.78073347 0.30473325 0.27151218 0.985116 0.41631955 0.6286604 0.6689268 0.5411309 0.23116758 0.6659483 0.24821542 0.9225264 0.2751517 0.57191634 1.0457289 0.205765 0.38685197
0.8266411 0.63495696 0.7324477 0.75793946 0.7818483 0.40033078 0.26026967 0.6410526 0.16601995 0.29700682 0.95650303 0.117129266 0.94340765 0.43760404 0.7620664 0.51760167 0.32698044 0.31910503 0.08726675 0.19616798
0.017674591 0.29131392 0.78174895 0.0709913 0.34113634 0.11621601 0.83864224 0.13256504 0.6020876 0.30464578 0.7034572 0.031720877 0.26144308 0.08917277 -0.009477753 -0.029807394 0.82534456 0.89447236 0.1050517 0.75713766
