0.06290927 0.5806095 0.8508407 0.41623798 0.9667654 1.0206679 0.11076752 0.5602378 0.88525385 0.94296324 0.9146473 0.97949785 0.5578677 0.4088282 0.34293506 0.37055475 0.86948705 0.95228344 0.54852116 0.45322767
0.22959182 0.5525009 1.0409046 0.67073274 0.19123977 1.0997458 0.9100753 0.3970868 0.43942904 0.910155 0.28512824 0.3716356 0.5089497 0.7064349 0.4409093 0.2210686 0.63478965 0.34333166 1.0253596 0.48955783
1.0492945 0.42616105 0.29155365 0.6719544 0.4290118 0.25268114 0.70020837 0.95157325 0.802625 0.54896104 0.19726084 0.969687 0.46020934 0.80237013 0.4976735 0.55252427 0.9182428 1.0525568 0.7049415 0.44738254
0.48877364 0.46382195 0.43946165 0.27160513 0.87910235 0.79104185 0.2948253 0.7063968 0.51244277 0.72836757 0.93627924 0.64362085 0.5352871 0.45656803 0.50577253 -0.017108927 0.7426156 0.3251759 0.35021925 0.07230519
0.21554667 0.84880185 -0.054240536 0.84951895 0.81194156 0.85209507 0.832275 0.50572646 0.2660555 0.39328063 0.07681448 -0.09685894 0.14659296 0.6292399 -0.06611569 0.15173973 0.13076815 0.2979987 0.100858465 0.453279
0.36500365 0.33630845 0.35209343 0.9572988 0.6914468 0.4169215 0.87876725 0.7677843 0.4458741 1.0022361 0.91017234 0.4605356 0.659665 0.15538433 0.24928932 0.5868432 0.9511722 0.19556323 0.26565477 0.75531274
1.1232321 0.7145897 0.5178848 0.19740686 0.7236399 0.45935285 0.38658857 1.083071 0.30609348 0.4733393 0.91062504 0.5717508 0.16955557 0.74923486 0.29992172 0.64491034 1.1286461 0.18542357 0.55734843 0.19068758
0.7589668 0.7827806 0.4486635 0.56403524 0.75620925 0.5198676 0.6937265 0.90308625 0.41450804 0.67625296 0.71792156 0.42388344 0.91822255 0.23240174 0.4233123 0.043976754 0.43358827 0.8662883 0.36377224 0.57951534
0.35853735 0.46746367 0.31787452 0.5437216 0.74720204 0.8686678 0.39036733 1.0340755 0.81090796 0.28751007 0.9418336 1.1137298 0.4330551 0.57162684 0.78236425 1.025225 0.84735996 0.36815053 0.49371535 0.34417468
0.5855514 0.08325653 0.019901881 0.8035821 0.5799235 0.3639795 0.13929678 0.5805614 0.18768951 0.3157563 0.5099435 0.7716346 0.7387931 0.6006996 0.44918174 0.15015826 0.6892511 0.3183382 0.7764656 0.09961728
0.41527775 0.3573528 0.28510916 0.97031885 0.5389104 0.32735252 0.3299857 1.0712173 0.5174102 0.9885142 1.0578018 0.1967859 1.004088 0.74784404 1.0015323 0.6865487 1.0286539 0.27435613 0.52954185 0.4114341
0.41093355 0.552808 0.94130003 0.3119069 0.49712914 0.94438 0.1480716 0.8127539 0.9217466 0.7298038 0.8401962 0.57286257 0.73510134 0.09484545 0.5269125 0.44848004 0.9724874 0.5919174 0.7243413 0.8963416
0.7188995 0.97710276 0.53613234 0.47375894 0.5448049 0.5683427 0.9461792 0.07313923 0.59725124 0.92966104 0.32495046 0.7183804 0.44883192 0.84415656 0.8002792 0.6143173 0.13060266 0.25723973 0.78069013 0.3720846
0.22806783 1.0004643 0.24887864 0.15701586 0.96280307 0.16919023 0.41172674 0.8364808 0.10297797 0.7711534 0.10071885 0.8413449 0.5940494 0.5988188 0.57522357 0.06759603 0.8563978 0.27128202 0.87914133 0.5933884
0.6775845 1.0667312 0.6029896 1.0488641 0.55010885 0.5928207 0.50626475 0.9895984 0.4600291 0.5947574 0.99184144 0.22783113 0.40748897 0.21736419 0.8516575 0.70843637 1.0289171 0.2154026 0.8231417 0.21739958
0.9286882 0.9365647 0.96427554 0.059666175 0.039084833 0.22485186 0.6462358 0.5215272 0.6447308 0.34748626 0.9209048 0.24806097 0.85680264 0.21283053 0.8877636 0.19631194 0.1574667 0.39366904 0.54877585 0.4083451
0.77577287 0.8210759 0.6421977 0.5993283 0.47655407 0.30442476 0.58093953 -0.030704625 0.53992665 0.46957946 0.857151 0.26228043 0.39196682 -0.0011083025 0.20298146 0.45968136 0.0102215195 0.2346485 0.63378453 0.19872501
0.85909206 0.6967786 0.94195276 0.30849078 0.3343281 0.29421577 0.7962703 1.0141745 0.6769046 0.7514998 0.31810793 0.48108765 1.0452844 0.747388 0.70799065 0.2741529 0.2581693 0.91646 0.43530324 0.84995186
-0.123648606 0.4610378 -0.051704418 0.49268943 0.27961382 0.6691307 0.58910906 0.6420084 0.63368237 -0.14237194 0.3723613 -0.021410815 0.7048632 0.2515971 0.3775469 0.5959887 0.0034475885 0.35999003 0.793123 0.38531333
0.92221504 0.26212636 0.5242362 0.65666735 0.21992892 0.32687613 0.9220229 0.47267118 0.8547172 0.72944266 0.09807311 0.48898682 0.40237343 0.758315 0.6394362 0.3148026 0.4778453 0.13355865 0.4121144 0.28889364
0.38062996 0.9583838 0.9782057 0.7657556 0.3243896 0.11241739 0.60448754 0.049234148 0.18730833 0.7212491 0.58769506 0.6506127 0.64273125 0.7109116 0.9591162 0.5745701 0.2829429 0.49108642 0.9446563 0.4848014
0.93755746 0.33342138 0.8310009 0.9035937 0.5764187 0.7423207 0.9716892 0.69261223 0.056232974 0.068325646 0.30072078 0.87099594 0.85259163 0.85923207 0.14368176 0.86359465 0.42956105 0.2711378 0.51670456 0.16266873
0.52583456 0.023037637 0.591794 0.16667165 0.6533765 0.13670081 0.6027493 0.81922793 0.03249254 0.52253544 0.26859802 0.2891813 0.09551784 0.11060087 0.5195512 0.4321361 0.15280648 0.35700357 0.72165114 0.33034748
0.26598254 0.2513194 0.24416937 0.9119798 0.6662981 0.44289345 0.163221 0.27966213 0.9847037 1.0084355 0.14996417 0.8431582 1.0574147 0.41430253 0.7181052 0.45519996 1.0873746 0.6580278 0.3223482 0.46998256
0.2801847 0.6752519 0.6243485 0.9085411 0.11103474 0.75499827 0.8877149 0.3636608 0.7756465 0.34227654 0.08195476 0.3516755 0.74193865 0.3836357 0.9632839 0.5822066 0.37818953 0.7668924 0.7340825 0.74687684
