0.6716197 0.07310256 0.6680733 0.33225963 0.021887744 0.6127533 0.8190022 -0.09348747 -0.11734314 -0.044681814 0.6964553 0.59404546 0.6838569 0.14960355 0.47056133 0.46788755 0.10275073 0.043463327 0.48943797 0.74391264
1.0017223 0.80329275 0.7933279 0.8264425 0.27287722 0.4597173 0.72054946 1.1117072 1.1070751 0.3972407 0.29638737 0.5800235 0.25052458 0.7665974 0.86098427 0.6635391 0.27630806 1.0787299 0.30284372 0.22757192
0.014406608 0.74821377 0.5281537 -0.11376187 0.5471507 0.24331926 0.29214185 0.6150277 0.39165604 -0.0051456345 0.29478678 0.094598256 0.55937326 -0.14643021 0.47752452 0.13639563 0.6699423 0.18562512 -0.17195697 0.61241776
0.8925484 0.36082488 0.5301513 0.63063323 0.52298903 0.47192273 0.79329675 0.35589266 0.38221955 0.5759447 0.20491894 0.24742691 0.5751691 0.46069264 1.0828738 0.7558521 1.1131504 0.8776949 0.47305855 0.26874113
0.7517938 0.10840841 0.6836817 0.4681407 0.0599092 0.9095067 0.60265636 0.25977075 0.5041384 0.4984619 0.3288712 0.7595875 0.0062979637 0.89085555 0.5005012 0.32162914 0.6164991 -0.016967747 0.37276188 0.008325167
0.7011756 0.45226967 -0.14927456 0.18238322 -0.08835825 0.6208945 0.4573885 0.28535897 0.31629235 0.27715537 0.7356984 0.25002652 0.67489755 0.59656686 0.6100046 0.19576877 0.45290717 0.05730989 0.0988611 0.45115742
0.30604926 0.3244165 0.4104694 0.60630214 0.10237351 0.47889262 0.48393142 0.20230697 0.8614575 0.6434528 0.01739081 0.32366338 -0.10038893 0.57082707 0.15056978 0.17080209 0.14009893 0.19915093 0.07483837 0.043392163
0.3583056 0.6324469 0.49199232 0.7275147 0.039214354 0.15955067 0.5129231 0.74673367 0.74413353 0.6844543 0.58894324 0.4558854 0.4950534 0.71680945 0.66733515 0.63161916 0.48919806 0.6353877 0.13367638 0.068115674
0.29493034 0.8219625 0.9222944 0.54891956 0.3889897 0.4493402 0.4782353 0.6635202 0.5345617 0.7443929 0.5576279 0.79524565 0.24631079 0.48296398 0.9010816 0.8267995 0.5714271 0.5219322 0.40659913 0.28952914
0.769057 0.12211201 0.60170233 0.49620458 0.26669258 0.5416884 0.6672698 0.8052975 0.5251983 0.7222437 0.53824097 0.8223067 0.56925166 0.2788678 0.6308486 0.81354886 1.0024645 0.703378 0.52520806 0.15866981
0.8007043 0.18027958 0.6620664 0.29009557 0.34404013 0.2659089 0.4426278 0.13336724 0.80506855 0.43616915 0.65206575 0.35564998 0.7746562 0.8785598 0.5661898 0.28131017 0.13107641 0.7597367 0.74656415 0.4641765
0.09912498 0.5096921 0.015044634 0.45880187 0.33897394 0.36463282 0.7318739 0.21187909 0.7166841 0.4948875 0.700098 0.10666881 0.8701554 0.11814554 0.76703686 0.72642475 0.20948565 0.1443642 0.91952825 0.26453242
0.27033782 0.49643433 0.08393901 0.27781913 0.7448417 0.016930101 0.849393 0.9179143 0.75964594 -0.045386143 0.3586664 0.58628446 0.54934675 0.8343172 0.6716501 0.0099158855 0.7066891 0.112165324 0.32762077 -0.03332919
0.687801 0.63600147 0.39453924 0.24498725 1.0152942 0.8676577 0.7973086 0.787298 0.36313552 0.4199782 0.65496665 0.74251443 0.7937447 0.13967639 1.0220985 0.72376114 0.93869174 0.60204595 0.4656644 0.49722636
0.3140216 0.36350268 0.8900578 0.6905501 0.75152266 0.6151422 1.0231904 0.6201027 0.38282806 1.0727351 0.23704019 0.15998508 0.31923753 0.85473305 0.29638106 0.27318645 0.51228416 1.0489368 0.97800285 0.22292566
0.90349865 0.67488813 0.8028773 0.3546097 0.18263486 0.66749805 0.88676107 0.10166834 0.76390743 0.35031644 0.58011526 0.88943124 0.67517436 0.80638766 0.14337438 0.85713494 0.057702925 0.66132236 0.5001015 0.78947276
0.732274 0.6749112 0.0118548665 0.6583431 0.039955996 0.011915191 0.15033029 0.5811373 0.64051265 0.47838676 0.7090436 0.38092905 0.75043464 0.26538274 0.55096644 0.43000343 0.58458006 0.46077612 0.12395835 0.5651899
0.8504228 0.5685513 0.90808797 0.28080875 0.33731815 0.19861954 0.43674538 0.664024 1.0435045 0.5920347 0.8006581 0.590778 0.74861276 0.23379576 0.894102 0.58259386 0.20347121 0.525664 0.13036837 0.7064912
0.33284906 0.49897972 0.72379553 0.105003886 0.7060628 0.17281072 0.57511985 0.7241098 0.82921666 0.4653366 0.13903129 0.85169154 0.9053615 0.82885385 0.6537466 0.4200899 0.11279699 0.511172 0.39001584 0.20427595
0.41938943 0.7929562 0.54849535 0.363975 0.5453247 0.13616827 0.82465935 0.43803146 0.16662058 0.5004791 1.0137666 0.6119177 0.48757204 0.2670855 0.53138113 0.52676183 0.9953921 1.0808192 0.66756123 0.44020888
0.8489852 0.6684882 0.6022886 1.0185332 0.6452524 0.23250581 0.24627969 0.7268113 0.31288943 0.34079844 0.39081547 0.79556507 0.24769701 0.84182405 0.31983975 0.46245128 0.20999843 0.63482964 0.9008001 0.94115216
0.29806948 0.84173906 0.7761877 0.09401221 0.5603344 0.6584093 0.67331994 0.7701229 0.63821805 0.9340987 0.08724319 0.8447581 0.7178116 0.8178392 0.35713673 0.1033307 0.69392765 0.6000056 0.709408 0.38689214
0.74893963 0.9008407 0.6199564 0.3109661 1.0081953 0.6433775 0.52883327 0.30322528 0.28820676 0.69563967 0.932084 0.40303776 0.8930487 0.2870005 0.43183163 0.28885216 0.97221255 0.5713926 0.98340756 0.91695845
0.9396649 0.12194275 0.35085675 0.90752286 0.34737924 0.87484115 0.13587366 0.99397 0.9786169 0.21005408 0.23427054 0.87244534 0.94689095 0.57465756 0.44880944 0.62382305 0.42264545 0.48829508 0.6344957 0.2772134
0.22166054 1.0192031 0.61779517 0.6942867 0.96549976 0.2003857 0.60496384 0.71965086 0.66990155 0.7077826 0.29533452 0.466137 0.5948347 0.61232615 1.0286344 0.5261008 0.47515506 0.4806813 0.42701328 0.20479636
