0.25416383 0.4051099 0.863071 0.111663036 0.6464604 0.7788107 0.5125966 0.59929127 0.45767498 0.2888891 0.5952677 0.91356134 0.8738732 0.7330965 0.09440772 0.6495174 0.3585421 1.0014949 1.0134141 0.3622792
0.31882975 0.9520012 0.30443764 0.40326 0.7195715 0.7318239 0.70309186 0.39181024 0.30352625 0.585158 0.2525287 0.40937585 0.41304913 1.0740169 1.0874114 0.96478134 0.8870639 1.0015695 1.0390154 0.25222728
0.5672846 0.35057032 0.9468303 0.719832 0.7550555 0.99549526 0.74903405 0.61013734 0.7177649 0.5510223 0.87441427 0.5555115 0.7910661 0.5969438 0.9090854 0.38617516 0.3847268 0.21492805 0.81433016 0.2867308
0.95028704 0.91755325 0.47157 0.7098378 0.6854734 0.21368049 1.0643135 1.1068766 0.71664876 0.6163954 0.518952 1.0025201 0.24207766 0.5301208 0.55518764 0.86757874 0.54696333 0.2912943 0.30269337 0.49527106
0.88208264 0.55554926 0.41649842 0.61362946 0.13769601 0.58710104 0.88979137 0.152027 0.47547302 0.32100502 0.21960175 0.4446347 0.7672305 0.689942 0.70848584 0.1608572 0.5952794 0.61831814 0.6119776 0.26562765
0.5274392 0.78581643 1.0660537 0.45681697 0.5400064 0.23218238 0.20157923 0.68594515 0.88640696 0.1439516 0.6412078 0.27561834 0.7799329 0.7014809 0.38019824 0.70945716 0.29161265 0.9851064 0.59476537 0.46634912
0.27158466 0.6452611 0.87856203 0.66163886 0.1373266 0.21752018 0.25215313 0.39141864 0.9972711 0.41634193 0.6592682 0.88788915 0.78420687 0.79252666 0.1034997 0.6374643 0.8743208 0.64507043 0.8075568 0.48879182
0.56161046 0.7618601 0.57491505 0.23518424 0.7139699 0.8898307 0.54354876 0.6631382 0.6965045 0.28100064 0.22092512 0.5727228 0.3010449 0.31592363 0.94466984 0.21571726 0.41705635 0.9325377 0.7720159 0.9122865
0.32877904 0.26426286 0.7068399 0.52792305 0.6730942 0.51270217 0.40829298 0.45821735 0.63332134 0.67063236 0.6550823 0.9762869 0.6324812 0.84933406 0.42367613 0.57026726 1.0399301 1.1469544 0.76629955 0.4537409
0.8294807 0.9063441 0.12279179 0.66328055 0.021237321 0.70990807 0.7231708 0.27146253 0.38165092 0.52331674 0.18895744 0.86811787 0.535775 0.19621003 0.2542555 0.17976575 0.9302289 0.2768341 0.4898568 0.8280182
0.52037036 0.22063392 0.21095923 0.9222977 0.64842886 0.8124408 0.31297997 0.96948844 0.87044173 0.72292525 0.55203545 0.22788568 0.7131836 0.69336104 0.97283554 1.1142722 0.80086744 0.5692623 0.3597128 0.5059709
0.40073922 0.9419931 0.22448924 0.87083197 0.61620694 0.270348 0.48177123 0.6055545 0.356602 0.38926038 0.8899035 0.2323314 0.16383132 0.6588436 0.88402194 0.22788158 0.9092526 0.63410765 0.45576426 1.0576468
0.67858976 0.4762676 1.0899925 0.28546864 0.79638976 0.83322823 0.811507 0.7842724 0.8264666 0.26131973 0.45235583 0.70514303 0.31066033 0.24183373 0.74416023 0.43240935 0.4042826 0.7746171 0.5275175 0.1765148
1.0936508 0.6118847 0.9420699 0.96874356 0.26927313 0.448179 0.9763948 1.042117 0.8102687 0.9793515 0.8707457 0.3366773 1.0226275 0.39206156 0.39707842 0.15087019 0.39272138 0.5961001 0.23601674 0.23905016
-0.017967278 -0.045259528 0.34563667 0.21630476 0.91393584 0.5633349 0.11820433 0.3265076 0.01714377 0.5758631 0.9089027 0.8171033 -0.012595196 0.7984047 0.121914886 0.102483064 0.52774215 0.14962652 0.22034733 0.59225404
0.46824336 0.56433797 0.87120444 0.31210536 0.46842754 0.46820074 0.3590815 0.1999604 1.0676142 0.4210806 0.20442283 0.6016455 1.1300733 0.40414286 0.23475152 0.92443764 0.2503173 0.85446644 0.6994084 0.84803724
1.0483674 0.1937102 0.46757922 0.60928833 0.81096596 0.5073324 0.6158506 0.9593263 0.31730258 0.8232138 0.37136748 0.4744968 0.4964978 0.26912868 0.4547563 0.60318816 0.5606032 0.5946733 0.30710766 0.8390899
0.53321195 0.08581721 0.778071 0.012708019 0.6918701 0.8155084 0.098642826 0.7305626 0.9129055 0.7468326 0.8001381 0.69353205 0.8357832 0.17664622 0.675705 0.80275404 0.3054057 0.82960105 0.65534765 0.22088704
0.441203 0.11274702 0.19840398 0.82257175 0.51523334 0.89312154 0.6445585 0.28713062 0.34026465 0.48579666 0.16120708 0.553755 0.8489994 0.6999969 0.40652552 0.4535511 0.38339046 0.5390892 0.60484093 0.85970676
0.5848939 0.92164767 0.17809193 0.12937155 0.57991827 0.5361679 0.1759073 0.7865003 0.8387726 0.5942212 0.5956508 0.023998473 0.39387986 0.13152993 0.20770384 0.86992663 -0.0062185274 0.8544403 0.8992155 0.822326
0.9552829 0.6749996 0.324348 0.20988622 0.50383896 0.60128266 0.43902594 0.48592094 0.92435396 0.86873055 0.32349172 0.9231215 0.80792946 0.62807006 0.48337138 0.5788999 0.74417686 0.4998725 0.49902856 0.10256258
0.30968478 0.80055916 0.8328075 0.8560703 0.9295741 0.84662884 0.14295943 0.72905326 0.24253058 0.37415436 0.8808041 0.68257207 0.79583234 0.3349685 0.34383833 0.11568915 0.7832672 0.20118326 0.5309264 0.9776725
0.55233115 0.19523442 0.116242796 1.0359986 0.43582806 0.723087 0.4308873 0.3016071 0.27044258 0.61332625 0.6221883 0.15008785 0.2651307 0.5606777 1.0246098 0.44510677 0.7459813 0.53751194 0.43132505 0.75958425
0.079603314 0.7069907 0.3492389 0.14857915 0.9017057 0.6582118 0.6413631 0.42833078 0.18517368 0.5497767 0.78796786 0.61938107 0.96569896 0.64901274 0.3819959 0.4769853 0.8833425 0.92209667 0.55592716 0.43654063
0.3350669 0.8029526 0.51432633 0.041408326 0.02137461 0.5199921 0.8817523 0.93157643 0.65589213 0.3473014 0.35204396 0.6283811 0.38930538 0.61079097 -0.026660677 0.38902727 0.47016785 0.40711337 0.9169426 0.9024107
