0.3544748 0.8261336 0.90914434 0.513029 0.8777082 0.9238319 0.861831 0.43887374 0.47963294 0.8159491 0.42349565 0.24954502 0.69951075 0.9233244 0.94728047 0.23520306 0.3128519 0.53763795 1.0339261 0.3725976
0.6010625 0.23557241 0.6908716 0.55227077 0.2001449 0.7170401 0.80634636 0.65745836 0.074376784 0.31338188 0.12494153 0.46552172 0.66458714 0.27693963 0.6080954 0.5496823 0.8580491 0.71804804 0.84648126 0.093632534
0.7625685 0.6170898 1.0113612 0.20644286 0.37313816 0.42606103 0.35495088 0.45423737 0.47023788 0.6182587 0.18766822 0.7561079 0.75584406 0.41795975 0.25570703 0.8966156 0.86911917 0.7315091 0.56578547 0.80689365
0.075205795 0.16818874 0.21847317 1.0320076 0.5504363 0.3760977 0.13239108 0.9380192 0.58603334 0.09040925 0.8586196 0.30164087 0.7231587 0.98252535 0.12918013 1.0028973 0.29793105 0.8805335 0.096085206 0.71043295
0.3373345 0.12350225 0.42776698 0.9951105 0.3791222 0.861815 0.9683435 0.70741516 0.48824355 0.22891466 0.9842795 1.013465 1.0028706 0.6913754 0.62404966 0.17221227 0.17992285 1.0022393 0.42539468 1.036799
0.7828635 1.1188284 0.38681665 0.5499419 0.7369365 1.0394758 0.5242579 0.35023838 0.2024886 0.90659136 0.63396287 0.7130426 0.6329627 0.45587403 0.56793827 0.41406244 0.7970771 0.6982253 0.80415195 0.38629267
-0.095838204 0.7149928 -0.1294645 -0.16287942 0.6798339 0.44375432 0.6591285 0.61445504 0.507411 0.24864897 -0.06317918 0.022233007 0.7225482 0.31957448 0.40031984 0.5302684 -0.23308063 0.2206084 0.40844393 0.24748494
0.76428056 0.85285765 0.78258336 0.75049806 0.3860204 0.12595521 0.2712199 0.91810006 0.5234119 0.16873254 0.53704375 0.7391936 0.8680045 0.5710721 0.85185266 0.81242204 0.4457009 0.20530754 0.7747212 0.31408688
1.0912724 0.541612 0.67790127 0.9021933 0.6898796 0.19657376 0.25618052 0.7451743 1.0812898 0.27281904 0.38246083 0.23680212 0.20396274 0.4520343 0.7247344 0.31747347 0.97951066 0.988223 0.34709957 0.46929225
0.29321396 0.51810074 0.16433612 0.47270367 0.18604714 0.44549215 0.3727767 0.40859202 1.1016825 0.37622964 0.71777594 0.47667015 0.47709045 0.93435985 0.44324574 0.98050976 0.79630345 0.77388483 0.9767117 0.6222334
0.9094299 0.19194928 0.19025609 0.40310287 0.6557589 0.95324075 0.41825527 0.43321055 0.384735 0.885466 0.20048504 0.36754677 0.3824302 0.2641089 0.21530437 0.24545315 0.9409359 0.6766042 0.72265714 0.62715
0.650603 0.7367087 1.0760815 0.41498986 0.8483292 0.85797113 0.75813836 0.8707645 0.6867945 0.35454035 0.43668655 0.5791614 0.27345136 0.5777683 0.16354105 0.3632997 0.8673102 0.23062102 0.32398304 0.18400082
0.48530728 0.47960752 0.6222988 0.60570073 0.059363797 0.29698446 -0.116043694 0.073397815 0.11274163 0.50306404 0.06744704 0.05632773 -0.06779463 0.7533752 -0.022637399 0.28255647 0.82693416 0.14538336 0.27042875 0.21285811
0.42086294 0.5548789 0.6438998 0.5292462 0.69408417 0.7559982 0.21741998 1.0875452 0.36558837 0.8096899 0.40455362 0.6656267 0.90893596 0.75286126 0.93806124 0.45311213 0.9694877 0.7526844 0.5436435 0.28487346
0.8968702 0.32026818 0.84429246 0.76984304 0.094145894 0.384059 0.36325458 0.5776882 0.1319526 0.70006704 0.8748087 0.43252507 0.18636805 0.90112674 0.7726982 0.82823527 0.9278766 0.8410788 0.39932394 0.17073753
0.60477656 0.74084246 0.7694214 0.36261532 0.8974385 0.50159955 0.74695104 0.10551626 0.6143909 0.17927341 0.10337673 0.88498586 0.32494667 0.27305037 0.42227608 0.62796646 0.7416403 0.11330098 0.12977467 0.8464095
0.53291667 0.40379518 0.63128096 0.44992995 0.26417336 0.5520249 0.73227435 0.36304715 0.40830988 0.92314744 0.31355494 0.28147498 0.37164974 0.5099653 0.7879936 0.066397704 0.8504747 0.85124946 0.2132726 0.4896177
0.7364094 0.503859 0.48315987 0.78426546 0.5239757 0.20560518 0.21195002 1.0427418 0.7172705 0.34232467 1.0278218 0.4049701 0.60774624 0.53385293 0.36982405 0.8339544 0.689064 0.7355379 0.44200853 0.21576884
1.0001396 0.20728232 1.0407814 0.63005203 0.55800927 0.98705244 0.6469304 0.24867211 0.11560626 0.5672893 0.5951276 0.7773061 0.64087945 0.5154447 0.29848304 0.40902016 0.27871647 0.8545581 0.2104232 1.0028131
0.46841192 0.4080977 0.39181772 0.833774 0.42781568 0.5653761 0.36362246 0.6894716 0.3859293 0.19747506 0.38522968 0.6356156 0.15301311 0.29338288 0.4437851 0.7362401 0.62785447 0.9763732 0.46130657 0.6876021
0.51125073 0.13039824 0.049682327 0.8490575 0.9770188 0.91329145 0.39902103 0.6387253 0.72023386 0.82155865 0.70275843 0.8100086 0.91655433 0.61702573 0.99915344 0.24779427 0.33896744 0.40642494 0.053543534 0.40210223
0.086256586 0.35640556 0.7755544 0.23341715 0.90516657 0.09077753 0.28188497 0.4098947 1.003758 0.86756045 0.9213655 0.8409345 0.27694786 0.5036556 0.864896 0.5922412 0.73892814 0.36238417 0.767655 0.7919831
0.6174847 0.3853308 0.25381234 0.40065333 0.45829916 0.6883615 0.6907563 0.31958425 0.6361457 0.27116182 0.27715567 0.6169396 0.7923801 0.44580805 0.61593896 0.8605054 0.8398331 0.6650297 -0.0046991953 0.37465253
0.031817533 0.7907158 0.63749015 0.32426503 0.000690615 0.5664362 0.51135296 0.8202167 0.42192504 0.91221815 -0.010720897 0.13864796 -0.015162255 0.7990085 0.82789195 0.19138616 0.8239651 0.7965867 0.28149286 0.0094662495
0.33300623 0.41120747 0.44148007 0.15855123 0.1502219 0.906721 0.72401637 0.90980756 0.8151226 0.5026321 0.49632528 0.6388223 0.21535796 0.2420914 0.2692155 0.7873316 0.90320444 0.13263471 0.2845222 0.7617659
