0.56633145 0.5868836 0.65699774 0.12706982 0.5430161 0.53294104 0.6439671 0.046597242 0.6834926 0.32455692 0.7177191 0.36950964 0.19835395 0.81984127 0.7823824 0.8658726 0.39888707 0.6429377 0.16342661 0.5318423
0.5720778 0.6808482 0.5741379 0.33621365 0.5255535 0.016297264 0.90832174 0.4512385 0.32795492 0.8109769 0.8883632 0.0027515355 0.76645947 0.15780532 0.70878994 0.93814766 0.64936996 0.19171397 0.28269312 0.10902744
0.21106078 1.0534726 0.63588405 0.837696 0.6741458 0.40673736 0.66247296 0.4530644 0.9032822 0.86127293 0.41103002 0.19397905 0.29747668 0.49824408 0.3441021 0.59052587 0.22775431 0.72619104 0.6081684 0.8587082
0.4646235 0.5982146 0.7765746 0.35218814 0.70610154 -0.058883753 0.5086241 0.24133639 0.7488362 0.43208265 0.17044336 0.11325587 0.5004961 0.8134126 0.56331897 0.3417498 0.8733972 0.35525766 0.56600493 0.7845502
0.6352981 0.6837317 0.24507897 0.9867303 0.86452585 0.9227056 0.9005983 0.8384602 0.8363086 0.91271865 0.1791144 0.33305594 0.5249368 0.7470626 0.6721176 0.09767376 0.9091461 0.10454486 0.57639474 0.77449405
0.22759385 0.36323115 0.16104735 0.8410437 0.07594289 0.18043965 0.09004171 0.017382214 0.008154322 0.7210277 0.2986611 0.49890232 0.9002734 0.16918209 0.5329835 0.45708406 0.47811645 0.48655602 0.3679705 0.25353283
0.16006957 0.23609072 0.8963162 0.08127122 0.18524586 0.6292982 0.70174396 0.6051078 0.3952775 0.6153238 0.96475977 0.53662884 0.6664467 0.83261764 0.61393464 0.24474981 0.8452818 0.5556637 0.14388114 0.14535482
0.8785265 0.15864864 0.4228382 0.8227637 0.45502815 0.31309354 1.0265821 0.27534258 0.8542561 0.6246242 0.80081403 0.9174551 0.5703283 0.54064137 0.67355216 0.5445901 0.7499174 0.81079626 0.44712254 0.834533
0.37055746 0.3531313 0.53883696 0.21123996 0.28166735 0.38496405 0.99054325 0.67906624 0.8392536 0.7062363 0.65037686 0.31883872 0.15497401 0.5097087 0.27914724 0.45294154 0.83134085 0.7578571 0.17157213 0.48555633
0.9695971 0.4339762 0.41297194 0.36116952 0.19451727 0.32970682 0.7566828 0.8599154 0.6677864 0.26754335 0.18188217 0.3443827 0.38395962 0.82672405 0.23584394 1.0106813 0.82594925 0.39642122 0.22518165 0.39160016
0.75070107 0.27343455 0.83316207 0.45006981 0.21320319 0.42827603 0.30599472 0.950118 0.8160328 0.24972494 0.6896153 0.6147445 0.20567918 0.73983526 0.34490982 0.18835354 0.4605336 0.43926978 1.0768384 0.21336687
0.15020727 0.57376087 0.52638364 0.6097261 0.7792463 0.46742958 0.457378 0.49918354 0.75941503 0.34177575 0.53614354 0.28041458 0.8174283 0.07655566 0.09403993 0.3102881 0.990917 0.72942 0.110307015 0.98243934
0.70256954 0.835865 0.3686572 0.41414222 0.8677877 0.048006963 0.6094768 0.8950651 0.7414167 0.62096334 0.7067466 0.2593908 0.8613472 0.67189187 0.48548257 0.9072165 0.49087745 0.27780524 0.5414607 0.17994767
0.48022085 0.56818014 0.5232144 0.37656313 0.27546868 0.33019757 0.30865297 0.40889138 0.5973545 0.44531822 0.60436505 0.528186 0.4283952 0.5183214 0.62783986 0.3907683 0.6248209 1.1049678 0.3052941 0.44069365
0.37375233 0.6297328 0.52922404 0.2511319 0.7725399 0.62079364 0.808519 0.7659552 0.5950801 0.00078597455 0.092036456 0.5096088 0.39879954 0.31180874 0.28722495 0.8476439 0.1693954 0.18265925 0.116734594 0.54122984
0.6682851 0.8378264 0.5950656 0.79588133 0.4774719 0.74435586 0.3794392 0.75755036 0.82586 0.77946925 0.18464652 0.38232052 0.24840516 0.3563907 0.51112354 0.94792 1.0726285 0.44415697 0.70484847 1.0501454
0.9981656 0.94411385 0.1853128 0.7556034 0.696156 0.6377291 0.42061552 0.66330737 0.4814195 0.26929316 0.24357358 0.7697983 0.36740145 0.33777052 0.20695323 0.87127036 0.70799565 0.9822454 0.3715495 0.5014214
0.73780066 0.4136698 0.4255228 0.5630061 0.48535368 0.17775935 0.2644637 0.60777974 0.7875052 0.57414186 0.6366589 0.44353816 0.7625623 0.66587466 1.0472351 0.20139548 0.7051026 0.37647256 0.62702155 0.91388357
0.74971205 0.07828217 0.15509318 0.9305811 0.2777846 0.9673395 0.5974218 0.56920093 0.69530827 0.4563736 0.38622978 0.7499226 0.7327936 0.96812505 0.55283654 0.11458075 0.3936037 0.90705717 0.7249229 0.3462207
0.31563157 0.80388504 0.43327934 0.8430145 0.64202106 0.9201971 1.126484 0.33305666 1.1051275 0.31654355 0.74548477 0.94056636 0.6020367 0.5303184 0.9762903 0.33717972 0.22774534 0.37653038 0.50935096 0.6227743
0.15049107 0.69505614 0.4322773 0.3021698 1.0368644 0.5888494 0.7601924 0.18752919 0.76056373 0.7825159 0.42889228 0.6866598 0.29476625 0.1850056 0.43093225 0.9846839 0.991539 0.19816463 0.27964157 1.0375004
0.0942541 0.5622693 0.37180912 0.7740567 0.3841671 0.20305555 0.5248154 0.7173337 0.20081775 0.23795216 -0.03706952 0.24912909 0.2916404 -0.015027672 0.48050788 0.6825993 0.5827998 0.42369428 0.34917018 0.29497695
0.7127309 0.3862511 0.6210782 0.2778025 0.9216565 0.75032 0.83405405 0.3211008 0.18713139 0.7511721 0.52672464 0.16769713 0.52356184 0.59047115 0.70504093 0.90099925 0.41245443 0.9598995 0.7416781 0.37741005
0.82394403 0.34717444 0.115211114 0.4486318 0.86232066 0.6471251 0.43398845 0.08576284 0.60766107 0.4890411 0.3868056 0.082170054 0.5783269 0.6310226 0.392461 0.23362705 0.17750598 0.72520685 0.2701611 0.47584248
0.8506184 0.6088824 0.5767911 0.8620207 0.7263971 1.002639 0.39810666 0.14507101 0.2645957 0.26219746 0.3530469 0.6375667 0.58965003 0.2697133 0.38824913 0.7133864 0.056386232 0.55187243 0.15320928 0.47693822
