0.3898423 0.25699475 1.1042367 0.6938696 1.1252015 0.4254106 0.66588265 0.1888767 0.43329677 0.33555576 0.41289544 0.93560797 1.0457785 0.30541816 1.0341309 0.30275872 0.82882285 0.46721345 0.80346537 0.9350133
0.95805246 0.9501117 0.73080623 0.37769023 1.0159183 0.50829667 0.3136666 0.8430483 0.4438296 0.5989618 0.47050118 0.4020464 0.32390437 0.55706257 0.3779402 0.64879984 0.63377875 0.2664192 0.4648774 0.66870576
0.2947095 1.0203533 0.62008697 0.2572882 0.21828592 0.19954666 0.30934435 0.849049 0.99504447 0.15411493 0.17095473 0.35321635 0.9925554 0.4348276 0.9152131 0.56134254 0.50745046 0.75879174 0.96188843 0.8757772
0.5340344 0.69736296 0.7322484 0.23164465 0.089416325 0.881475 0.23124307 0.63520503 0.7942357 0.6608497 0.7341138 0.98432994 0.8218392 0.7905748 0.09773756 0.4926428 0.6456206 0.71022063 0.3759525 0.20529996
0.9553241 0.62970793 0.050770603 0.5421573 0.8594415 0.48278478 0.937241 0.07879275 0.7975481 0.37218705 0.062275678 0.38061437 0.67251784 0.6111043 0.44603464 0.5399038 0.4515616 0.97415066 0.6770147 0.92378885
0.6609516 0.119558014 0.9054961 0.7815092 0.96811 0.09427501 0.5103854 0.96938545 0.7810353 0.9189703 0.45925117 0.26090467 0.988465 0.16652183 0.34233648 0.9570677 0.2479177 0.23121662 0.0651438 0.96012294
0.66266525 0.5169956 0.2238764 0.48298857 0.73613423 0.65482277 0.5490204 0.39378688 0.48974216 0.20258485 0.25988936 0.254181 0.9805405 0.41134334 0.83697695 1.0482862 1.0537521 0.8137828 0.5441009 0.38739723
0.3257503 0.4305153 0.41021603 0.29264632 0.66022545 0.46253538 0.32950976 0.26086074 0.2236528 0.64025617 0.23217146 0.75654966 0.9336348 0.2866818 0.21488592 0.48745784 0.7209546 0.84799427 0.8195375 0.782476
0.50211716 0.22471818 0.88257366 0.87775356 0.13873678 0.6940647 0.9286501 0.78908736 0.14520727 0.7655351 0.41588336 0.56246096 0.73874605 0.6204956 0.7760122 0.67102283 0.55822676 0.7052923 0.14732239 0.3046274
0.36115763 0.34119236 0.5818374 0.5354512 0.40529752 0.3759157 0.8182801 0.26211467 0.93119276 0.4935579 0.72206163 0.9268123 0.84175843 1.0248376 0.7567574 0.99459124 0.20876387 0.27764735 0.8163526 0.9724689
0.35883152 0.62973756 0.647165 0.2567264 0.73988897 0.36311808 0.38512075 0.5951698 0.7623746 0.25500783 0.88724136 0.95249635 0.6746675 0.7897372 0.92641854 0.4217651 0.2088694 0.6575804 0.52291965 0.31268996
0.514979 0.7620983 0.46489167 0.44983825 0.8390013 0.26030695 0.99054295 0.47893813 0.35252145 0.39274392 0.46121073 0.5044529 0.9101317 0.6262251 0.5106423 1.0299925 1.003754 0.90971065 0.5073462 0.8064807
0.39821813 0.7041135 0.5180856 0.100333065 0.9752675 0.8769847 0.26560938 0.41108888 0.26277 0.24431078 0.9895798 0.80852944 0.6899179 0.5502538 0.90220386 0.71349365 0.63159513 0.2607875 0.9129469 0.262417
0.48668915 0.79371864 0.26333883 0.7711775 0.6734855 0.843744 0.8977516 0.966677 0.069042176 0.7799763 0.21495429 0.92753214 0.17736222 0.8847454 0.035559434 0.28904787 0.50569856 0.6497832 0.7553832 0.44610605
1.057626 0.10908885 1.0062333 1.0155122 0.7904051 0.2463796 0.3473927 0.29864827 0.9819784 0.7489857 0.19620204 0.39079595 0.90147406 0.993169 1.0145496 0.43995744 0.7703979 0.18559591 0.81484693 0.38706502
0.81712466 0.61006445 0.905532 0.9026638 0.26106057 0.90444386 0.86810195 0.16392595 0.48612398 0.09946898 0.62389815 0.12671238 0.3426497 0.4306107 0.49883506 0.68072414 0.24500562 0.34047562 0.4282284 0.3153197
0.7106162 0.6265185 0.90986264 0.4028431 0.63157964 0.6379877 0.39378232 1.1500372 1.0355465 0.41612795 0.2740066 0.20684652 0.82887495 0.95204353 0.8887432 0.566569 0.26441252 0.73647195 0.25625122 0.87873846
0.19194584 0.79122186 0.7877999 0.31536335 0.20857632 1.0347897 0.98185796 0.79566723 0.90001774 0.21466015 0.8841962 0.54042804 0.5196093 1.0868442 1.0275497 0.27637985 0.2584961 0.27494353 0.15562385 0.48290518
0.81375706 0.487095 0.40465423 0.8034427 0.6234459 0.3454827 0.9810468 0.63024604 0.61002004 0.7407397 0.55436695 0.6513582 0.35055837 0.9740332 0.12247623 0.70944256 0.2571058 0.65202737 0.19076425 0.5292382
0.33185506 0.942633 0.67903644 0.8234075 0.50267494 0.5357345 0.7973119 0.17790546 0.5762403 0.23345019 0.8310113 0.15034024 0.9695136 0.46871278 0.6219903 0.54426366 0.69217616 0.73061174 0.84834874 0.0917261
0.5871408 0.61323863 0.1574946 0.11395497 0.119645685 0.6976894 0.12770346 0.93354183 0.72717154 0.75367653 0.8676362 0.2513048 0.32686555 0.76360184 0.86207676 0.78983736 0.7937811 0.8795654 0.21876438 0.89252645
0.9302278 0.57989347 0.8828816 0.90033853 0.37652606 0.3943342 0.8132939 0.17074558 0.13919507 0.45962733 0.6578218 0.16431926 0.22874905 0.20556861 0.34505016 0.91402304 0.9213125 0.8634074 0.8057557 0.5925512
0.75813425 0.34569106 0.8928405 0.9204912 0.34599304 0.6896073 0.8267729 0.37252963 1.0843494 0.39672628 0.5622858 0.28564036 0.46547306 0.4123706 0.65128046 0.3632642 0.79090637 1.1094551 0.49502173 1.0143567
1.0436946 0.7653244 0.36681184 0.10596352 0.3890762 0.3606817 0.33651945 0.76536626 0.20546438 1.0652399 0.4943133 0.57548076 0.8540878 0.43611366 0.19637647 0.51949203 0.34506378 0.86454296 0.79499227 0.8477273
0.46706364 0.3669653 0.7531928 0.7002246 0.302876 0.15327065 0.9441634 1.0148525 0.96343076 0.25650954 0.17090468 0.728764 0.20731948 0.5964882 0.878438 0.5356814 0.3274892 0.5601172 1.0202934 0.6845368
