0.2603818 0.5357717 0.4081006 0.6095482 0.0048229047 -0.00054616184 0.14976278 -0.034663133 0.7072622 0.5767604 0.8382796 0.50665104 0.6561741 0.6581682 0.5436137 0.64752823 0.21603864 0.2620454 0.32670233 0.88026094
-0.014099388 0.037879378 0.65536857 0.15793663 -0.109576516 0.3509781 0.35216215 0.03801615 0.34841082 0.2258598 0.75694394 0.28265393 0.68430865 0.7928224 -0.000246815 0.4080605 0.15597497 0.35702357 0.43147907 -0.014532298
0.73963517 0.47726 0.9343483 0.45159402 0.71637356 0.95179677 0.727351 0.68290627 0.7179204 0.29114074 0.7843318 0.5184387 0.32812443 0.4884185 0.82170284 0.23942591 0.99456805 0.53546333 0.77557385 0.6223185
0.99781126 0.39757788 0.48832515 0.823109 0.17283791 0.12309832 0.1777167 0.29663256 0.8432427 0.41440228 0.71011823 0.66457486 0.5813979 0.94809765 0.8243346 1.0408702 0.9284354 0.3273467 0.56763303 0.16837686
0.3317545 0.2969474 0.13670021 0.40141985 0.40136245 0.8893644 0.87002134 0.9417049 0.9325935 0.39232466 1.0173095 0.10722722 0.24545762 0.9820751 0.99578005 0.91685784 0.94690055 0.13044111 0.33729467 0.31029093
0.39384297 0.70493436 0.1003887 0.6449388 0.30995494 0.08647373 0.09929112 0.37953064 0.309157 0.80869186 0.67489266 0.12046652 0.10436421 0.79152864 0.76358914 0.2879508 0.35572165 0.46882835 0.68637073 0.46103397
0.53836477 0.7360335 0.5533215 0.18866687 0.6674421 0.1831702 0.9816768 0.8028466 0.063153885 0.6023772 0.8497167 0.39771712 0.9294372 0.12837279 0.071031004 0.31301576 0.74296474 0.89243734 0.49755844 0.067596905
0.97298515 0.8288452 0.09404493 0.26686165 0.8654232 0.596173 0.8873153 0.70771503 0.84343046 0.21174498 0.6705016 0.9628086 0.14818874 0.98404336 0.45591322 0.55833405 1.0430617 0.88553196 0.16860372 0.66434973
0.053424124 0.8364949 0.027725711 0.7706393 0.54435295 0.3416972 0.75302446 0.28690973 0.78163636 0.74888825 0.088580556 0.848263 0.25310296 0.20908885 0.5954622 0.70917076 0.48585665 0.80319834 0.28476512 0.7704
0.47604 0.10188878 0.57725376 0.8047292 0.24893773 0.36407468 0.65245336 0.677288 0.7823109 0.50278515 0.08701284 0.9802442 0.98305964 0.65394634 0.9015841 0.51016015 0.7690925 0.40631226 0.6704804 0.28904706
0.73393047 0.32574144 0.33608294 0.59018993 0.70554787 0.7525404 0.30202043 0.9813399 0.9891339 0.79221493 0.06229669 0.21130748 0.788955 0.42808294 0.6399904 0.32780278 0.8888796 0.21977007 0.8911307 0.40544495
0.79801387 0.78018594 0.40628204 0.29118288 0.6467499 0.8906293 0.54565 0.686504 0.14030972 0.3700635 0.1595766 0.2112573 0.3974497 0.4940915 0.4184388 0.34418693 0.85286516 0.8592257 0.30558994 0.51614887
0.58909804 0.6091845 0.556631 0.2110939 0.15821467 0.6386069 0.7596045 0.21834454 0.7687687 0.33430427 -0.030958297 -0.027441999 0.37621334 0.18182293 -0.028091403 0.88563526 0.25389242 0.36471906 0.51017904 -0.071150176
0.81367475 0.2609341 0.64930284 0.26175487 0.36160734 0.47233698 0.45656067 0.6971699 0.59073776 0.4912884 0.9127093 0.22823057 0.6419562 0.10799365 0.28100786 0.5126218 0.1603852 0.7501341 0.5773136 0.7964559
0.49193156 0.2509446 0.32061797 0.6934028 0.74759495 0.607788 0.9695813 0.7489965 0.48393023 0.7492146 0.8003366 1.1433697 0.4462736 0.99877286 0.4483939 1.1204697 0.6926174 0.37602183 0.3102455 0.48250973
1.0501298 0.47538564 0.3120707 0.43114823 1.0438008 0.22144993 0.6231424 0.8031479 0.97891325 0.60154223 0.42558995 0.60065645 0.3611832 0.28287774 0.6592336 0.5044137 0.6299349 0.5135751 0.19285378 0.92266935
0.42018816 0.8024565 0.32407323 0.45375243 0.7525751 1.043528 0.48856494 1.0146949 0.29077542 0.59153986 0.26045543 0.21209031 0.90433806 0.38020122 0.44965047 0.6024317 0.92479366 1.0825061 0.35573414 0.2732632
0.95165217 0.1718203 0.858525 0.96933055 0.24167903 0.54823095 0.16361424 0.13158336 0.36934042 0.904974 0.59082353 0.6381416 0.6678117 0.89521027 0.64517874 0.7404614 0.48030898 0.7625416 0.14909466 0.58976924
0.32366028 0.49692684 1.037595 0.8551071 0.48009753 0.22225879 0.2144322 0.73729014 0.97231483 0.9638678 0.52674973 0.25976625 0.8068208 0.37952584 1.0362123 0.2437602 0.705154 0.55965346 0.4203542 0.14053269
0.916528 0.5842469 0.16259563 0.30458152 0.79228646 0.18182255 0.19625078 0.60349 1.0221469 0.56072915 0.8302829 0.753779 0.5652175 0.30311453 0.22433041 0.682154 0.7798185 0.86703557 0.39845526 0.8990298
0.8942963 0.8427232 0.4066884 0.2532953 0.2833011 0.22416745 0.6974755 0.553529 0.6011041 0.55248225 0.54246104 0.22830015 0.36146793 0.23420754 0.45888343 0.37529528 0.7864182 0.95543957 0.6596629 0.10668545
0.78099704 0.46026096 0.20438288 0.49632365 0.5892982 0.08968408 0.7931313 0.65546805 0.19372661 0.87032187 0.26701516 0.9050267 0.25582185 0.7012332 0.36539498 0.113633305 0.27796957 0.6205775 0.5199347 0.77353716
0.5975032 0.71302134 0.45413792 0.5054621 0.34982303 0.24903613 0.47525665 -0.14862742 0.6373766 0.30957147 0.40616763 0.49895844 0.55722463 -0.14500862 0.6591054 -0.02474889 0.62646824 -0.11121535 0.15395011 0.7546852
0.05932271 0.5534268 0.5984479 0.4010143 0.5444176 0.8013369 0.6285561 0.5130222 -0.02790904 0.8309679 0.33870718 0.24034382 0.88621265 0.10326162 0.0691185 0.7024096 0.16614437 0.06699799 0.87124616 0.5109914
0.47533908 0.3315808 -0.10101907 0.7870241 0.029939745 -0.1637547 0.5461727 0.49440032 -0.14730611 0.4223317 0.6583489 -0.13504688 0.6383884 -0.0013415648 0.5525571 0.7352846 -0.11131358 0.5272047 -0.010038158 0.18102945
