0.5457539 0.11584624 0.7423286 0.3800138 0.56494296 0.21712005 0.15584403 0.5473976 0.8207266 0.124023356 -0.04731238 0.7635514 0.10098183 0.4890027 0.31551802 0.31451344 0.52002954 0.57236165 0.5546067 0.86368096
1.0270224 0.40059197 0.26690885 0.24013112 0.45869905 1.0295457 0.36636284 0.4410263 0.7412174 0.7994778 0.95928115 0.7246704 0.31667045 0.5544915 0.91603595 1.0371661 0.37063557 0.9396177 0.55473775 0.65895325
0.89200866 0.5728189 0.834827 0.39614397 0.7451845 0.1776687 0.30177948 0.2116183 0.8965371 0.67319393 0.80383277 0.91234684 0.42859372 0.10533103 0.07276579 0.9238566 0.28266028 0.9977399 0.7375689 0.43276876
0.58888596 0.37998566 0.5644338 0.3204525 0.73084825 0.61757904 0.44257218 0.4712612 0.4762806 0.8442067 0.9965685 0.058896873 0.9200749 0.30090362 0.3343596 0.3296872 0.49247125 0.14498647 0.43422997 0.5568251
0.052601635 0.17137566 0.13118082 0.578915 0.70839906 0.8937294 0.8448745 0.49107257 0.41638908 0.56880176 0.89431596 0.29726815 0.8256737 0.20438914 0.39020273 -0.006259824 0.35132203 0.30914116 0.010191416 0.6452933
0.011212181 0.042610396 0.8637574 0.7544653 -0.0017638715 0.880782 0.6004228 0.28712022 0.14687721 0.30510452 0.013141132 0.8844494 0.16434726 0.03589 0.8050282 0.14487725 0.5796408 0.60562927 0.86745745 0.70129347
0.5401406 -0.13145804 0.11664075 0.36630163 0.55615395 0.12742029 0.13256544 0.5022222 0.7132955 -0.11591397 0.33332926 0.70173264 0.68639463 0.4673156 0.25855458 0.68858516 0.17847934 0.5975828 0.040711384 0.6649516
0.021001201 0.44637045 -0.012841018 0.14821327 0.80819327 0.17311072 0.7033076 0.4098631 0.7681352 0.7334087 0.70852596 0.58269376 0.035356887 -0.088636085 0.661236 0.58889973 0.12889749 0.66595304 0.78119814 0.38049096
0.43215093 0.38853377 0.83090454 0.64774233 0.21557076 0.88999844 0.3157794 0.3147667 0.66352326 0.08895551 0.90168935 0.31232166 0.9738215 0.55520725 0.5192028 0.95238173 0.98574907 0.71766603 0.2874458 0.69514084
0.7968597 0.79423624 0.8222062 0.83842826 0.28821883 0.21077743 0.6144146 0.3353646 0.25514492 0.2320417 1.0705819 0.27825242 1.0509115 0.55023617 0.2381333 0.38559687 0.4643082 0.2052757 0.3438394 0.2614464
0.6512237 0.8016279 0.4522308 0.34655768 0.6529496 1.0540087 0.20892929 1.0006791 1.0087616 0.33686477 0.47778684 0.9091667 0.28189263 0.4725029 0.3518465 0.74533594 0.15014562 0.21402995 0.4602131 0.8128192
0.6488936 0.32447574 0.38581905 0.28622136 0.9196795 0.29564673 0.6265145 0.4066434 0.5259971 0.9013898 0.73712796 0.11779705 0.9488936 0.17358494 0.34667194 0.08171292 0.28010276 0.61924946 0.9691128 0.52301335
0.8177197 0.11293357 0.43194968 0.53786445 0.20451158 0.86716914 0.033540368 0.23111305 0.8000149 0.62920725 0.061083056 0.15013003 0.66457266 0.68755454 0.9200983 0.51449984 0.83440006 0.75411814 0.16838092 0.81412786
0.4680195 0.55065745 0.7623922 0.38120466 0.12652302 0.7139177 0.07634363 0.9898161 0.17132607 0.20772526 0.7577538 0.55416954 0.7812705 0.73131365 0.30823278 0.60136884 0.52742815 0.4949609 0.9003743 0.14826642
0.4647691 0.71277595 0.059752647 0.21432912 0.478905 0.6623874 0.3646632 0.80910903 0.34525895 0.08022208 0.054496925 0.8020165 0.37627253 0.29120094 0.71834964 0.3286464 0.12767175 0.71653944 0.5587708 0.6476493
0.50725603 0.44298133 0.67553186 0.18002449 0.10098406 0.5815818 0.5427414 0.6037198 0.43513802 -0.004686274 0.169749 0.7365285 0.38698685 0.69082856 0.76854736 0.25146997 0.6241062 -0.038408075 0.2132729 0.7024086
0.32888302 0.08010327 0.85374016 0.6082483 0.06773681 0.8267452 0.64515865 0.74238896 0.85156745 0.3416971 0.7771787 0.57440025 0.28991896 0.076000385 0.6941834 0.05750246 0.79562145 0.5015545 0.40472662 0.6912585
0.19963343 0.4846971 0.7041589 0.8796201 0.79927963 0.48752075 0.6249095 0.21468899 0.3550633 0.42115223 0.40323222 0.5379796 0.17123167 0.96553624 0.9309544 1.0595684 0.57166797 0.32940274 0.2078886 0.93900096
0.7011612 0.24242492 0.4964835 0.18119733 0.8764902 0.052929584 0.57516825 0.627764 0.20710164 0.7783878 0.39103705 0.5810352 0.81183743 -0.034131393 0.76696026 0.741602 0.49863544 0.8518243 0.44770873 0.5429502
0.7228841 0.56926143 0.5586533 0.45566145 0.48100042 0.16765876 0.16591273 0.58815396 0.3853692 0.39968672 0.6624257 0.8608748 0.574706 0.7190994 0.76346695 0.38414574 0.09591854 0.5835204 0.01503555 0.9039966
0.3916823 0.4392319 0.7758248 0.3282 0.7035198 0.95240355 0.14349574 0.741834 0.68373436 0.5863104 0.750468 0.7808346 0.16705707 0.5273588 0.5900851 0.20801687 0.5349553 0.65558326 0.72936946 0.78736025
0.05463953 0.3938 0.20074624 0.7096638 0.6500119 0.29263598 0.82429177 0.27302447 0.709855 0.33789346 0.93659616 0.7098848 0.74960095 0.23677884 0.54328895 0.25860164 0.7887201 0.44760978 0.7393861 0.16594085
0.41168875 0.15460755 0.60687476 0.7644853 0.611154 0.20994844 0.92688376 0.26574454 0.617973 0.97172135 0.073518425 0.9797295 0.8498118 0.18729237 0.038144138 0.14150707 0.5680278 0.15888268 0.704511 0.79515284
0.5593482 0.8274212 0.42284894 0.23749332 0.27125165 0.76187414 0.6728532 0.29856473 0.4457273 0.29007834 0.05753844 0.115922704 0.5779914 0.46345893 0.5479038 0.044539858 0.4279036 0.1597022 0.97662735 0.5742348
0.5652057 0.22369835 0.37825897 0.660023 0.71264607 0.55630386 0.08160645 0.8869054 0.93316585 0.9496961 0.2487749 0.1685489 0.9396934 0.95491666 0.7138395 0.4922141 0.33732364 0.20695114 0.41087374 0.9481357
