0.9046894 0.4289463 0.6455142 0.44972283 0.044015512 0.39522427 0.76156294 0.8908309 0.385266 0.74127644 0.5338387 0.21969514 0.65727776 0.36431965 0.40391582 0.852426 0.7025763 0.579242 0.35529685 0.8798095
0.44887722 0.6942493 0.49320626 0.4616333 0.8140079 -0.040809497 -0.005457279 0.42320988 -0.03700845 0.74069697 0.09596989 0.392879 0.7394088 0.79617524 0.66389436 0.87021935 0.19790944 0.7527363 0.81201434 0.8470856
0.6645022 0.47464356 0.4573889 0.6430453 0.52918154 0.4973569 0.051268883 0.76615363 0.010121518 0.14365573 0.11428138 0.24063657 0.8363205 0.85394293 0.36399844 0.53130496 0.93831295 0.26870817 0.07213879 0.2836653
0.88690525 0.33572337 0.5314467 0.7920286 0.77843523 0.075495034 0.19570704 0.10496924 0.19338408 0.049744513 -0.008901681 -0.011632768 0.012185871 0.19646977 0.8721791 0.7976639 0.04503135 0.6962471 0.23323677 0.33879602
0.21500894 -0.07747623 0.5895156 0.28438756 0.042064987 0.40029722 0.17975672 0.4771003 0.7649178 0.5252777 0.20457835 0.67934006 0.39267436 0.44572362 0.8002788 0.5079208 0.17198312 0.2699396 0.34632817 -0.07075489
-0.031987894 0.025818402 0.2985767 0.15273605 0.64613396 0.7974246 0.14076753 0.6679654 0.8510545 0.56673163 0.869132 0.18692565 0.7052884 0.27551633 0.4920198 0.7042498 0.71691793 0.7936577 0.89622915 0.4149017
0.27795956 0.1743863 0.4473711 0.83379227 0.6645636 0.99348956 0.21808869 0.6354268 0.72197187 0.7795795 0.978856 0.4429359 0.12697844 0.7784989 0.37774125 0.7191054 0.309519 0.059428003 0.437492 0.27710217
0.7409399 0.41927674 0.7610963 0.45550814 0.23307516 0.5286665 0.6311216 -0.04616533 0.8063808 -0.07785119 0.010939017 0.838791 0.1932563 -0.036918968 0.7352177 0.8138678 0.6681833 0.48388097 0.25895634 0.3717629
0.3623658 0.9451382 0.30749944 0.5044096 0.35772195 0.43781146 0.31674474 0.86432505 0.38293642 0.8695988 0.32251608 0.41755652 0.26507598 0.98310006 0.4482384 0.2833109 0.2485325 0.21328242 0.5173791 0.98845816
0.6022251 0.7579461 0.22324425 0.26220128 0.8179246 0.93751854 0.22284918 0.69584817 0.2386707 0.28392714 0.8410923 0.01436816 0.041859906 0.7744889 0.8108989 0.7737413 0.6486028 0.27312872 0.92180675 0.09250016
0.8846525 0.034172244 0.1806695 0.41710585 0.3975519 0.9104266 0.30112964 0.41543218 0.72011256 0.5279747 0.7200378 0.7689512 0.5462611 0.16384651 0.55691254 0.029814713 0.7774493 0.8767071 0.06892788 0.5819495
0.12202247 0.8984471 0.28571904 0.38347208 0.21835907 0.8851903 0.33819714 0.8659859 0.29381657 0.13025455 0.50894564 0.33296323 0.6970546 0.40004915 0.67543966 0.46577203 0.937912 0.3623421 0.30834487 0.8813798
0.7866371 0.17751029 0.8770081 0.90606976 0.3182166 0.46404237 0.71479696 0.6492695 0.3239535 0.5584005 0.6757879 0.8416846 0.32112068 0.45578653 0.5065624 0.13170671 0.34913123 0.53089863 0.9431671 0.92807686
0.75647056 0.6985177 0.42376447 0.6155718 0.15092357 0.32841715 0.30634052 0.9119422 0.49537587 0.2085937 0.6146751 0.85820264 0.6051121 0.6692977 0.34169066 0.47183245 0.2153939 0.95845276 0.7312618 0.91644555
0.31822366 0.75637615 0.6473667 0.82484245 0.21719477 0.34009996 0.7436334 0.24334545 0.28422797 0.007360716 0.26581052 0.30381718 0.3991839 0.44160506 0.17304341 0.23591596 0.3538572 0.8973102 0.7789468 0.5755579
0.09223124 0.57472193 0.091423295 0.67301536 0.6131615 0.44596034 0.42725104 0.34148046 -0.035568967 0.7050827 -0.0017995423 0.3643248 0.5362561 0.30390427 0.049060043 -0.034130268 0.6256754 0.86619127 0.43602395 0.27394617
0.7698071 0.6094074 0.4418569 0.653452 0.3352796 0.7842259 0.15793517 0.54629457 0.42795816 0.80490136 0.4090849 0.1611024 0.2737827 0.85878384 0.24173526 0.9650346 0.99071306 0.38302916 0.66036516 0.8136359
0.64978194 0.9190573 0.8384131 0.729908 0.23155667 0.6417018 0.8214858 0.2767516 0.21067558 0.589137 0.066193625 0.06773466 0.6831783 0.268072 0.15213926 0.115575045 0.210884 0.74239355 0.9801706 1.0156063
0.5894944 0.49019593 0.48137212 0.55582154 0.56780297 0.28221104 1.0429859 0.4385404 0.43293044 0.7431998 0.45828235 1.1466137 0.4891102 0.5591628 0.39758018 1.0441352 0.38708234 0.75833505 0.20154299 0.34010947
0.8719927 0.8688394 1.0102932 0.46981773 0.23845847 0.22026652 0.22847882 0.7549078 0.8951227 1.0482198 0.7417291 0.24238324 1.0561076 0.3049231 0.8184365 0.63479245 0.250083 0.6431149 1.0939976 0.30123952
0.78889644 0.57525927 0.82155293 0.3470895 0.3182825 0.7695222 0.25164348 0.80952984 0.21309592 0.5037945 0.3152694 0.46631593 0.05722484 0.31501 0.26058045 0.76889443 0.5518699 0.7668114 0.63404715 0.48803303
0.6004716 0.7686256 0.891827 0.0196225 0.57302696 0.15441255 0.06483605 0.5930119 0.79163045 0.21577354 0.29716575 0.57439214 0.21171114 0.53834283 0.5494236 0.81947577 -0.055781342 0.57137704 -0.016546374 0.55711997
0.81111896 0.38116336 0.5560098 0.21555157 0.38148743 0.41407958 0.75881815 0.6836912 0.010441426 0.9687012 0.4810707 0.24457197 0.62138265 0.4374817 0.13245796 0.49475992 0.87340754 0.46586284 0.47186714 0.8255259
0.2156121 0.40507826 0.51043004 0.14157984 0.14742988 0.4215659 0.4162376 0.45151946 0.52342045 0.36677346 -0.011285873 0.4116515 -0.14570773 0.44316182 0.45713532 0.6734115 0.21036716 0.15760195 0.7616296 0.77499557
0.7371681 0.31464016 0.45938227 0.43820956 0.3147439 0.21763447 0.6957271 0.25137922 0.73598427 0.32520223 0.54668003 0.10634312 0.66424686 0.73849285 0.30145746 -0.0006085277 0.3764616 0.12262557 0.5655528 0.7521125
