1.103359 0.79987454 0.8264181 0.23014906 1.0918401 0.7886648 0.9688328 0.50469524 0.56168777 0.23622105 0.42073888 0.39351678 0.3915775 0.54031396 0.6420171 0.562475 0.74718934 0.86966217 0.5111234 0.53667486
0.6400926 0.44837144 0.879163 0.76673585 0.54662323 0.28263667 0.21093771 0.9119783 0.6989598 0.46989754 0.1060211 0.3400567 0.68035203 0.31942946 0.7411861 0.8936634 0.8148094 0.19068989 0.27309948 1.0463188
0.5577759 0.26210725 0.49396572 0.18952766 -0.23059104 0.53990084 -0.1259667 -0.055774912 0.30548835 -0.098068304 -0.09735229 0.020357054 -0.043184 0.020723268 0.3743622 0.53845435 0.11915316 0.12829152 0.2534206 -0.08756387
0.20451199 0.9218005 0.2754098 0.34423858 0.8142255 0.2794945 0.25587016 0.75899273 0.24324094 0.595601 0.5740266 0.4010374 0.3392896 0.23329225 1.1084027 0.6416885 1.1079886 0.42054394 0.88779026 1.0622563
0.0008188935 0.71378905 0.2478001 0.80600685 0.31398243 0.0033023094 0.2620173 0.5174657 0.21914138 0.39736417 0.03460642 0.9103268 0.88259506 0.8787606 0.6517957 0.6359716 0.8918167 0.6074788 0.7484923 0.5313006
0.72881824 0.052147992 0.42118943 0.3960082 0.5184379 0.81277984 0.5521816 0.33736637 0.029887017 0.4959812 0.2828001 0.67170495 0.92284715 0.8636149 0.75117874 0.25034326 0.67144686 0.51469994 0.552101 0.071301304
0.3380648 0.04925595 0.4930387 0.39001098 0.82840323 0.49295783 0.92606336 0.73148406 0.33132568 0.08307815 0.7793059 0.47865096 0.7267784 0.34463465 0.16361542 0.6242933 0.4474583 0.6895382 0.34032187 0.67266124
0.12852009 0.80451256 0.6940793 0.5208775 0.66256386 0.9411948 0.5509782 0.64509094 0.48611012 0.48664206 0.200115 0.59513026 0.8978325 0.10092696 0.37948763 0.5679275 0.91073686 0.24543726 0.9714129 0.52805865
0.64870554 0.88689286 0.528673 0.9552506 0.43713817 0.09513661 0.71180177 0.034640934 0.69482255 0.3998291 0.37343764 0.14697772 0.5929085 0.66680795 0.27708733 0.12151692 0.079995975 0.28005117 0.51829404 0.14970078
0.025699696 0.77167785 0.9219093 0.26992723 0.44307852 0.69081086 0.9249189 0.6451282 0.46707344 0.7201304 0.70082027 0.34799883 0.8595684 0.7309011 0.33521694 0.70018685 0.5629649 0.80086595 0.17686602 0.50991905
0.6550798 0.9479081 0.9222169 0.5121571 0.27392486 0.7356241 0.76032424 0.35573414 0.67075527 0.4677794 0.55905855 0.4052748 0.14445212 0.5625394 0.2754189 0.74962187 0.080131344 0.14523204 0.69766235 0.34308055
0.4551415 0.37408888 0.43700907 0.71401685 0.37643456 0.21661812 0.19875889 1.0112274 0.2789714 0.4493666 0.7459748 0.2888391 0.8521872 0.6668882 0.495081 0.35069752 0.3606781 0.5981804 0.87642574 0.51741755
0.28888232 0.69540226 1.1296815 1.090451 0.6371226 0.5214516 0.5021646 0.7646416 0.47207552 0.6480071 0.7508867 0.8086371 0.5644055 0.70755637 0.53032297 0.502273 0.93118364 0.6666952 0.31945953 0.33441263
0.95936364 0.3232514 0.49359286 0.9245533 0.209027 0.9274265 0.60008657 0.77721286 1.034222 0.5563189 0.43465725 0.106060505 0.8506226 0.790259 0.13261127 0.21806596 0.24730885 0.6827614 0.3419895 0.78816336
0.7554403 0.23474239 0.3773042 0.4943969 1.0461069 0.7880744 0.43896103 0.97578424 0.7533329 0.75086236 0.68731344 0.24532507 0.66247153 0.50776106 0.19414485 0.29755846 0.85393107 0.23661822 0.7934558 0.303958
0.48176432 0.054039788 0.020990519 0.6924311 0.08298636 -0.0047632973 -0.047518108 -0.19786102 -0.06269784 0.01640494 -0.22086306 0.019123318 0.46331573 0.5273109 0.52876693 0.13340642 0.34235412 0.22873716 0.41515929 -0.08040166
0.96263814 0.74744755 1.0035669 0.9058879 0.37233657 0.09148712 0.79686874 0.41542807 0.121874265 0.5084368 0.16425826 0.72524285 0.5195676 0.7981019 0.42338657 0.62144303 0.72463405 0.635563 0.07788164 0.9327511
0.5540679 0.15141398 0.29001844 0.41191447 0.07871615 0.8343781 0.23463322 0.42107713 0.7535225 0.6982808 0.90906924 0.85785073 0.18172893 0.9560748 0.7563433 0.9142607 0.56448793 0.94949085 0.18943466 0.8170755
0.24495149 0.23692653 0.30144018 0.8277541 0.3246629 0.57727975 0.6728136 0.9338441 0.6282903 0.554733 0.98231596 0.88877493 0.32260054 0.9419735 0.18663481 0.13976371 0.81855386 0.49425706 0.76687807 0.5990946
0.3028775 0.5322518 0.27282944 0.30316228 1.0521022 0.73342144 0.29475036 1.1268319 0.9140846 0.95609814 0.7735739 0.67761976 0.2531156 0.972395 0.19556616 0.60317284 0.89427835 0.7184997 0.73401123 0.5590269
0.73479813 0.31278569 0.47459424 0.7966884 0.30321866 0.117111124 0.42952552 0.84240025 0.2444567 0.8671151 0.16620353 1.00873 0.9729102 0.992677 0.20515996 0.6963977 0.8999165 0.8662573 0.8211728 0.8477856
0.7658727 0.2448501 0.5934539 0.86411667 0.67863816 0.6836221 0.12769967 0.5581435 0.794574 0.34075332 0.32836723 0.5062786 0.31714004 0.69313973 0.35707384 0.5839016 0.30624118 0.38291055 0.7337878 0.41883022
0.37056756 0.18994088 0.33589554 0.60804397 0.56289977 0.5763634 0.5798345 0.5583428 0.60875195 0.16947 0.3436943 0.37761617 -0.17153373 0.52303714 0.57141316 0.14529182 0.44237307 0.6996863 0.75068384 0.3983049
0.53134626 0.7091919 0.20240863 0.18258183 1.0705312 1.0385077 1.0727389 0.7634604 0.15138309 0.38628292 0.4037378 0.6079656 0.5251204 0.5843595 0.4060802 0.7856934 0.7435422 0.80019224 0.6958574 0.9415568
0.18719412 0.98748106 0.85831785 0.5680962 0.40739518 0.6210711 0.34628862 0.19350715 0.9915452 0.62297094 0.91648144 0.47544292 0.9304802 0.6399394 0.3328821 0.20024076 0.9456117 0.44481778 1.0299125 0.9420511
