0.6456037 0.41011402 0.69779235 0.93102753 0.95702773 0.3377097 0.5133493 0.21234901 0.67895406 1.103492 0.46807516 0.33329374 0.7167826 1.0797002 0.7185339 0.26460677 0.29669234 0.9421311 0.17620507 0.15203696
0.038362112 0.28933853 0.7169226 0.89745593 0.8394147 0.0508476 0.5614213 0.35629588 0.07434871 0.45624894 0.17163993 0.73402566 0.40469116 0.18262962 0.68670297 0.049699813 0.5537012 0.8289242 0.24306434 0.58407205
0.9697325 0.5780792 0.5022192 0.22513752 0.6611812 0.8982272 0.6419772 0.92315817 0.9382518 0.48292354 0.18452904 0.28881398 0.3763606 0.39052624 0.73925203 0.5966248 1.1156014 0.8212614 0.6979672 0.6001344
0.17514218 0.769687 0.38733527 0.21796554 0.11218189 0.19685031 0.29890952 0.29366195 0.44619137 0.7237487 0.69340914 0.60918915 0.93758553 0.7256254 0.52868116 0.2753629 0.69297165 0.8315271 0.5586757 0.692227
0.4307056 0.08338513 0.53622293 0.07653579 0.61694664 0.06907199 0.8024056 0.89598507 0.0019775596 0.4312606 0.35100842 0.7031529 0.7615793 0.43393213 0.7945935 0.83094615 0.7277632 0.369668 0.47337297 0.4654184
0.7790901 0.90424764 0.76911074 0.3042646 0.11625032 0.2432583 0.4005025 0.8393233 1.002324 0.9920345 0.18605489 0.31461164 0.72708637 0.31075904 0.4988393 0.5896521 0.5284507 0.89738554 0.7414919 0.58233297
0.08374127 0.046956595 0.30030766 0.48500463 0.7841157 0.7439678 0.4082332 0.92708653 0.6148648 0.23335351 0.19375853 0.6606618 0.44265836 0.52840286 0.789761 0.38351303 0.6319522 0.10954271 0.828268 0.9606513
0.73863834 0.59361386 0.8362117 0.9173113 0.8784209 0.18716565 0.09836722 0.41326886 0.19255112 0.3234983 0.8414014 0.7223443 0.1262713 0.5139635 0.7983509 0.8927169 0.19892438 0.61683565 0.8139032 0.77707684
0.48411867 0.28762212 0.8103452 0.4149931 0.5269279 0.8548597 0.5614731 0.36799493 0.4197513 0.99286944 0.4958104 1.136816 0.58819634 1.1580217 0.49356574 0.6239334 0.3869843 0.45313585 1.1148632 0.6192851
0.15039578 0.791859 0.800009 0.67703354 0.724683 0.74259824 0.7542712 0.11864084 0.38522562 0.07585547 0.09109826 0.827477 0.85260004 0.6624806 0.8594167 1.0104209 0.15720294 0.9987263 0.66487944 0.19215088
0.30726692 0.80282253 0.39427075 0.97149974 0.7356662 0.08178911 0.8010585 0.5101845 0.21507299 0.622969 0.72086984 0.33093715 0.16049293 0.92127913 0.8215815 0.5176042 0.17247118 0.777955 0.098634996 0.099301934
0.5833897 0.3855326 0.9283918 1.0136107 0.5109303 0.77267283 0.95579094 0.4869816 0.11313248 0.15136252 0.9459871 0.19866274 0.12264075 0.8326113 0.7425032 0.4609948 0.5655967 0.3707789 0.698674 0.5484244
0.4555075 1.0986265 0.7363281 0.32240918 0.5714491 0.8635074 0.27616856 0.8211176 0.7167791 0.35151422 0.3190038 0.9355499 0.31157094 0.40104514 0.8263794 0.18335746 0.28370506 0.53303236 0.38741422 1.0296143
0.895247 0.8010296 0.74884665 0.29718167 0.8505117 0.57507193 0.5360928 0.8126128 0.09508451 0.43977562 0.2900475 0.38316688 0.94021666 0.15391979 0.28677028 0.95706606 1.0122447 0.40662855 0.27471757 0.67666364
0.88269955 0.66142404 0.8982233 0.63189113 0.95776325 0.84605044 0.09287239 0.80703986 0.43866658 0.42348066 0.33860025 0.7378938 0.78493184 0.343749 0.76184607 0.507982 0.2779885 0.19788785 0.15848887 0.73009664
0.2649621 0.52723867 0.6429111 0.7121159 0.24283762 0.33776677 0.6632262 0.2423598 0.58567524 0.4958098 0.60355633 0.9781692 0.38627994 0.93295985 0.503976 1.1675162 0.9740967 1.0896765 1.1629165 0.2855114
0.7901941 0.32751447 0.86693853 0.9506916 0.90342385 0.7932002 0.3144136 0.8270372 0.57460755 0.5138167 0.8459657 0.5901466 0.16554601 0.7085797 0.40365776 0.47662893 0.7186587 0.09833458 0.104515575 0.45878562
0.7313037 0.7978865 0.8178716 0.1229222 0.8128803 0.21395877 0.15039633 0.5173549 0.7382386 0.5810782 0.6200127 0.988941 0.8445067 0.99495316 0.42605025 0.31212538 0.65426075 0.108993575 0.7946549 0.08955002
0.31867677 0.2757241 0.23597266 0.62464124 0.73120403 0.77733845 0.49241218 0.57862943 0.94006497 1.0330018 1.0138003 0.27254128 0.44744417 0.42858645 0.26148105 0.25137335 0.44521743 0.435817 1.1000719 0.74657094
0.34161788 0.5299943 0.27558264 1.1405337 0.5522471 0.46591574 0.3228036 0.6987677 0.28047073 0.5749147 1.0499026 0.5296073 0.6902669 0.43207812 0.9181907 0.9759407 0.430953 0.2659744 0.45744246 0.7029951
0.6677274 0.33340147 1.0173751 0.10333442 0.71692115 0.6755974 0.45352638 0.46769089 0.3228657 0.789773 0.43783557 0.58402765 0.1918211 0.47809514 0.60936576 0.8342393 0.9096049 0.37707517 0.9961167 0.43709087
0.63565797 0.8565586 0.44510496 0.27657792 0.16984372 0.87638015 0.8756229 0.7512428 0.68312204 0.51567364 0.032606702 0.74772453 0.69169825 0.7405376 0.75367796 0.19196826 0.867758 0.28482983 0.8802742 0.17340021
0.0020986132 0.7135544 0.6287661 0.8986378 0.4346846 0.72375673 0.6513464 0.57856125 0.5318267 0.53080183 0.010542581 0.9392038 0.38493156 0.57113534 0.28563958 0.8553719 0.31460756 0.5408208 0.00850955 0.3070404
0.76923776 0.1932194 0.1611693 -0.061185088 -0.0058747428 0.18558085 0.15330555 0.0051234737 0.79518074 0.55177426 0.86065525 0.8349029 0.61024994 0.64151555 -0.07133832 0.82808244 0.7005119 0.03967229 0.72581303 0.6197463
0.226149 0.3329546 0.8421376 0.8858704 0.32957265 0.4706142 0.85158354 1.0150425 0.43548468 0.17382625 0.9403875 0.71134573 0.95223856 0.7730799 0.617401 0.24244328 1.0403168 0.8936217 0.694778 0.37451252
