0.1848568 0.7485367 0.84443605 0.7433536 0.0055905264 0.36810896 0.24847184 0.7658982 0.44461766 0.7503297 0.27932197 0.55214024 0.85148495 0.41120565 0.31714383 0.6876672 0.39154068 0.44455296 0.015391506 0.8319367
0.2709256 0.5222851 0.81591576 0.81995326 0.6742408 0.5902274 0.5699961 0.22775923 0.7061098 0.75908434 0.8884376 0.16092934 0.64654607 0.86632764 0.123857334 0.32486126 0.28405723 1.0599971 0.86166555 0.48382726
0.29259175 0.087479256 0.8824669 0.45504063 0.33617547 0.548873 0.6769548 0.3548375 0.64423275 0.20490359 0.3774524 0.669644 0.61606866 0.7996206 0.6169819 0.74656826 0.93010056 0.8934956 0.5646845 0.7478114
0.35577506 0.7946592 0.64407176 0.60678416 0.81628025 0.38013467 0.91471076 0.50576633 0.6125875 0.27833965 0.39938566 0.795504 0.31254137 0.22079691 0.6204521 0.8691559 0.19282138 0.15420835 0.46515825 0.2167156
0.4907871 0.861674 0.57470906 0.47571638 0.3855035 0.6020779 0.8662705 0.5924281 0.542691 0.5879478 0.49613458 0.48875338 0.27211145 1.012232 0.53886175 0.27840558 0.89437795 0.595287 0.65944 0.28077883
0.563151 0.3671947 0.27853572 0.7047149 0.586155 0.26755705 0.9679016 0.39346695 0.7782479 0.6295497 0.42008588 0.32894975 0.66001916 0.11845107 0.7429183 0.88064474 0.73261786 0.4798659 0.10734676 0.2697352
0.4374583 0.20185037 0.53721064 0.15973085 0.8498033 0.9016637 0.46978137 0.2511619 0.50387675 0.04509215 0.5832054 0.84453696 0.56534195 0.80690336 0.93907267 0.2134675 0.52998006 0.93338895 0.14837295 0.1042142
0.06880775 0.5694739 0.7187453 0.7761471 0.98518914 0.8569784 0.26981416 0.8069251 0.8797217 0.58198774 0.11962356 0.6468249 0.1403834 0.23810047 0.2941482 0.41824293 0.42837626 0.5989202 0.5444414 0.17190732
0.26937017 0.88354087 0.8565949 0.12015411 0.39572364 0.5555517 0.5105964 -0.01943107 0.8453991 0.48148054 0.08756017 0.37396848 0.67865807 0.17941609 0.6457563 0.63347167 0.44343257 0.1268066 0.5116483 0.075382546
0.48467025 0.2520617 0.91282326 0.1482039 0.6597287 1.0421648 0.37604624 0.6192526 0.5709824 0.37515375 0.24236584 0.81312037 0.8952321 0.9310349 0.18165196 0.8235661 0.19159494 0.6180053 0.98333764 0.2584278
0.8088796 0.6423957 0.3724657 0.4815032 0.65353423 0.13486613 0.6656006 0.31156605 0.772081 0.6034521 0.2936561 0.33100724 0.9210787 0.7654378 0.5180914 0.84177685 0.47902906 0.32926947 0.9384069 0.42787963
0.69218075 0.80730647 0.2572977 0.26264432 0.33114955 0.06920879 0.37036788 0.16820388 0.69800496 0.37749577 0.02434091 0.45910677 0.6316469 0.3544686 0.41700885 0.21856332 -0.09657565 0.71858585 0.11822073 0.6526531
0.58549285 0.17904988 0.81308484 0.83827585 0.33044302 0.44235322 0.8374585 -0.088182606 0.72330886 0.60838634 0.03574131 0.35310346 0.7502465 0.060594965 0.5433925 0.6864151 -0.0031614625 0.8183246 0.7037608 0.80639195
0.5993093 0.82011825 0.4325665 0.4789538 0.32210153 0.3819092 0.0124703385 0.17368579 0.7208713 0.41730806 0.73242164 0.8508409 0.6532258 0.384897 0.6651303 0.10139142 0.2075935 0.37276962 0.34756294 -0.06538414
0.24233556 0.2441821 -0.09332057 0.6292638 0.44218364 0.4313049 0.21397355 0.017582715 0.76254106 0.46912345 0.018888753 0.6937481 0.7957549 0.7725093 0.5327374 0.7998875 0.49790278 0.2827038 0.34251043 0.5832361
0.84619296 0.8715042 0.4863551 0.3685141 0.34513834 0.054402024 0.7147051 0.71221954 0.13729727 0.75710803 0.43189347 0.3538368 0.07063034 0.38054022 0.42757177 0.4362945 0.90103847 0.33463302 0.81341016 0.71671844
0.050017823 0.19554612 0.7610081 0.7919757 0.62951237 0.86551535 0.39586323 0.7604217 0.43363443 0.68839985 0.07723841 0.13894507 0.6799264 0.8513239 0.77541727 0.2738262 0.3857234 0.35631067 0.43348074 0.62963164
0.38468096 0.24440487 0.49681905 -0.084402606 0.52511585 0.26849318 0.55234325 0.2797974 0.32877636 0.6734621 0.50864714 0.2950356 0.7106681 0.7646927 -0.028509103 0.57218575 0.29151937 0.45753166 -0.06609022 0.05142639
0.28012827 0.681116 0.8780021 0.40701947 0.45264655 0.67433286 0.30722326 0.81135803 0.17974523 1.0190352 1.0300443 0.95529294 0.20753706 0.6222872 0.19822954 0.6783038 0.556879 0.849215 0.21567354 0.5905383
0.39379495 0.42777646 0.87243164 0.3899755 0.19681221 0.688518 0.5128079 0.31382716 0.6071608 0.6538662 0.97382987 0.81910455 0.72112614 0.44369635 0.8044876 0.47713703 0.08078275 0.94328606 0.93213344 0.41383883
0.530904 0.0736938 0.5110203 0.03401738 0.33716854 0.45240024 0.43828642 -0.18698089 0.47135934 -0.13188131 0.49100888 0.7331592 0.6922553 -0.03294973 0.40233663 0.40866762 0.32682472 0.3537567 0.2532108 -0.19011922
0.4597858 0.37886336 0.093017176 0.97819585 0.064869754 0.0773204 0.81611216 0.27528226 0.07106408 0.7242437 0.54908115 0.40359193 0.6584888 0.5848775 0.45539284 0.71221083 0.084375896 0.6760377 0.21044736 0.41175923
0.29202276 0.59634507 0.61128896 0.54373145 0.48902464 0.15740333 0.17884366 0.6209724 0.60231555 0.26341918 0.42945537 0.72338456 0.38315323 0.21785775 0.4800252 -0.07157395 0.49057248 -0.021066435 -0.11464246 0.37731275
0.33888724 0.458196 0.31111234 0.2652545 0.9131808 1.0737277 0.7082121 0.22442926 0.4981299 0.35759905 0.787874 1.1269585 0.18228857 0.23933558 0.6612188 0.84045964 0.9943959 0.9042808 0.8655799 0.9128029
0.5845735 0.10933887 -0.12784117 0.72166187 0.6360683 0.04725549 -0.12305215 0.48906377 0.21475227 0.7056804 0.4269499 0.26021713 0.7089887 0.53444535 0.36795434 0.66373754 0.7382946 0.7612342 0.33485577 0.61302423
