0.17206559 0.28537697 0.6888749 0.1545612 -0.017023282 0.6432557 0.77640104 0.6041969 0.7427999 0.62333465 0.22746843 0.71467775 0.72230506 0.69502074 0.5246637 0.663105 0.7933498 0.68440396 0.35212913 -0.050284375
0.13364698 0.6009834 0.668028 -0.012563452 0.41537106 -0.07204522 0.752126 0.62690884 0.7601519 0.3995732 -0.07558874 0.4269721 -0.15534484 -0.16749349 0.48818254 0.05286533 0.12949665 -0.06900746 0.30432552 0.48355106
0.57993764 0.31169704 0.31723797 0.6664689 0.9533211 0.081355736 0.5597329 0.375296 0.73081404 0.9225608 0.9201269 0.1873359 0.9564375 0.7460039 0.55368096 0.5378223 0.8552071 0.116644144 0.440892 0.64596
0.1511587 0.8657335 0.28291324 0.9299474 0.21678658 0.2565817 0.22913937 0.5985891 0.15308528 0.6611679 0.94853014 1.0126644 0.7939442 0.25348404 0.44817337 0.229796 0.40931883 0.503239 0.5237998 0.59787536
0.72656465 0.8095429 0.6937722 0.9172341 0.92474174 0.9045372 0.3018629 0.4345277 0.9002178 0.20207311 0.6090774 0.52633464 0.2658788 0.54701036 0.31193244 0.5708024 0.7311247 0.14486782 0.8927048 0.1588061
0.30761433 -0.017328225 0.540326 0.0497375 0.4100842 0.8153774 0.6302827 8.807646e-05 0.8314136 -0.07253245 0.1643019 0.4260179 0.13421763 0.7733822 0.15074866 0.008418933 0.21685167 0.80726105 0.51885074 0.6967494
0.105746545 0.9535005 0.16467023 0.6991513 0.46499 0.60836965 0.13939054 0.2538974 0.75440013 0.49281356 0.76825446 0.7729772 0.53313714 0.4859758 0.26114467 0.42007685 0.42761174 0.45327473 0.70911896 0.48116478
0.3578653 0.42263928 0.16472235 0.30155268 0.50905275 0.059210066 0.8548676 0.52119124 0.83117056 0.60216737 0.8177402 0.55250007 0.4255805 0.25203648 0.7293463 0.6914624 0.2996661 0.60733634 0.58984315 0.69258654
0.84475875 0.8814803 0.40036678 0.63159484 0.7311582 0.23062909 0.58606774 0.99881953 1.019461 0.29177514 0.34528103 0.27789515 0.45091653 0.56816834 0.9123516 0.8886386 0.49682668 0.49160957 0.67401594 1.015858
0.59469336 0.7640086 0.7254032 -0.021643737 0.7328199 0.778267 0.03875156 0.34633133 0.53572226 0.27994558 -0.13445237 0.26161182 0.014995995 -0.06037812 0.76982176 0.7133698 0.43270317 -0.11779113 0.48524997 0.27893072
0.79746526 0.69172084 0.93779516 0.66654587 0.5716712 0.37626943 0.7562505 0.8858893 0.29650992 0.6521979 0.31828234 0.33530074 0.2439275 0.81360173 0.4925663 1.0058526 0.3846497 0.7368029 0.31788588 0.18599786
0.36180466 0.98415285 0.7098092 0.7499828 0.30892837 0.62144613 0.5005523 0.3385097 0.8341158 1.1305993 0.2128507 1.1093435 0.86457753 0.40225396 0.9172322 0.43035305 0.57101375 0.67866427 0.62761194 0.37576553
0.6636536 0.602898 0.13137838 0.17796947 0.9974794 1.031164 1.0322452 1.0189856 0.37881535 0.18039462 0.6903923 0.3220688 0.7100383 0.28099838 0.60442597 0.7539229 0.13685605 1.0237503 0.73645246 0.08864532
0.95232034 0.5194104 0.64273095 0.9446157 0.86064523 0.8361801 0.41194567 0.73065215 0.7806232 0.39686626 0.7524949 1.0080726 0.65796953 0.3744307 0.72981477 0.19816336 0.24949136 0.77264136 0.526307 0.44170582
0.81957525 0.11763887 0.051029194 0.85426545 0.7017402 0.4569446 0.8261213 0.70099044 0.9210234 0.52993536 0.6160264 0.7409443 0.3151308 0.18723403 0.48106816 0.39173684 0.63911587 0.25680566 0.3966551 0.19699089
0.08989504 0.016294552 0.2214262 0.67103785 0.63030505 -0.06760861 0.5756423 0.8443435 0.5616711 -0.024107454 0.686289 -0.05433921 0.43888313 0.3691564 0.04530241 0.61945873 0.44364876 0.7992217 0.5519073 -0.020656835
0.7800921 0.6649312 0.26927364 0.5312892 0.48832697 1.0344951 0.9639401 0.33396745 1.159878 1.0512602 0.2976196 0.23722816 0.20665263 0.49866903 1.0807025 0.9261916 0.6382268 0.4281946 0.849854 0.32021868
0.6099965 0.64965904 0.38727215 0.57219374 0.8898047 0.09500222 0.50821596 0.5618612 0.63789237 0.38605368 0.09676025 0.6190191 0.9126032 0.7898306 0.9071443 0.8124472 0.30027032 0.8729995 0.20752904 0.67415965
0.43857193 0.65098 1.0680346 0.37660068 0.8792446 0.9146449 0.42501035 0.5626407 0.71279204 0.4801729 0.23865446 0.21471365 0.71933424 1.0274785 0.3573921 0.99850106 0.5253243 1.0565236 0.26563147 0.89004123
0.58950824 0.7562149 0.77023935 0.17559487 0.44060916 0.5114128 0.88787055 0.9358892 0.79273915 0.008883064 0.65065134 0.84333795 0.66716826 0.15658058 0.65687567 0.09416903 0.6488032 0.83278686 0.6731408 0.54291725
-0.0795635 0.5533742 0.46496186 0.8327346 0.42610526 0.81131876 0.8476417 0.045642465 0.047458295 0.66297853 0.6232347 0.2366246 0.39298123 0.726489 0.35223973 0.15011908 0.50258976 0.0463999 0.5088251 0.45143154
0.5984157 0.34199327 0.9762571 0.4358334 0.3635225 0.49164343 0.40621004 1.0151393 0.35965228 0.19515024 0.62246495 0.90362155 0.8902917 0.27464393 0.65641475 0.65414083 0.47119454 0.3219182 0.61981136 0.9388494
0.18931857 1.0018965 0.24968715 0.6268879 0.3182001 0.6966747 0.7192672 0.3132975 0.45314988 0.9013216 0.15888347 0.81803435 0.57110643 0.17591533 0.58437043 0.39009786 0.76359457 0.40990832 0.59995115 0.093596995
0.5169348 0.540902 0.07996116 0.56030905 0.86143446 0.9457167 0.35601014 0.2081415 0.20663613 0.13117163 0.12670393 0.61360294 0.7416716 0.23566556 0.4612152 0.6433152 0.38421693 0.63997704 0.3543253 0.048484188
0.72939456 0.7608747 0.3134282 0.66502345 0.98562026 0.365933 0.2236002 0.36277333 0.45918196 0.13630292 0.37605923 0.854246 0.4408341 0.8753159 0.5469745 0.2113411 0.30737633 0.45179492 0.19521822 0.7727797
