0.9333101 0.9464943 0.55882335 0.041133445 0.87576246 0.8119311 0.57830137 0.08060684 0.59683996 0.025483375 0.8641614 0.54183227 0.08770217 0.3474935 0.9475022 0.3611357 0.14786863 0.8301019 0.3082966 0.27663654
0.4975236 0.726188 0.68879455 0.82501787 0.35865292 0.9030173 0.74225473 0.504263 0.39287585 0.11595819 0.10325577 0.38195866 0.45424923 0.5048013 0.56359226 0.7711693 0.8103917 0.48343623 0.34692696 0.05587885
0.37288976 0.43352425 0.8726618 0.06776536 0.8173991 0.9861989 0.119115345 0.96730953 0.6522363 0.35064828 0.4560139 0.6428753 0.3422537 0.113898695 0.34229532 0.8360947 0.27977857 0.1007015 0.668213 0.8468317
0.53682745 0.4517524 0.61481863 0.23709594 0.9866648 0.16252893 0.088792674 0.9371325 0.39748886 0.9068549 0.14236878 0.9720574 0.5261081 0.80021596 0.18783365 0.62870646 0.4589864 0.57456344 0.25642112 0.33357996
0.39455232 0.15151836 -0.0028714002 0.6524694 0.56024516 0.8629758 0.3030168 0.2701415 0.42734072 0.46419814 0.032701284 0.6912696 0.36797914 0.737077 0.42105567 0.7078647 -0.0243618 0.4756677 0.6610267 0.31914118
0.51472926 0.6838362 0.102074 -0.08215106 -0.08091073 0.5900178 -0.054453403 0.46449068 0.08819481 -0.047557883 0.38631436 0.050257906 -0.05391831 0.39729744 0.48878607 0.24337648 0.35149843 0.6470798 0.6548189 0.6439946
0.6623767 0.4164383 0.78832126 0.21922201 0.6250231 0.666272 0.40560573 0.071135744 0.49682194 0.39676198 0.122256756 -0.07188414 0.6391211 0.5785662 0.75041294 0.32863006 0.6654859 0.8001266 0.35454372 -0.03300461
0.79590535 0.9426097 0.79609567 0.21537887 0.077603884 0.22040644 0.21503247 0.84672433 0.133743 0.7066688 0.714172 0.19062814 0.6602206 0.31302083 0.8824344 0.0381199 0.91100067 0.4838079 0.2146765 0.5904613
0.28390703 0.45222852 0.33063263 0.85388505 0.13321139 0.20943809 0.07925042 0.23358844 0.061165977 0.15853305 0.74506056 0.07643776 0.79406476 0.43320304 0.88912433 0.69034195 0.100304514 0.86745876 0.7816678 0.5297218
0.28518194 0.46586865 0.61579853 0.90604067 0.71577674 0.7163093 0.42197588 0.115702845 0.37551266 0.25239736 0.90122736 0.23980123 0.95822513 0.60688096 0.43578827 0.5206583 0.6262837 0.88740486 1.0228609 0.5670901
0.51596564 0.7199999 0.72430277 0.85726506 0.9013431 0.32981762 0.4919215 0.45579773 0.57598054 0.2787192 0.810784 0.48112205 0.2003723 0.19779098 0.7061618 0.49137375 0.7749346 0.5088642 0.7878643 0.56174433
0.97013783 0.22877353 0.14570434 0.85377026 0.2057145 0.24054706 0.47574463 0.13139692 0.3195338 0.42818835 0.87457687 0.28803703 0.6023312 0.85956395 0.8207656 0.98193854 0.45652288 0.8534568 0.9047883 0.6819316
0.6390754 0.14252542 0.16961873 0.6529692 0.6744598 0.0728824 0.842137 0.66256577 0.019538542 -0.030523825 0.85370326 0.32389325 0.25970614 0.8605371 0.3232872 0.28248394 0.8055282 0.5739391 0.87863016 0.86292064
0.40658632 0.7930991 0.16839431 0.2649082 0.6994866 0.46741784 0.70401376 0.74625015 0.23074014 0.84524894 0.4312237 0.9188062 0.745263 0.6760942 0.45915788 0.7362037 0.8543833 0.51182187 0.39051238 0.5184062
0.4988001 0.61532503 0.99292123 0.35646477 0.4591604 0.7715779 0.99291545 0.6490644 0.6243512 0.35496467 0.49463522 0.84430134 0.2949111 0.9646054 0.21069045 0.59845084 0.8875447 0.70058656 0.43521124 0.9372119
0.23838681 0.27457625 -0.067956574 -0.43476957 0.20507021 0.12630719 0.2231107 0.089901686 0.39180556 0.37399882 0.42215696 -0.36676085 0.19592394 0.3743764 -0.35074383 0.26664683 0.18368137 0.35027218 0.37940732 0.14603487
0.6633867 0.18090858 0.53698426 0.4016561 0.6048204 0.88006383 0.5813671 0.03305376 0.6916658 0.8970883 0.5536571 0.4710989 0.5049283 0.190215 0.81909406 0.2874538 0.05944599 0.7835564 0.26470318 0.4953442
0.45773372 0.7082888 0.08659828 -0.06387703 0.40925857 0.601003 0.10465403 0.65215176 0.38860103 0.048080698 0.49058485 0.6838673 0.20321971 0.577179 0.09627748 0.3886626 0.7524244 0.7561006 0.06457477 -0.057052005
0.38306323 0.8914586 0.26517186 0.8388424 0.18845484 0.48270285 0.2880435 0.69950354 0.8220142 0.123695426 0.57644504 0.6116336 0.16529867 0.670977 1.0547687 0.47494537 0.5529303 0.7872477 1.0127499 0.46899235
0.5106933 0.42862847 0.36210936 0.42197937 1.0095011 0.7868752 0.6490638 0.31099018 0.3398745 0.31186 0.7635985 0.75317854 0.5014525 1.0959482 0.74139196 0.5912527 0.4346893 0.25215834 0.4747354 0.6981558
0.57749397 0.63647056 0.24116592 -0.06832099 0.28112 0.4434977 0.3712424 0.34826007 0.61789745 0.6022361 0.53852636 -0.016502913 0.57336396 0.073623255 0.32113555 0.5007942 0.7177178 0.77429867 0.47348788 0.6732813
0.78254765 0.64612895 0.7679641 0.7784108 0.3002308 0.72789854 0.18056111 0.835375 0.19250643 0.25350556 0.9370725 0.629131 0.035913352 0.9025339 0.3228377 0.14503986 0.105818 0.63054895 0.43914312 0.5420908
0.8080114 0.27056128 0.7073134 0.9379794 1.0181662 0.5890874 0.20803824 0.4826086 0.33205155 0.7126413 0.64604586 0.6397023 0.39743996 0.84155965 0.2720558 0.56075144 0.7502003 0.8470493 1.0680803 0.6232528
0.515795 0.52642995 0.6546066 0.13961832 0.5239699 0.37725228 0.03854807 0.76233214 0.8061526 0.16547132 0.71049815 0.3396505 -0.027898505 0.15192148 0.62867796 0.7015475 0.11436217 0.768177 0.37994707 0.4446434
0.44578448 0.6498711 0.21063527 0.07248702 0.08639136 0.6305706 0.19189554 0.5376674 0.32013455 0.328587 0.5149628 0.3170593 0.5246066 0.94479203 0.57614714 0.28997228 0.9532036 0.17091045 0.75550634 0.14752738
