0.6589151 0.28826326 0.22709301 0.13895392 0.76826906 0.9099056 0.81732273 0.3496838 0.78995687 0.48937154 0.29326022 0.6089505 0.09069838 0.84056234 0.5861559 0.87018937 0.34131142 0.6947105 0.11593542 0.37222672
0.6394261 1.034488 1.0168852 0.1621193 0.52671885 0.3564709 0.7282896 0.3655471 0.55388814 0.8787867 0.5977615 0.47517848 0.19467464 0.50801593 0.41515577 0.22160873 0.7994795 0.19011337 1.0378848 0.80995643
1.071537 0.9297942 0.29989234 0.6160831 0.52577955 1.0905243 0.83197206 0.35010007 0.3257223 0.4086902 0.56882906 0.73584783 0.25635588 0.49609786 0.990453 0.3324055 0.8970957 0.70386744 0.9374499 0.39100942
0.7202671 0.60891 0.6335992 0.41046932 0.15628949 0.8420796 0.6942245 0.883359 0.013155038 -0.0018120894 0.4704692 0.42437088 0.38209364 0.1139276 0.9215336 0.69195914 0.13333711 0.34762913 0.05707229 0.39479214
0.24219465 0.1486214 0.5176437 0.30403054 0.4746862 0.46829736 0.3782058 0.88306737 -0.024168298 0.58947754 0.84941006 0.8883237 0.32686034 0.3350636 0.7569104 0.42714694 0.7148858 0.32917464 0.5886325 0.71471494
0.42127255 0.1834501 0.40921444 0.44262227 0.2791554 0.75498444 0.92493486 0.36025247 0.7662328 1.0622416 0.4202427 0.9956524 0.65177464 0.15515509 0.53678566 0.901707 0.90107566 0.49858227 0.71504915 0.11810369
0.6235932 0.40100995 0.5002221 0.5166649 0.8449133 0.82266486 0.27324942 0.20873535 0.042690266 0.020615065 0.23306853 0.82632786 0.7575063 0.11555944 0.24666385 0.7709124 0.22038472 0.6954134 0.3904346 0.2918608
0.7809762 0.7240963 0.22027415 0.892449 0.39393747 0.6385863 0.63299483 0.42649725 0.74383444 0.77434474 0.566586 0.69669193 0.4938341 0.54604536 -0.0032913848 0.022485562 0.19331801 0.59664536 0.53424895 0.39637733
0.4543277 0.9763715 0.5639266 0.48839664 0.1997638 0.4978241 0.4193107 0.7712082 0.5411961 1.0677004 0.3582821 0.6730542 0.64551014 0.8710708 0.26891896 0.88295966 0.22552507 0.36033106 0.43662277 0.7603848
0.32263026 0.9551936 0.70729697 0.4544142 0.66878587 0.32958966 0.41609538 0.56364363 0.6919871 0.65496236 0.7798027 0.56416893 0.070418626 0.11080596 0.61145985 0.4132983 0.92548746 0.20519963 0.34805313 0.3092032
0.5728775 0.39055344 0.68360394 0.64196277 0.23607297 0.30415487 0.5027854 0.43985653 0.22957979 0.80474687 0.67263883 0.22853598 0.586486 0.6129902 0.8371636 0.750731 0.22432102 0.69556284 0.16447283 0.7819547
0.8985818 0.32764265 0.24126971 0.672432 0.19604635 0.16279384 0.2602939 0.025276855 0.7231238 0.7691482 0.6377805 0.7242271 0.062480453 0.77652663 0.17701514 0.42178535 0.066725485 0.74141055 0.62966114 0.20143497
0.9430497 0.3313905 0.85797894 0.21793406 0.8731458 0.5472463 0.21253362 0.41228217 0.99053717 0.059810884 0.87622774 0.21153617 0.9823526 0.8867227 0.80281097 0.53701097 0.6051919 0.3657545 0.989269 0.86396426
0.8246363 0.8234715 -0.010976307 0.8933924 0.23858579 0.45326024 0.35812387 0.65440875 0.14386597 0.20591445 0.27304658 0.24373336 0.42590025 0.8225377 0.7755993 0.8664056 0.7013437 0.6649849 0.699821 0.14274374
-0.030460292 0.80523235 0.5768996 0.40100715 0.3961698 -0.0686409 0.6124276 0.43984944 0.81594324 0.00470407 0.83147794 0.44368988 0.69398236 0.11224672 0.31615144 0.5522547 0.826346 0.48403195 0.193885 0.24401116
0.44535577 0.7229472 0.81118196 0.958417 0.13691996 0.38575187 0.7407679 0.51987255 1.0547907 0.61232686 0.30862093 0.4852342 0.74765944 0.32328802 0.66305083 0.7840716 0.40560925 0.15739894 0.6790217 0.5026816
0.19262402 0.28003207 0.68545586 0.6492978 0.8497628 0.49887574 0.66505903 0.86251366 0.22240488 0.5045024 0.31725663 0.54061663 0.30181324 0.6171292 0.82646924 0.5590988 0.7575857 0.46402892 0.8270106 0.8571223
0.5171873 0.7186769 0.6810881 0.24522202 0.6903575 0.53255486 0.36813283 -0.02653 0.31309277 -0.04655478 0.1394895 0.67822665 -0.0618332 0.16451395 0.79909533 0.8428444 0.18889198 0.08927149 0.12304276 0.24851646
0.12595592 0.11063638 0.29444298 0.77875066 0.40189624 0.5991183 0.6656055 0.47292554 0.8088984 0.6024311 0.5363916 0.0065137497 0.7803422 0.75259525 0.70963585 0.8047378 0.3601266 0.46187544 0.029599894 0.6123289
0.9124613 0.9356347 -0.009868493 0.25853986 0.80845857 0.39006388 0.050694775 0.5000979 0.0052742544 0.070339836 0.28724402 0.06071313 0.72820747 0.8417592 0.8902043 0.23163101 0.36024505 0.72346693 0.3251364 0.37611008
0.35288146 0.1549549 0.47326595 0.6147292 -0.09338863 0.19828285 0.5474694 0.6410658 -0.16408734 0.12650518 0.59710217 0.5429937 0.056248527 0.71071154 0.15367219 0.55810857 0.701708 0.4887289 0.39896873 0.29560366
0.14348857 0.2605949 0.93895894 0.3939879 0.91172963 0.8633846 0.19808075 0.88378716 0.3896885 0.06029636 0.8644066 0.124681726 0.9266389 0.17446049 0.28706688 0.7932974 0.80651 0.061212897 0.3169977 0.7433952
0.28954083 0.9027321 0.27868995 0.56044793 0.43864712 0.43238324 0.03427527 0.90682995 0.03185776 0.56957805 0.9200895 0.27749813 0.45050138 0.42761138 0.9006805 0.6482535 0.53722006 0.49775887 0.7518825 0.11997069
1.0298976 0.59668475 0.14585252 0.2570962 0.80329543 0.78554314 1.0246774 0.9156957 0.897558 0.069343805 0.5907044 0.23315215 0.6796149 0.30807436 0.5835622 0.85320467 0.7504612 0.2677407 0.57038605 0.18562828
1.0347264 0.5365645 0.91074663 0.53704065 0.59182376 0.3711579 1.0733843 0.64026946 0.5625372 0.78571177 0.39742914 0.5743888 0.629283 0.2805075 0.6467188 1.1427072 0.64390457 0.36244848 0.59608954 0.35615632
