0.44715863 0.7233605 0.5614875 0.035824195 0.4907762 0.36345452 0.564883 0.40721723 0.3649833 0.8347744 0.5403331 0.83001786 -0.011088027 0.6945927 0.40252995 0.14968434 0.76715374 0.6127704 0.76141906 0.517401
0.57625836 0.14321472 1.0900239 0.7974402 0.27683678 0.496793 0.8685031 0.40365168 0.39923313 0.92059726 0.5587633 0.8377866 0.6675187 0.6021437 0.942905 0.23664321 0.3464041 0.60281974 0.9174648 1.0896249
0.7237171 0.6737073 0.70868266 0.42540726 1.0586256 0.92854506 0.33969998 0.5540242 0.19149642 0.24560939 0.83680075 0.98377055 0.14072612 0.39566165 0.84112453 0.2692019 0.58353764 0.29191855 0.308486 0.891823
0.66891396 0.13069856 0.76088625 0.71844405 0.11919852 1.0003568 0.68955714 0.18412942 0.20167267 1.0224915 0.8427434 0.8576604 0.85941696 1.0074612 0.1460285 0.1730082 0.8743236 0.8274608 0.6356599 1.0149966
0.75023186 0.7042971 0.26156077 0.25322342 0.90687644 0.4037244 0.030170972 0.55155987 0.8454136 0.4756749 0.48830703 0.7269466 0.46302536 0.2538511 0.02965182 0.44002736 0.7184541 0.93572634 0.17166753 0.5262528
0.62539154 0.29752812 0.793579 0.3129577 1.1231602 0.24543202 0.22946662 0.86027735 0.47037637 0.6465777 0.63261765 0.36262923 0.93166775 0.66664886 0.41331717 0.2315192 0.41928673 0.4703172 0.9135323 0.709991
0.17970574 0.25258666 0.93290865 1.0545557 0.460454 1.013325 0.5819183 0.53087217 0.48415986 0.119336754 0.24720375 0.97941786 0.9841164 0.58344084 0.3641116 0.4473872 0.26316983 0.8764561 0.6426537 0.33780107
0.7946178 0.73533046 0.870477 0.66551745 0.27151608 0.36237022 0.07648361 0.2368795 0.9051554 0.8368505 0.6953235 0.24136443 0.20224133 0.16513371 0.86044043 0.8470675 0.6805797 0.43357915 0.62338024 0.7917044
0.19403516 0.14723021 0.21307957 0.75315475 0.25987935 0.51700795 0.5464386 0.016966984 0.7840747 0.3395501 0.4869751 0.45282152 0.8262243 0.9064365 0.040846083 0.29755285 0.80541945 0.036985848 0.31644338 0.8756605
0.1587313 0.61764437 0.87115 0.6345857 0.15696703 0.53227955 0.3988412 0.59799135 0.8694275 0.7717769 0.23145321 0.6433206 0.5339149 0.41093898 0.12669691 0.37511033 0.46714705 0.87851435 0.42153588 0.29734522
0.8426725 0.46628127 0.9349832 0.76325023 0.764686 0.5523737 0.18019639 0.74663943 0.7303102 0.533162 0.15652767 0.81720823 0.5063031 0.7074227 0.36411643 0.20656103 0.32728004 0.7052115 0.6999969 0.5378566
0.9345661 0.41485465 0.55241793 0.3466757 0.52872884 0.7967446 0.5534285 0.30952358 0.9295554 0.96509147 0.17784114 0.15919034 0.23982605 0.598865 0.585827 0.81994146 0.39343828 0.7537783 0.5721725 0.9261815
0.9991866 0.64725065 1.0252216 0.71414447 0.34175807 0.5722445 0.28791294 0.9967583 0.7337371 0.45414338 0.99449843 0.58407277 0.16906296 0.21516782 0.23026408 0.16101348 0.5423808 0.6308782 0.22522898 1.0089004
0.49153528 0.832305 0.28750342 0.9355065 0.15018032 0.07985083 0.8323709 0.8043303 0.70389515 0.40272534 0.6029994 0.06690673 0.41606268 0.8639358 0.32210666 0.10457873 0.7415343 0.23476113 0.9452419 0.19299328
0.99086267 0.7257284 0.65486574 0.55091834 0.5335989 0.16064638 0.476727 0.69453335 0.4470128 0.11851591 0.8529772 0.79688185 0.75275487 0.6775918 0.75244796 0.67046845 0.71451545 0.06734903 0.6163344 0.18780282
0.7537201 0.9839348 0.21007575 0.38919735 0.7176043 0.6779768 0.17329597 0.84449315 0.92928684 0.6169403 0.4884003 0.44205722 0.2980769 0.1762335 0.3090255 0.3642273 0.7610634 0.89126724 0.9182721 0.53560793
0.5447802 0.6289884 0.86847365 0.2321251 0.41293442 0.19392774 0.124657005 0.60725474 0.9243933 0.43286887 0.2058475 0.8538378 0.6787851 0.4044315 0.38576427 0.96602035 0.28717497 0.60998034 0.60768145 0.3892622
0.20529342 0.7426446 0.25941226 0.9112085 0.5514501 0.13232885 0.29285866 0.11217147 0.41235435 0.27389082 0.8543669 0.33388594 0.95283467 0.6203261 0.6781191 0.35579157 0.19483611 0.9267558 0.7537993 0.4345195
0.33224586 0.47442758 0.6270053 0.7260575 1.0018511 0.7316911 0.3816423 0.89071053 0.64274997 0.7119194 0.8187614 0.50274676 0.2101312 0.4114055 1.013744 0.49366033 0.57317084 0.98934853 0.620737 0.58869904
0.31788847 0.36892468 1.0376718 0.18539143 0.15269327 0.99187154 0.731851 0.328809 0.7640103 0.701632 0.5054388 0.8934397 0.8069711 0.56184113 0.9158921 1.0041983 0.6843618 0.2673804 0.6128649 0.8068255
0.31269827 0.73789215 0.15511404 0.17921573 0.60751975 0.42901886 0.669738 0.09611627 0.82502997 0.77504927 0.08831475 0.76530945 0.65916485 0.077506036 0.17526498 0.9158444 1.0019389 0.29631522 0.5822865 0.7408329
0.33531448 0.6070405 0.575985 0.15302995 0.62560976 0.8723879 0.17230867 0.29992786 0.3167372 0.45826375 0.8618567 0.5459552 0.4531654 0.51428276 0.78834766 0.5072257 0.2873253 0.10688309 0.85487455 0.875484
0.16184182 0.8121594 0.40532577 0.33829322 0.81221396 0.9003448 0.09619074 0.30160075 0.56124103 0.87619734 0.20053074 0.3372328 0.19856125 0.6247526 0.7378088 0.56037235 0.8290104 0.72384936 0.19345988 0.56964946
0.94457567 0.36276233 0.8019578 0.97075474 0.31264415 0.25707787 0.18329373 0.17117882 0.16951624 0.8045508 0.5198072 0.5751846 0.499622 0.59230506 0.15779302 0.29948607 0.91819966 0.6824359 0.68975836 0.18423054
0.4487064 0.582985 0.30862525 0.30259037 -0.11087921 -0.101350866 0.4996361 -0.18508625 0.17270954 -0.22243243 0.6502077 0.22596969 0.3694761 0.18529905 0.45719665 0.6439901 -0.21215156 0.4899352 0.12824641 -0.10414589
