0.146478 0.74429077 0.26370052 0.11223929 0.92030716 0.9701699 0.65181434 0.36939 0.07683355 0.25152826 0.41951114 0.9756432 0.69663614 0.94965786 0.2992586 0.4642016 0.47639626 0.14218202 0.7352194 0.38143307
0.5554326 0.6946028 0.24488337 0.5500865 0.097281575 -0.014333231 0.882041 0.921833 0.15959506 0.6129477 0.29745272 0.07396571 0.93501735 0.8579399 0.8823699 0.79683197 0.2199003 0.36988187 0.8063309 0.29313454
0.48323742 0.49320784 0.8351913 0.023176948 0.23823696 0.26531228 0.24363661 0.25795868 0.23800246 0.8104836 0.45224223 0.52273595 0.47541654 0.33063063 0.3792691 0.9123574 0.48627338 0.2545589 0.7498747 0.37137115
0.18646714 0.9173704 0.6388808 0.08542138 0.8521285 0.64545214 0.66876316 0.26379797 0.6662916 0.15227978 0.2651361 0.09756696 0.9207502 0.80892354 0.1329429 0.2103845 0.8617915 0.5512809 0.5411957 0.48833773
0.5131809 0.85642034 0.99326265 0.2760928 0.7969704 0.10090954 0.16304405 0.56816614 0.22638546 0.14816745 0.591534 0.5263683 0.9909473 0.5496127 0.9057535 1.0008516 0.50995016 0.23680657 0.1405916 0.19067438
0.14383452 0.6652713 0.2080526 0.24564154 0.41935706 0.4609946 0.85408914 0.11746102 0.6642692 0.6087553 0.9772426 0.11464568 0.61437535 0.561828 0.1297841 0.66870326 0.84848243 0.3363367 0.50554746 0.9870849
0.6220375 0.845172 0.456008 0.5338924 0.7567659 0.79087406 0.5135599 0.58476365 0.38623103 0.3731701 0.39384484 0.3474386 0.7005522 0.030958472 0.13624585 0.09725003 0.38109058 -0.052297365 0.3795307 0.21920963
0.59720606 0.7403412 0.15606885 0.16418397 0.066488326 0.11587054 0.03795 0.50147676 0.38713112 0.72634095 0.9137396 0.7371096 0.8546448 0.75335824 0.022589672 0.011429238 0.22750853 0.24625872 0.9399566 0.59924453
0.87334406 0.40302268 0.2399397 0.30961332 0.40845168 0.4922956 0.56995505 0.46433628 0.01158244 0.14845268 0.83860475 0.5135549 0.4154715 0.34355912 0.84934145 0.22966838 0.22576684 0.2434402 0.53850734 0.54661125
0.6331493 0.26192036 1.1025614 0.25677007 1.0337591 0.5182949 0.26842755 0.26035088 0.18441659 0.42444476 0.3939301 0.555935 0.80951583 0.5502508 0.48519802 0.7100785 0.5942465 0.3396232 0.38769042 0.40030807
0.3514711 0.7779659 0.33138487 0.12224792 0.1835985 0.11263625 -0.0015660415 0.93888617 0.3374849 0.50841683 0.52291447 0.48389432 0.51873016 0.5156202 0.7385895 0.2347306 0.82344025 0.7286212 0.22328214 0.22952428
0.40434766 0.884495 0.88732463 0.10142125 0.00082308357 0.5684416 0.14654957 0.74396735 0.100132056 0.32111877 0.6388229 0.41928855 0.32323197 0.34453568 0.12886477 0.32072622 0.6573138 0.9014139 0.028518382 0.6531353
0.67231727 0.17577371 0.505061 0.5925089 0.271147 0.123645596 0.29611585 0.98372924 0.692205 0.75922316 0.9628449 0.9786582 0.6209544 0.6902693 0.15949501 0.9722586 0.94223404 0.23695786 0.36493966 0.62853825
0.91282564 0.99584156 0.05542138 0.17718641 0.8354433 0.29053238 0.2742759 0.516059 0.8735591 0.27888286 0.90715444 0.6804911 0.19201598 0.77522564 0.23130023 0.5231463 0.91592336 0.80069715 0.45533773 0.68975616
1.0361292 0.5048786 1.004167 0.4269996 1.0270563 0.1895499 0.7068 0.32772833 0.82393247 0.5984594 0.15583982 0.95103174 0.16716553 0.23170505 0.12705602 0.6935674 0.87594724 0.6987841 0.23847245 0.6354401
0.30687 0.82459354 0.08530373 0.69306195 0.80857366 0.6573248 0.38196316 0.31201398 -0.00352023 0.25017506 0.2397828 0.17713383 0.3808933 0.8319132 0.36757857 0.7314733 0.38753965 0.1269155 0.37490186 0.77967685
0.7638004 0.7114642 0.120698325 0.13363759 0.12508592 0.8562336 0.18384464 0.21647368 0.038011257 -0.060788237 0.5443877 0.828284 0.4505373 0.3772545 0.121309824 0.5061026 0.061885722 0.12400331 0.51801205 0.8042305
0.7973835 0.5326467 0.51017034 0.44641966 -0.026435282 0.3463797 0.23181382 -0.049641665 0.2067353 0.05481411 0.7098867 0.75671303 0.50857574 0.70241773 0.13902146 -0.06734966 0.54946715 0.21193233 0.29943487 0.57369727
0.13633779 0.7778653 0.79152924 0.10615495 0.5658521 0.63999397 0.05817458 -0.021427313 0.85380816 -0.0057289824 0.63424355 0.42766884 0.46175066 0.7175876 0.8867163 0.49259466 0.16402376 0.26389915 0.5759535 0.014765415
0.54334515 0.39268658 0.27592823 0.82519597 0.549027 0.46144408 0.3331081 0.56959325 0.46423757 0.21304396 0.7130882 0.7964897 0.28458938 0.10664285 0.65892655 0.4374719 0.27094293 0.6802384 0.68614274 0.85561997
0.59681624 0.6047958 0.50266683 0.3426084 0.30499828 0.68694776 0.8122322 0.104930185 0.42440683 0.24424016 0.48907134 0.7261036 0.9260773 0.06560717 0.8762773 0.54644144 0.9146396 0.50590986 0.27499825 0.14461142
0.853902 0.60377395 0.5192824 0.61546326 0.67240375 0.3220359 0.34898734 0.51227677 0.08899193 0.517293 0.8981082 0.27915162 0.6660535 0.1356257 0.11069121 0.40603355 0.34400222 0.80552244 0.626751 0.79018533
0.79010296 0.6773764 0.16790141 0.65881413 0.61045766 0.7399122 0.24206151 0.7479132 0.24183409 0.30958745 0.75613487 0.73335266 -0.016464371 0.6558176 0.83098435 0.46769857 0.6572474 0.22950976 -0.1052527 0.6235078
0.6351456 0.14606075 0.55932724 0.45260474 0.08274651 0.511293 0.47828802 0.6240965 0.831929 0.45462522 0.0785591 0.05595099 0.6894205 0.09057676 0.25565255 0.7349772 0.83982104 0.6501713 -0.059327554 0.50195074
0.20171532 0.28154236 0.51496565 0.81584316 0.29646853 0.75384635 0.7998399 0.5296491 0.24664915 0.586297 0.41880813 0.3684883 0.3904469 0.9005243 0.45736477 0.7301551 0.32015368 0.0049580354 0.51767725 0.81854737
