0.6873239 0.7499744 0.3193495 0.5989307 0.65587544 0.60003203 0.5169933 0.11529143 0.5268733 0.118855804 0.3412161 0.52710676 0.47669798 0.7454661 0.5157377 0.0069196527 0.64498305 0.35828418 0.014436024 0.21441104
0.4208935 0.5157127 0.56420875 0.84567595 0.14729142 0.20470944 0.5338918 0.9045113 0.6728494 0.79770416 0.8258639 0.19185323 0.6725201 0.48387754 0.47311115 0.17104767 0.79351956 0.8676154 0.9018156 0.38496226
0.21514302 0.9191029 0.7929494 0.17259121 0.91214067 0.7325081 0.72576714 0.089157075 0.5259758 0.6031339 0.6143003 0.21370956 0.7974971 0.32679838 0.62350875 0.5221469 0.51692444 0.41165504 0.15834673 0.008040765
0.68727386 0.4903717 0.17764439 0.06054268 0.5470269 0.6720358 0.20736586 0.11112872 -0.09794159 0.6449353 0.3362344 -0.084701255 0.80759126 0.73761153 0.4782711 0.8043167 0.31556404 0.51875013 0.3579144 0.7430051
0.64064175 0.37700632 0.32450688 0.6014387 0.44159746 0.006454274 0.7364786 -0.12207603 0.5554254 0.17444861 -0.061380886 0.2108692 0.027140949 0.55258507 0.23219262 -0.07869634 -0.13103917 0.53401256 0.43325794 0.5235713
0.8502273 0.80131423 0.50622135 0.6209669 0.6503218 0.8202 0.82849663 0.365945 0.6868914 0.14918599 0.44998437 0.26730302 0.48415473 0.38738856 0.3155311 0.23332912 0.40360314 0.5276688 0.34416667 0.3681839
0.33171996 0.08324814 0.6928376 0.4340016 0.2745747 0.6364776 0.70119095 0.4168795 0.9314011 0.8226272 0.6888461 0.83437526 0.41525143 0.107045844 0.93724793 -0.010590848 0.8877359 0.21836358 0.1469182 0.4906686
0.27926183 0.20914388 0.44029972 0.8220064 0.61106014 0.21102157 0.66506547 0.34473038 0.5250833 0.78452903 0.08249909 0.6295768 0.28063133 0.8774118 0.47797886 0.13146938 0.25601864 0.7370723 0.75462973 0.83183396
0.75754505 0.51669097 0.47332078 0.34953606 0.6667509 0.71879673 0.9991194 0.35577536 0.98487204 0.15620103 0.24771172 0.3893882 0.46688855 0.2832507 0.11370296 0.53220785 0.5412544 1.0037963 0.80269754 0.96042967
0.36116597 0.15657349 0.069843605 0.37360346 0.4441923 0.9698104 0.48531133 0.10197704 0.41692924 0.91408485 0.75196147 0.6074573 0.5583198 0.42539066 0.21843204 0.8222593 0.5295381 0.36364543 0.729554 0.6572772
0.7898897 0.039534006 0.9117661 0.5898831 0.15480861 0.3732159 0.024132827 0.25249213 0.62254626 0.4780765 0.8520788 0.7576827 0.25343314 0.63392496 0.28986278 0.92025685 0.8060228 0.89781284 0.112076536 0.30949375
0.72200185 0.68775684 0.011153457 0.39346498 0.0021874963 0.83154315 0.10929321 0.5799832 0.6890509 -0.07538478 0.46588263 -0.11881899 0.29740018 0.49382436 0.36992142 0.09905594 0.269136 0.7548384 0.47674504 0.34133914
0.7853197 -0.034695953 0.0783361 -0.051724028 -0.034805458 0.8401957 0.7412226 0.12513037 0.84081817 0.7392862 0.747725 0.015592649 0.20238309 0.100743055 0.26227564 0.56584567 0.0831612 0.85368663 0.17238393 0.33402133
0.54909486 0.68281 0.35659194 0.35895163 0.9363633 0.8154183 0.553108 0.66595715 0.30823225 0.6646232 0.02411242 0.7244564 0.2771503 0.9600731 0.6089236 0.7804414 0.027924154 0.2681322 0.3837192 0.20459647
0.7259244 0.40444806 0.525023 0.31092706 0.7324292 0.26508975 0.73838526 0.41380104 0.7107011 0.47140428 0.31571263 0.4152368 0.16522922 0.70023304 0.35677052 0.35240334 0.17115009 0.040042892 0.098965436 0.48059526
0.476747 0.48407248 0.6132715 0.05109484 0.9374378 0.21562034 0.74482256 0.49231517 0.283179 0.18740012 0.43750578 0.35739055 0.78047216 0.10387594 0.8184625 0.69093865 0.42398942 0.17406666 0.8890854 0.98113495
0.79961205 0.9253846 0.5078333 0.47427353 0.15326886 0.63480246 0.11877756 0.3706433 0.43049398 0.58487195 0.8746614 0.2078806 0.7349733 0.893437 0.6954563 0.41734958 0.54787254 0.1814341 0.26843128 0.34584484
0.51402926 0.85256386 0.40615374 0.14834502 0.7368657 0.49432224 0.6182241 0.9163597 0.121171534 0.31616223 0.5919001 0.35243928 0.001473082 0.36129314 0.3010599 0.66619515 0.85590565 0.6876695 0.82993275 0.16202514
0.770379 0.12462474 0.6541112 -0.0062270784 0.044180572 0.110835746 0.0050100093 -0.0039683618 0.5096533 0.22117618 0.16745971 0.8309147 0.4343534 0.00846064 0.1790249 0.42834076 0.58788276 0.361927 0.13541026 0.29300514
0.12403986 0.7938738 0.5051332 -0.026045669 0.62639844 0.4462251 0.09847968 0.3758656 0.81710523 0.5117001 0.21715975 0.5767089 0.47612256 0.23795022 0.48307407 0.7135369 0.15640451 0.028044483 -0.026423657 0.0042002555
0.64046764 0.72014105 0.6321096 0.21862729 0.036982298 0.028885588 0.16684206 0.05055097 0.8852569 0.029130885 0.2727146 0.7501195 0.7723694 0.289656 -0.021233564 0.5024413 0.2196425 0.13803096 0.72195286 0.42613816
0.5188337 0.45412785 0.84522444 0.34613368 0.39757147 0.12811628 0.4595253 0.030702533 0.21814899 0.23460697 0.7380833 0.6493931 0.13800885 0.12444847 0.068991564 0.16966283 0.96054554 0.8821331 0.04801019 0.074907295
0.24099103 0.22524789 0.352992 0.77500623 1.0546445 0.7289807 0.5558073 1.0847458 0.30829486 0.4474477 0.5601745 0.98130846 1.1353452 0.26625046 0.35010087 0.55377626 0.67701167 0.21013652 0.21066695 0.68387735
0.06599691 0.70348173 0.03639842 0.01640154 0.77885324 0.37615103 0.03498077 0.60946363 0.7253615 0.9321278 0.22382922 0.12736447 0.51262414 0.7348838 0.51472473 0.9367654 0.0024697855 0.721559 0.40912664 0.46350503
0.5657684 0.2689197 0.6984992 0.97817826 0.12450594 0.057819992 0.5382897 0.58698887 0.11836386 0.08402206 0.712346 0.16330701 0.80778325 0.5560056 0.9904338 0.09318587 0.38832802 0.2689789 0.20297699 0.70489997
