0.20303233 0.34074417 0.33356977 0.8366065 0.2165023 0.70727694 -0.018189024 0.5495055 0.27229437 0.23631325 0.4584052 0.3481362 0.62156934 0.55466443 0.027747037 0.79334146 0.5591085 -0.06821295 0.42547867 -0.05654374
0.74415934 0.12309293 0.29161015 0.60664654 0.66217566 0.090084516 0.021642795 0.92657816 0.66547215 0.6326159 0.2966308 0.6947455 0.587075 0.82401997 0.0792781 0.58534324 0.18709809 0.7304432 0.6679004 0.70697916
0.4139932 0.27297825 0.84755194 0.5678793 0.847507 0.87161565 0.959483 0.44483355 0.3589456 0.62206256 0.6512319 0.33243832 0.39457172 0.11592312 0.90940744 0.5922056 0.9172182 0.94141275 0.10680086 0.490301
0.40549824 0.93463856 0.45794776 0.09763241 0.0008074363 0.1900557 0.15245035 0.8398519 0.3095023 0.7655551 0.47765318 0.055120107 0.9341862 0.7653427 0.6571824 0.27823338 0.6130552 0.04066181 0.42569917 0.24002354
0.7316725 0.5086706 1.1198145 0.491061 1.1102915 0.45824555 0.9431408 0.9803864 0.39711207 0.49207526 0.83010083 0.76452965 0.49487254 0.22869 0.16244945 0.9520208 0.44922683 0.3459954 1.0361109 0.25970015
0.18154508 0.5549874 0.2879675 0.090094 0.6765894 0.48563382 0.5574134 0.026263487 0.12199463 0.53399116 0.17382844 0.65831155 0.5590579 0.13791189 0.5089336 0.8641316 0.40459278 0.74244314 0.18860047 0.7410075
0.8347491 0.9152807 0.15007494 0.89796954 0.92983633 0.19501616 0.8895507 0.45894712 0.052487653 0.78907424 0.14434305 0.35955048 0.114461 0.50938267 0.20393537 0.37372085 0.045249484 0.7891683 0.48464623 0.8581994
0.92880356 0.13130558 0.37825045 0.29169783 0.074615754 0.40752125 0.9437474 0.15594418 0.6473178 1.0214677 0.5109921 0.543542 0.0729659 0.9266387 0.14046347 0.14723319 0.080832966 0.47050643 0.26208735 0.5101906
0.050341927 0.88709193 0.1943325 0.7301983 0.7649552 0.103418276 -0.0034431836 -0.009144128 0.508974 0.7906813 0.33622715 0.7155262 0.6168567 0.48638833 0.049081612 0.6308898 0.6668667 0.3714323 0.63202167 0.16425912
0.38312256 0.7906395 0.8727322 0.17603242 0.3351721 0.75913644 0.24968216 0.71819884 0.918834 0.72534066 0.8559336 0.37627968 0.40475664 0.4606039 0.16174293 0.3740689 0.62517047 0.8114823 0.22283567 1.079712
0.42527056 0.23793611 1.0754158 0.16883668 0.50825804 0.6663938 0.15637188 1.0831146 0.83310765 0.41765383 0.5108432 0.96397746 0.9829741 0.80019253 0.7178245 0.4625334 0.72280395 0.80514425 1.0050732 0.261406
0.67358875 0.6393757 0.9025122 0.23912856 0.13489507 0.95224726 0.17057689 0.4912231 0.82417744 0.5375163 0.3978514 0.55221885 0.5261316 0.863778 0.9431775 0.87143487 0.97416043 0.523978 0.03883375 0.21000186
0.7874122 0.43349084 0.30347115 0.22008458 0.75091463 0.53483886 0.6020942 0.33116826 0.41358048 0.9309229 0.44484907 0.6384189 0.6163734 0.11004209 0.5741238 0.059366766 0.74396807 0.68138933 0.18574286 0.64022505
0.07523234 0.8760244 0.0064104195 0.7337057 0.6155469 0.57644737 0.3587808 0.4537851 0.4297575 0.49535558 0.52502906 0.26851717 0.84143263 0.17188624 0.1640519 0.72072446 0.7797721 0.83970255 0.59538555 0.769245
0.6687596 0.84998775 0.24885999 0.61151487 0.14593954 0.7918572 0.53044343 0.6978736 0.7363817 0.21969391 0.7057168 0.7952475 0.79992205 0.64969224 0.5739938 0.5739571 0.91074455 0.19666679 0.93861043 0.039552543
0.4703538 0.906312 0.97541857 0.67027193 0.7626374 0.24763834 0.5420602 0.63269657 0.99584603 0.6353788 0.14849949 0.14042963 0.3628189 0.3369619 0.22762096 0.90499276 0.8948698 0.2633296 0.7880668 0.7115278
0.3653873 0.16169676 0.20310928 1.0485498 0.22522558 0.7016854 0.6119672 0.15942308 0.73641825 0.508906 1.0791767 0.8715428 0.6201984 1.0324398 0.2763872 0.48530293 0.26728317 0.22662853 0.76310295 0.94475293
0.6170286 0.78390783 0.8402356 0.85967773 0.037514754 0.2746177 0.0518532 0.47890076 0.4636766 0.24952781 0.7769395 0.476377 0.20723502 0.7205436 0.48221752 0.9103143 0.8379203 0.7915939 0.31557578 0.07232926
0.04950874 0.8787429 0.77142024 0.3432436 0.8396219 0.61571413 0.030929726 0.51914907 0.432408 0.17311738 0.37329087 0.52733654 0.7435535 0.65340376 0.78588647 0.6468667 0.48268887 0.44965795 0.28742328 0.4821666
0.70227987 0.33935192 0.65600115 0.4040204 0.3578899 0.84626377 0.7531105 0.49896145 0.96396303 0.50248474 0.3823057 0.30500227 0.66137904 0.69999516 0.69820225 0.28900468 0.78805554 0.7327914 0.46597052 0.37542367
0.6697427 0.7001565 0.2490196 0.33884066 0.48430982 0.41969737 0.45960924 0.16731797 0.3620761 0.95888823 1.0956255 0.2748049 0.40240273 0.9168499 0.7110788 0.80842996 0.5496692 0.72151476 0.5953482 0.6228109
0.17022161 0.9743495 0.49657336 0.09870017 0.67653745 0.1822071 0.20918614 0.65775335 0.32729763 0.23174205 0.99099845 0.58111435 0.11815674 0.91191435 0.88851696 0.2757524 0.20237035 0.8502095 0.9858596 0.26351777
0.46236813 0.48708287 0.37500736 0.24837077 0.55461043 0.33146036 0.3380491 0.9966306 0.34361446 0.73434836 0.6670536 1.10716 1.113936 0.4385104 0.41230562 0.27275386 0.73115706 0.27544677 0.53799194 0.89445937
0.52587724 0.16930366 0.4347575 0.72583467 0.7216751 0.39856306 0.82835054 0.029103521 0.20239252 0.5475834 0.80151194 0.27012327 0.17332834 0.56637335 0.21274287 0.9459106 0.6184456 0.28265342 0.0521365 0.27702916
0.49820593 0.5320645 0.94615406 0.92062765 0.14195803 0.4446069 0.8435329 0.62454283 0.74207383 0.66241133 0.7406184 0.6521432 0.6511993 0.1297479 0.54098284 0.5133884 0.8668042 0.14878494 0.46860987 0.46122187
