0.10258797 0.113638826 0.44997254 0.52376896 0.21419555 0.63300127 0.5933883 -0.0014171235 0.88365865 -0.038588107 0.44786102 0.4414387 0.8570252 0.66146874 0.18135434 0.8470305 0.52058256 0.07023433 0.36065066 0.81423765
0.8072711 0.28725725 0.75812316 0.5796423 0.61031425 0.68740284 0.58042544 0.06174296 0.5777665 -0.08225927 0.40992254 0.536883 0.55046535 0.552263 0.27957478 0.16649114 0.74067 -0.008427707 0.77975065 -0.14565234
0.60897094 0.8157325 0.12448954 0.4756443 0.6241898 0.62419415 0.4160241 0.5550241 0.74703455 0.68004674 0.85475403 -0.055337057 0.52252495 0.63361776 0.7310026 -0.05459164 0.65398115 0.62433875 0.19031377 0.3488659
0.12156191 0.702539 0.76114184 0.7747973 0.5083602 0.96101874 0.4034803 0.8182346 0.24322416 0.9705553 0.7737626 0.17559548 0.82996017 0.31495842 0.92718196 0.9852002 0.38124374 0.28972858 0.9776936 0.8314598
0.88655657 0.38510367 0.19997041 0.80448765 0.3556738 0.50087833 0.9364849 0.06823801 0.22397196 0.7714441 0.70165074 0.34288448 0.6710752 0.5137522 0.21500452 0.39981443 0.3191327 0.12838009 0.7248895 0.69861346
0.46099508 0.099753104 0.7616488 0.26569462 0.81388104 0.8361051 0.51191735 0.4075111 0.19716406 0.9700769 0.2716863 0.5829832 0.7652816 0.1745943 0.5007782 0.745076 0.2553681 0.2587999 0.68966746 0.69061965
0.6434258 0.0071786675 0.26485336 0.11115196 0.19819508 0.4951529 0.6705191 0.043123215 0.42145208 -0.09315113 0.4572931 0.6086128 0.22973792 0.52911264 0.40118563 -0.03010588 0.17948678 0.40080193 -0.011353697 0.4307835
0.555631 0.5828116 0.41886586 0.5713988 0.6119787 0.348072 0.5280728 0.67549706 0.42640284 0.46920198 1.0062265 0.66645706 0.5727109 0.36038882 0.8111942 0.51357174 0.85219824 0.86096984 0.5135323 0.18739392
0.3940162 0.1382364 0.03616702 0.73481876 0.688879 0.46753907 0.5466286 0.12642011 0.051222682 0.07966527 0.61916804 0.88608867 0.4253636 0.67014617 0.052946888 0.494014 0.03907829 0.11710565 0.3958996 0.0678952
0.44351676 0.81918913 0.83993864 0.7022383 0.5675983 0.2956398 0.87107164 0.17851813 0.13574827 0.49609685 0.49642116 0.501557 0.11838945 0.045257043 0.8798113 0.34801215 0.7718469 0.67562544 0.67774653 0.07606522
0.4954355 1.0164504 0.38004422 0.3908418 0.22035433 0.46334162 0.7802068 0.3770333 0.360195 0.4238429 0.81584334 0.29148486 0.22132657 0.150647 0.726923 0.26263672 0.7579676 0.2582014 0.87501377 0.9788448
0.68869925 0.17319931 0.2901168 0.77576476 0.44001934 0.18010837 0.17569432 0.52719057 0.83042276 0.7059371 0.5222555 0.04375815 0.513832 0.38405526 0.57526845 0.9198868 0.9168005 0.62908465 0.49309948 0.2812866
0.81202424 0.60080546 0.23691478 0.46526554 0.12852222 0.13735577 0.26127163 0.958943 0.79289234 0.3738374 0.07479025 0.20464084 0.7808148 0.6931019 0.6313195 0.76935136 0.06151357 0.9769779 0.28972203 0.65481544
0.55571 0.72143364 0.45813382 0.31492463 0.010251595 0.49997702 0.58932096 0.35120124 0.5465149 0.46523887 0.33688205 0.42417914 0.6495468 -0.16226393 0.28691387 0.14526275 0.30508408 0.016452486 0.74183595 -0.049970917
0.57086676 0.57131684 0.049941923 0.6503713 0.4421307 0.7341708 0.2691928 0.7824153 0.15694438 0.5304195 0.7455501 0.63233906 0.5961629 0.07039386 0.92829996 0.40739757 0.31258798 0.6301943 0.54766834 0.40209466
0.6828857 0.6152894 0.6975668 0.41566217 0.27480027 0.47118446 0.25573143 0.6381463 0.7698216 0.26998764 0.38758332 0.4164811 1.1346495 0.5778337 0.31415007 0.6154582 0.535462 0.97837657 0.96622956 0.5796515
0.90485305 0.4139305 0.12301597 0.91362625 0.998426 0.50092936 0.16590479 1.037025 0.9307357 0.5762935 0.9743612 0.97377807 0.27096975 0.09082133 0.73229676 0.14108892 0.29798526 0.31000558 0.39164728 0.8322147
0.72505224 0.7749707 0.37275943 0.6327159 0.30627447 0.5278618 0.15631542 0.905696 0.18556732 0.5965406 0.4289746 0.085130535 0.50267047 0.13763808 0.9413298 0.36113805 0.93026793 0.1202119 0.3580583 0.9850894
0.1707812 0.23621994 0.635402 0.64634633 0.77058494 0.9877489 0.49183103 0.25329083 0.4064704 0.63671166 1.0365597 0.1499121 0.22669782 0.600515 0.76170737 0.9896111 1.1216334 0.67762583 0.22220027 0.48739055
0.8012298 0.19583507 0.35136524 0.20970815 0.13881001 0.17990518 0.17206186 1.0412258 0.32582143 0.4869478 0.18913221 1.0262728 0.41331255 0.5343777 0.1630997 0.95881206 1.0417686 0.80175143 0.27952668 0.7135614
0.11660149 0.989998 0.98770016 0.7784418 0.109926306 0.4046304 0.92413425 0.92413455 0.9922921 0.71984315 0.7805974 0.8097513 0.06745035 0.2511312 0.3362878 0.24144101 0.32281333 0.9064754 0.7857623 0.18830474
0.9624448 0.12453825 0.09071108 0.2495165 0.96319574 0.23030932 0.58389366 0.54698956 0.52573735 0.80093426 0.17090133 0.39329395 0.58502316 0.7297519 0.39643008 0.80315864 0.95091933 0.21189834 0.6605199 0.14446123
0.041424822 0.3728993 0.6306957 0.675104 0.016954003 0.2964567 0.339325 0.5597774 0.5601054 0.1440818 0.3628567 0.60173136 0.049686372 0.687081 0.9007867 0.65315825 0.8432229 0.85574013 0.5983062 0.90899384
0.8435554 0.6131167 0.17606735 0.58608854 0.76708204 0.8612128 0.9089889 0.09312285 0.23776573 0.5994552 0.7613198 0.09617788 0.31571853 0.80119467 0.49928454 0.1042017 0.28846794 0.9909156 0.39509752 0.31365854
0.43301463 0.37309402 0.57873535 0.8080594 0.008258363 -0.005458435 0.24249867 0.8123342 0.8193392 0.4763792 0.69314945 0.65483284 0.47866613 0.8239003 -0.053706735 -0.05481959 0.5700136 0.46496716 0.2131896 0.21981567
