0.94433874 0.5813371 0.5112424 0.83686346 0.22410524 0.96798193 0.1916912 0.40009525 0.48767737 1.0374767 0.40086612 0.58626264 1.0062908 0.8996515 0.59412086 0.7372567 0.956471 0.5229679 0.6082999 0.2417982
0.07271659 0.23032787 0.43372318 0.6015065 0.49746102 0.33125594 0.736273 0.9411269 0.80938166 0.7994244 0.47556874 0.74492246 0.8678212 0.8432376 0.52424884 0.9861671 0.99651647 0.23614343 0.9560249 0.57769704
0.8047551 0.39000842 0.6596629 0.6953439 0.5421957 0.32972038 0.23562805 1.0528237 0.61084473 0.6417177 0.17119937 0.46288714 0.7668079 0.97512066 0.40326205 0.36310822 0.29661122 0.74707425 0.3823218 1.1069984
0.3731035 0.73408496 0.44275826 0.9703508 1.0149608 0.9312794 0.8611598 0.80841583 0.088003084 0.6623899 0.92085934 0.36651602 0.6868063 0.2429089 0.7603475 0.8199557 0.9250305 0.8713358 0.25325102 0.14893912
0.753378 0.4320937 -0.09308355 0.75738114 0.7687458 0.22814588 0.79078436 -0.004210518 0.051471375 0.7843592 0.8303537 0.49219388 0.3388364 0.040825777 0.01024239 0.09370415 0.026502836 0.74981725 0.76656455 0.70572686
0.37630162 0.5763495 0.3058962 0.17337556 1.0749183 1.0579073 0.71992695 0.59291196 1.0822824 0.3682558 1.0643657 0.6732236 0.33009118 0.8182412 0.15743192 0.5737261 0.6396115 0.8639143 1.0583051 0.3225593
0.10881198 0.43361068 0.6390383 0.48547095 0.16842665 0.8932781 0.12815282 0.31721845 0.8999816 0.8828122 1.0060518 0.85618323 0.8776026 0.42120206 0.4818512 0.6327648 0.97613466 0.5782711 0.12024416 0.6414693
0.43227935 0.19593978 1.0115709 0.33055574 0.28651008 0.38532424 0.62387687 1.0199454 0.57361215 0.21226396 0.2662542 0.73926723 0.42153814 0.46232638 0.6233654 0.8998111 0.27745524 0.9509493 0.7106963 0.97941935
0.6351915 0.63635176 0.67899024 0.86054385 0.806123 0.3561214 0.45408547 0.9233158 0.73996186 0.45436302 0.5315107 0.22558825 0.3014553 0.3523549 0.9392588 0.79213125 0.9721099 0.46748963 0.152477 0.14491552
1.0587794 0.5102371 0.40133914 0.43366137 0.6561501 0.3807762 0.7706903 0.13956021 1.0539484 0.69167644 0.82563305 0.562186 1.0582923 0.2821247 0.3429777 0.81985265 0.17623496 0.9069124 0.30359703 0.16580752
0.67238235 0.9515145 0.561144 0.29114527 0.23198055 0.58241093 0.31316805 0.36243102 0.66691303 0.24342969 0.7621769 0.7588632 0.83848304 0.7975713 0.6252875 0.4121854 0.30971918 0.6692637 0.24517612 1.0964155
0.93899715 0.9405418 0.38491544 0.46830767 0.37034792 0.7707276 0.66500753 0.6742968 0.14838396 0.9600046 0.5661013 0.14707115 0.79635435 0.16833621 0.21619664 0.3679075 0.074353665 0.93224466 0.92836684 0.86666685
0.896307 0.96721786 0.24941936 0.79311526 0.5885836 1.0543864 0.8708632 0.70434946 0.5343264 0.4011364 0.15715468 0.6323744 0.61348295 0.19858174 0.96603245 0.3225409 0.9655892 0.7366556 0.5378598 0.553909
0.46815377 0.558142 0.7608113 0.41640502 0.46742705 0.8221276 0.09344134 0.39009762 0.25315544 0.46681467 0.40972948 0.8900509 0.85356784 0.622423 0.78603995 0.91040295 0.82928747 0.863744 0.23832999 0.32121995
0.4761753 0.619115 0.5306672 0.44101048 0.48861033 0.3895859 0.76141477 0.5325294 0.8336691 0.9126465 0.51923096 0.61009085 0.19137157 0.28562006 0.2136205 0.94424653 0.33715364 0.78702945 0.95427185 0.8180091
0.8373472 0.87827265 0.581886 0.7821569 0.6804992 0.944614 0.78653884 0.71137166 0.08305324 0.8548804 0.46611488 0.11240184 0.3473201 0.35972586 0.8438909 0.1590764 0.8471439 0.08276456 0.81455576 0.4084128
0.2880206 1.0945265 0.31976622 0.18620512 0.6929155 1.009979 0.31103158 0.8508639 0.7823662 0.58362454 0.20407091 0.22724406 1.1083931 0.6295373 0.5026273 0.77972883 1.0494297 0.9154435 0.96438897 0.26300234
0.7977823 0.5744539 0.28980193 0.553102 0.92284125 0.5035687 1.0742291 0.27326465 0.27636093 0.297479 0.2502622 0.26395398 0.9209459 1.1480145 0.70068043 1.1955949 0.83367705 0.433638 1.079568 0.3494089
0.3481155 0.5068057 0.68200123 0.17701812 0.85912424 0.21670792 0.22378121 0.15868314 0.20938891 0.45082435 0.8114566 0.462693 0.11058128 0.53047085 0.21526656 0.82626534 0.80697554 0.91920227 0.5987304 0.7897421
0.610947 0.46188888 0.11454039 0.67922586 0.57141024 0.05379642 0.06556025 0.19061723 0.16802266 0.613178 0.44244763 0.5275931 0.8894295 0.9545858 0.6474063 0.87710476 0.42074844 0.6714944 0.78861463 0.2893921
0.96287584 0.7000119 0.99047 0.30369046 0.3833009 0.8450919 0.97399914 0.17860834 0.34013686 0.5826642 0.73199064 0.14108856 0.1489104 0.25540474 0.687023 0.3003452 0.5205237 0.9174554 0.7888568 0.709834
0.4327795 0.70961636 0.8222855 0.9351289 1.0434366 0.2741073 0.8574358 1.0241492 0.41869587 0.7974128 0.6890554 0.23287907 0.7404284 0.38847637 0.83523184 0.8652185 0.31210712 0.40575486 0.6933211 0.31903535
0.25258824 0.8861899 0.36735374 0.40908563 0.42806077 0.46320528 0.92019147 0.4992702 0.36183763 0.3540876 0.7804217 0.5621496 1.1145247 0.32814607 0.9969035 0.9250627 1.0317689 0.2786375 0.8597863 0.8194854
0.108914346 0.40723413 0.29348922 0.44812855 0.5032845 0.9088291 0.23008883 0.5626455 0.74010414 0.204803 0.34575954 0.60112715 0.73072296 0.8046448 0.9524764 0.66558546 0.46342677 0.4285599 0.19396608 0.389183
0.9185219 0.5266998 0.6000143 0.28074884 0.609972 0.40743542 0.55663604 0.860552 0.38483804 0.3295566 1.0705236 0.5064231 0.5088557 0.5996543 0.8998661 0.71056247 0.76352787 0.9386614 0.31145915 1.0941556
