0.30680427 0.9918294 0.92283875 0.26885816 0.86746085 0.32320416 0.6701344 0.5697806 0.58446014 0.836594 0.5463189 0.45293355 0.29024792 0.19089307 0.8022601 0.5689523 0.57891804 0.8547084 0.5804241 0.44844353
0.41671985 0.16678083 0.4646654 0.5680193 0.5093235 0.69998455 0.78915334 0.17126453 0.34753674 0.074516974 0.66119397 0.79751086 0.55323005 0.502256 -0.12968881 0.5403538 0.7980297 -0.021983614 0.7820843 -0.1300579
0.53776854 0.31213817 0.37081462 0.49612814 0.8843556 0.3677111 0.09931615 0.3105696 0.1427779 0.43215004 0.5004491 0.17849965 0.7927013 0.83125395 0.005501071 0.8758995 0.28007516 0.61571443 0.051790625 0.46882617
0.75630265 0.26990756 0.7407485 0.7606753 0.6030158 0.9653778 0.12842712 1.0342695 0.32083228 0.3606767 0.29381955 0.40315732 0.46281704 0.6105364 0.9685246 0.42054644 0.7821825 0.16575356 0.6451385 0.7431442
0.39621422 0.68239725 0.12662034 0.6508012 0.52537346 0.13318518 0.79675436 0.6823416 0.4552801 0.43374705 0.30579162 0.18293728 0.65415376 0.33714843 0.056181807 0.14246854 0.55208045 0.79259175 0.6905881 0.16346683
0.09410454 0.963823 0.47043166 0.9791992 0.64180464 0.7053637 0.67648476 0.65820444 0.4780899 0.6265508 0.84586614 0.043328576 0.349654 0.7908847 0.80346614 0.61332273 0.3220096 0.45937473 0.12913674 0.8913505
0.3811263 0.5979486 0.3245693 0.5836773 0.099698186 0.13740984 0.36373356 0.35151258 0.21304898 0.6108223 0.7145484 0.5880946 0.25437403 0.19237903 0.3846684 0.6597539 0.5214417 0.12744278 0.93504465 0.47021466
0.70020163 0.82935184 0.73218507 0.5791494 0.41250977 0.5336362 0.8485048 0.77204084 0.20454909 0.31833038 0.21862973 0.96903247 0.24860857 0.2409511 1.0254177 1.0228695 0.16860647 0.8910221 0.1980708 0.5561472
0.5939413 0.72791237 -0.024767758 0.6804903 0.3365849 0.7352155 0.16209328 0.37214133 0.7631175 0.3257869 0.30341688 0.13074036 0.4077147 0.17150234 0.67809314 0.22671081 0.9138607 0.46639884 0.45736608 0.09552277
0.76950324 0.87292165 0.73580825 0.24910459 0.47804844 0.1738929 0.63923424 0.35732394 0.96262157 0.26022837 0.14851929 0.73655635 0.5949728 0.366225 0.41761234 0.7125643 0.7067396 0.983435 0.3191943 0.829462
0.23166007 -0.028938368 0.6571632 0.76711345 0.23938347 0.31784874 0.7594245 0.30222818 0.36438483 0.35241482 0.69843155 0.048893668 0.62341106 0.22327267 0.7127355 0.76960516 0.5925311 0.49576712 0.448543 0.22106229
0.8419804 0.34488875 0.101170726 0.31287903 0.24515396 0.6901282 0.95868754 0.3916296 0.96976954 0.6936774 1.0086701 0.5248591 1.0065314 0.53852 0.9231789 0.12927711 1.0178456 0.27127054 0.05844904 0.22526123
0.1761941 0.61696 0.24260266 0.52940106 0.16230056 0.49388438 0.8625664 0.6364208 0.35752356 0.6265892 0.9269016 0.8519186 0.24799371 0.23071618 0.6835091 0.14072618 0.29628754 0.5641476 0.65685755 0.78384185
0.22659896 0.68654615 0.53778887 1.0719696 0.58212656 0.97056425 0.15677907 0.8860379 0.80517584 0.75318277 0.67238325 0.3245894 0.12746015 0.57767034 0.1283207 0.8403402 0.80757445 0.32003614 0.6134935 0.40666538
0.7380585 0.28613347 0.18023778 0.9076793 0.03259308 0.6045794 0.158741 0.87002426 0.76043826 0.5244809 0.32819626 0.22785023 -0.00039220197 0.123039685 0.6124152 0.45273477 0.045869105 0.47990653 0.76248044 0.51944274
0.9557719 0.7334828 0.8688673 0.788994 0.6997895 0.24198586 0.49775383 0.62099946 0.8296347 0.11822117 0.34225783 0.35612386 0.26092255 0.971687 0.37495267 0.30493793 0.14276047 0.33541703 0.3720351 0.16369218
0.19238451 0.9303821 0.21744317 0.58690363 0.53305346 0.45381528 0.7279548 0.14478165 0.4321126 1.0273762 0.96664673 0.19195572 0.9705449 0.28251365 0.39562836 0.74628705 0.6974282 0.63339907 0.3496071 1.0579948
0.2101852 0.30705658 0.08635299 0.76717997 0.4733234 0.35783017 0.15674664 0.8403701 0.15170218 0.8016934 0.048658494 -0.016605152 0.8845239 0.6192568 0.49934456 0.10570655 0.6604011 0.6904344 0.21374841 0.7635435
0.9856233 0.26434976 0.2797089 0.39596015 0.90840775 0.7290828 0.9139175 0.90609485 0.94686556 0.07433026 0.67217433 0.31949598 0.9073143 0.63238895 0.8298759 0.5556918 0.72064734 0.5980007 0.6340029 0.33711743
0.83170635 0.35452747 0.9016111 1.0551195 0.56013983 0.17520414 0.24232754 0.8938444 0.90908515 0.37230495 0.23587205 0.69635713 0.61796045 0.09433557 0.98740196 0.3738441 0.48787355 0.77817905 0.19673729 0.85398644
0.16127537 0.19224674 0.85326016 0.3455728 0.150066 0.5777876 0.7479096 0.6442102 0.33260295 0.78000003 1.0049084 0.23645504 0.52352244 0.078142695 0.5440044 0.99234253 0.7002858 0.7929464 0.090295516 0.38194308
0.54005146 0.17595792 0.6127028 -0.022159437 0.49982572 0.4852386 0.2918573 0.28455 0.7907436 0.5199372 0.5001863 0.66005415 0.6837885 0.7805293 0.3791172 0.7942954 -0.042523608 0.45973784 0.2991098 -0.016972452
0.8462739 0.834138 0.9925375 0.18074639 0.09899448 0.14954878 0.2998794 0.92611116 0.94295675 0.34870207 0.6147026 0.26294857 0.5307921 0.67588377 0.95961905 0.80358845 0.75210524 0.11823613 0.24859743 0.91521955
0.06983954 0.5397616 0.5172995 0.94590735 0.03204594 0.38352117 0.9539393 0.9373163 0.5868003 0.8724339 0.603573 0.89366883 0.115334384 0.7260982 0.45724165 0.09606574 0.46920753 0.49411213 0.2890494 0.24018738
0.39615503 0.5190541 0.30231532 0.51116896 0.9088651 0.15154518 0.31720892 0.4653921 0.87579095 0.8636745 0.93934107 0.36135015 0.72992706 0.22489539 0.54329187 0.8871459 0.6365403 0.4585807 0.39210188 0.91846335
