0.095239945 0.31927758 -0.012486563 0.8268367 0.14763586 0.813247 0.33950254 0.41351065 0.18967165 0.60307676 0.46337536 0.41051775 0.3593831 0.06505563 -0.034768146 0.1989522 0.12835136 0.51815087 0.668663 0.6224109
0.88465345 0.5361126 0.7596012 0.011585525 0.9354609 0.43620604 0.8115699 0.954713 0.08132116 0.87732315 0.9261707 0.5448376 0.17760694 0.6579715 0.27608705 0.24398243 0.6121574 0.57376754 0.6177469 0.791243
0.8951273 0.58360374 0.4790392 0.38479745 0.76559186 0.22436914 0.3346236 0.32489225 0.46829668 0.6936551 0.38053524 0.9185461 0.31265962 0.37790564 0.09320578 0.97283673 0.7661758 0.6989434 0.9474229 0.9114697
0.16532595 0.61873585 0.8929996 0.27908593 0.6578586 0.63235533 0.5636952 0.5602409 0.8955805 0.666512 0.23396885 0.12679358 0.06650655 0.16484277 0.24703336 0.82279027 0.41462108 0.8244702 0.647237 0.63579637
0.57223356 0.7654567 0.8159669 -0.039806943 0.82011807 0.74979514 0.7824257 0.7725103 0.029743055 0.17697075 0.25842303 0.8076479 -0.118043005 0.8060653 0.84026253 0.6719225 0.77472836 0.16238144 0.1930872 0.3915298
0.38178504 0.37768358 0.59830534 0.49077168 0.86890686 -0.039199144 0.2716044 0.85638463 0.7975476 0.5139869 0.6076267 0.19789788 0.71735513 -0.055817936 0.8144727 0.32466614 0.32788634 0.68673337 0.51662564 0.85803753
0.77389896 0.18912584 0.646116 0.81472677 0.43888295 0.55112004 0.82086694 0.27494586 0.49740353 0.6757675 0.33811063 1.1329749 0.77983147 0.19969799 0.24428613 0.28843537 0.3825719 0.80802417 0.21117896 0.22559516
0.85453075 0.5433615 0.38697377 0.56955147 1.0180612 0.4865411 0.47135365 0.38009638 0.3510238 0.12302696 0.73438823 0.9916407 0.35962844 0.7214057 0.5400102 0.49636626 0.51659256 0.1976048 0.4165306 0.12857944
0.4437562 0.28330448 0.708816 0.38742477 0.60860145 0.4852614 0.34957582 1.0153148 0.38420057 0.892387 0.7849244 0.9387804 0.4256557 1.0132307 0.5161375 0.60502744 0.7965261 0.72737163 1.1142342 0.2477356
0.280607 0.42442274 0.7387542 0.33985206 0.3062213 0.049066506 0.8632657 0.871082 0.60682195 0.9770539 0.9780863 0.15075262 0.75157344 0.08854262 0.018442696 0.24519174 0.9681882 0.49179697 0.2637245 0.82947975
0.3367802 0.28982803 0.13901125 0.36093077 0.74529535 0.27784535 0.41570807 0.5050739 0.35266227 0.9030872 0.17462115 0.24095498 0.35661206 0.73467207 0.40581357 0.6303011 0.96283317 0.7406628 0.87023556 0.51960117
0.9554163 0.6402569 0.8765932 0.040446598 0.35553756 0.55299896 0.10761455 0.42389476 0.70729697 0.6248963 0.6530208 0.46915942 0.5679134 0.94559765 0.7937681 0.80079854 0.41894686 0.060949266 0.79915017 0.69312316
0.9727086 0.36717167 0.8876791 0.2515347 0.8647863 0.49913138 0.20057575 0.5895699 0.9926781 0.22977012 0.19986895 0.69492584 0.35014337 0.7947673 0.7987609 0.27858195 0.42655587 0.71569085 0.9811363 0.46069646
0.22090177 0.78735965 0.2637602 0.31816643 0.6107765 0.093532674 0.27357054 0.55037504 0.61056834 0.56119627 0.44954458 0.052142236 0.034904316 0.59824556 0.5976878 0.043113273 -0.0073815626 0.61203754 0.4192873 0.32378867
0.5508864 0.22035709 0.17912939 0.2923496 0.4122629 0.29362833 0.3016014 0.7544395 0.67727184 0.44976872 0.48941374 1.1060814 0.35973978 0.8334009 1.1042752 0.5743859 0.5525483 0.8700396 1.0575595 0.19314258
0.6019276 0.84718674 0.4619868 0.40792364 0.9704918 0.622938 0.6466872 0.60744596 0.80578804 1.0314575 0.7884302 0.9511937 0.13564873 0.5569492 0.46730027 0.37647548 0.8969867 0.39883047 1.0194625 0.15872738
0.36419973 0.9804896 0.24163109 0.2868715 0.42403647 0.76021564 0.9077767 0.09659812 0.93606794 0.38417783 0.4918467 0.8170468 0.12849982 0.6136543 0.086437404 0.5585818 0.7799916 0.47176787 0.6597091 0.12500452
0.8843622 0.21315253 1.1287881 0.30481917 0.42853054 0.38933426 0.33647808 0.35703793 0.91768414 1.0169657 1.134016 1.125654 0.5771022 0.22088288 0.6736494 0.5059664 0.46699208 0.550141 1.1325419 0.48558086
-0.027262868 0.70981616 0.6793271 0.60286194 0.6731655 0.68292946 0.2227976 0.31382313 0.81885976 0.24817024 0.3592719 0.8637827 0.5687218 0.5432447 0.4067749 0.19013289 0.101578675 0.89875734 0.6225299 0.6455591
0.69204783 0.8257004 0.5178024 0.77896476 0.41132396 0.64438295 0.6531137 1.044451 0.6941773 0.61521274 0.23962066 0.26544076 0.31140706 0.95184207 0.7508759 0.7255416 0.93105656 0.32694206 0.49358776 0.9576081
0.973301 0.37848386 0.3664085 1.0556419 0.5089155 0.21665317 0.21617426 0.6825171 0.6529398 0.9893417 0.68092173 0.6825166 0.46686596 0.53209823 0.7865179 0.75248456 0.37061143 0.43904224 0.39780027 0.16090861
0.7743482 0.6512874 0.55655533 0.95788264 0.80996096 0.40431374 0.22098044 0.8680194 0.7783205 0.8329512 0.36820886 0.234927 0.68071216 0.41607717 0.65659887 0.31987697 0.62881076 0.8563219 0.3434313 0.10996647
0.25087062 0.16295364 0.8886245 0.83154887 0.18118168 0.7329579 0.92443955 0.81866074 0.82872635 0.14626043 0.5392867 0.8255238 0.28870687 0.65521556 0.5427279 0.18868884 0.37543076 0.29151377 0.5531379 0.16706856
0.42175034 0.8040547 0.92232454 0.24645434 0.4021284 0.3119638 0.6904019 0.54573536 0.75549436 0.5601334 0.0781107 0.24497359 0.120736934 0.904901 0.6737415 0.41956708 0.830407 -0.013664053 0.47369727 0.5191319
0.5393766 0.08544914 0.8714678 0.70818275 1.0142341 0.66604334 0.14442123 0.25043258 0.92994505 0.91570896 0.571214 0.60246384 0.7825921 0.29620725 0.9226666 0.5233809 0.6093109 0.18276799 0.6170981 0.25450152
