0.5999685 0.77565306 0.34137526 0.84898335 0.53484255 0.5457449 0.51719123 0.26020306 0.92505974 0.6634789 0.8765213 0.41831705 0.42402706 0.8331205 0.08748682 0.08614742 0.10511319 0.11316569 0.9350619 0.3304962
0.18230711 0.3359913 0.7634853 0.37987947 0.6981907 0.2964324 0.3752777 0.34443888 0.55857205 0.4697739 0.7233329 0.26559016 0.29316664 0.79516816 0.8629021 0.47697902 0.6253312 0.5464797 0.55638516 0.713931
0.2256804 1.0424725 0.49561808 0.8931217 0.94839996 0.36766353 0.5934826 0.11494795 0.9283239 0.3537111 0.2092074 0.4742856 0.82303923 0.31257728 0.8178639 0.8937356 0.96872914 0.2783166 0.20384066 0.44137102
0.15578853 -0.106086746 0.47891453 0.219087 0.45707604 0.5625001 0.72011137 -0.00012781932 0.5006139 0.648572 0.6200578 0.46416414 0.15735605 0.27985686 0.7087577 -0.069698535 0.6296139 0.47166777 0.25768408 0.11353952
0.6180399 0.12986149 0.48388186 0.6362348 0.044987045 0.8362216 0.8258938 0.61479014 0.17890134 0.14326464 0.15033972 0.42911848 0.44235823 0.39786184 0.02436101 0.85174745 0.937945 0.20998788 0.12668842 0.5810785
0.37279412 0.16688493 0.6687835 0.8732948 0.95186555 0.042916786 0.6613999 0.46320093 0.75430876 0.52582246 0.8297114 0.0822374 0.9158024 0.64676 0.74076957 0.78744364 0.65131354 0.6439703 0.37829277 0.44061378
0.42820287 0.3699598 0.07060575 0.29554746 0.4894199 0.40355468 0.9064695 0.41748407 0.64245796 0.37820017 0.8385237 0.78681165 0.29555944 0.29832458 0.6533791 0.40256366 0.84092945 0.35883197 0.8799779 0.25985572
0.46501136 0.87034595 0.2808617 0.84660393 1.0176991 0.70963824 0.54857975 0.30253452 0.9145057 0.14001474 0.68307275 0.82192874 0.4166655 1.0460281 0.6238161 0.9125713 0.4991009 0.3507209 0.7249436 0.51196325
0.20248297 0.38939914 0.65853083 0.9323554 0.9145951 1.0377351 0.42040062 0.7357177 0.2153886 0.24395172 0.6440738 0.547182 0.7826416 0.77236396 0.3958632 0.8441086 0.43374428 0.4085647 0.8323922 0.17022134
0.47736245 0.7881141 0.82394624 0.8928251 0.6610094 -0.012016407 0.38048255 0.7778631 0.87810296 0.20484097 0.6115853 0.53157985 0.059160963 0.80576086 0.085432105 0.3395878 0.5406433 0.3695106 0.050256457 0.64978296
0.94078505 0.9053972 0.26577958 0.49897164 0.4343245 0.71809846 0.49211517 0.26911768 0.8097862 0.14725646 0.9152929 0.1743735 0.30677858 0.24408391 0.40971234 0.79127264 0.9494258 0.45327058 0.35707134 0.17981909
0.38036987 0.3467323 0.4419444 0.6756952 0.70925456 1.0173101 0.20975687 0.102640115 0.38802922 0.13254955 0.9190259 0.1894194 0.6571926 0.71029973 0.93708766 0.4882457 0.58191246 0.297801 0.205896 0.67888415
0.9656076 0.74420273 0.23270659 0.34951743 0.2421134 0.5882169 0.63907635 0.9080743 0.22384673 0.323155 0.2363115 0.28983414 0.9739808 0.68868387 0.8003076 0.8449914 0.9149927 0.21693037 0.21649903 0.9066584
0.12465831 0.6614404 0.43791005 0.9400364 0.52708787 0.7653034 0.90874624 0.5141263 0.49366015 0.48967606 0.09371642 0.31941167 0.25664896 0.4054259 0.9389354 0.25916818 0.3684574 0.8886861 0.63735396 0.18796247
0.7403932 0.26073307 0.84654313 0.7040509 0.1586889 0.77420783 0.7655533 0.80943805 0.12409062 0.50876904 0.13863088 -0.07458123 0.83987653 0.56902885 0.17627737 0.050380453 0.36375743 0.35723916 0.187524 0.3695597
0.120553195 0.78552586 0.0711228 0.74532413 0.47031188 0.8567786 0.846653 0.18561156 0.39149988 0.7467553 0.9275595 0.9178336 0.26550975 0.21612485 -0.003074048 0.37616545 0.24119017 0.6811754 0.7093753 0.50958556
0.40675342 0.45069587 0.32285577 0.43274528 0.2021408 0.9354092 1.1296083 0.21787268 0.38930798 0.9246956 0.9314017 0.49740317 0.94180286 0.69010085 0.9148838 1.0019327 0.49098465 1.141534 0.6475099 0.24225321
0.8051211 0.4192124 0.6171647 1.0075173 0.83303344 0.72972083 0.3445114 0.7587292 0.08064245 1.0364769 0.9974399 0.91211164 0.31333762 0.18999182 0.2409008 0.20473076 0.80038625 0.8236694 0.1637566 0.3841555
0.9594129 0.645518 0.52171797 0.4168442 0.8028871 0.37120414 0.74321437 0.13196877 0.8445495 0.34814492 0.26334926 0.6129751 0.15845357 0.4448231 0.5328184 0.47361583 0.13208213 0.8317442 0.7356865 0.10162194
0.37286708 0.5398605 0.6245616 0.23470648 0.6802779 0.3360662 0.4283312 0.011816468 -0.04849598 0.16948521 0.29025844 0.50288934 -0.045378022 0.38953453 0.4579644 0.016733538 0.85268277 0.4604002 0.36756203 0.52303964
0.5613158 0.39652464 0.6891809 0.18976843 0.5722939 0.14527982 0.6570764 0.12949224 -0.049940802 0.6423232 0.688945 0.6257289 0.023129953 0.10218545 -0.038321927 0.43724462 0.36179927 0.5574602 0.06743289 0.6763118
0.90547806 0.6095056 0.3362141 0.56258225 0.6215738 0.48178664 0.22479646 0.42970017 0.7677417 0.28805718 0.7940957 0.99191236 0.59421813 0.36962426 0.2960882 0.33438763 0.23436922 0.42164505 1.0554389 1.04913
0.7653292 1.0316881 0.6406757 0.4283659 0.27199018 0.52884525 0.70868003 0.32428622 0.95512986 0.5373389 0.38766858 0.49767846 0.5019028 0.45153043 0.32083383 0.97134197 1.0549887 1.0826638 0.27595034 1.0103862
0.65704775 0.2630863 0.47359174 0.84866333 1.0682287 0.6378498 1.0062964 0.18331325 0.6543885 0.3242172 0.43065852 0.5785111 0.67542326 0.8513578 0.2825368 1.0059856 0.9201919 0.6628365 0.22397776 0.9614242
0.3361854 0.3841802 0.40471116 0.26791847 0.26433852 0.50142545 0.6568749 0.65575916 0.61125004 0.7214611 0.46059206 0.38846537 0.0073493565 0.8596368 0.36780086 0.6354546 0.06309273 0.44355038 0.7035717 0.022721708
