0.9936681 0.18725485 0.23076938 0.6884692 0.42376503 0.37806946 1.0815248 0.582393 0.67422825 0.18968049 0.18963957 0.16615644 1.0297092 0.6454306 0.36891627 0.92308986 0.58024055 0.8724428 0.5981967 0.5284649
0.27802 0.51294684 0.87363756 0.48266023 0.6686358 0.37228614 0.38813844 0.8580857 0.42486802 0.7540885 0.50243753 0.14668337 0.47225508 0.37861142 0.39734235 1.0091668 0.29241106 0.572176 0.3823856 0.4999106
0.64345026 0.7939607 0.8836713 0.6906923 0.21174495 0.42880383 0.14723475 0.45258766 0.8493825 1.0279751 1.0063769 0.38268515 0.44067025 0.5128855 0.13161546 0.7469283 0.18362987 0.44015136 0.8223828 0.65283364
0.1958203 0.8915652 0.43445617 0.33675915 0.70322096 0.25648993 0.19407022 0.1079875 0.25476742 0.89352167 0.58226925 0.33365655 0.30389512 0.8339446 0.72019243 0.9810899 1.024644 0.43293747 0.26323813 0.25726825
0.42554957 0.81231123 0.5278848 0.13805075 0.7697438 0.97393167 0.9185738 0.56422746 0.1412506 0.28775874 0.43564376 0.98784536 0.69336194 0.7777306 0.8287097 0.73474365 0.2612176 0.16923076 0.5920182 0.61914593
0.49520347 0.8004406 0.8303562 0.95658916 0.8248894 0.43755743 0.29320276 0.17721641 0.74073523 0.49062148 0.8523186 0.3813835 0.6221217 0.93417275 0.97918165 0.8806642 0.13123628 0.74330103 0.63439596 0.5494861
0.10879836 0.74113417 0.19836496 0.78185934 0.55562854 0.29017344 0.16491212 0.793677 0.5765958 -0.0040042773 0.56493044 0.18255937 0.23051889 -0.027641982 0.35231274 0.73482347 0.7243831 -0.08781156 0.48966488 -0.0085983835
0.50536174 0.8297951 0.3803785 0.9697773 0.8309978 0.81173784 0.40548596 0.87216854 0.23214516 0.32962233 0.6820566 0.13007818 0.41845286 0.30050394 0.95670867 0.423558 0.46682182 0.51950496 0.48440447 0.78215665
0.33924052 0.52696514 0.24098103 0.5297714 0.8470563 0.9424478 0.95419264 0.12012861 0.8973965 0.9519765 0.5916737 0.8542159 0.19451874 0.92332804 0.9038034 0.9536918 0.22894248 0.8731022 0.15152028 0.7743219
0.76622397 0.887331 0.86178523 0.7489555 0.8262624 0.8546447 0.40565735 0.39218393 0.8748674 0.17998841 0.83603877 0.89678234 0.21430257 0.43472227 0.21420448 0.47055188 0.90294206 0.20233555 0.17061912 0.22516559
0.10483172 0.7975002 0.5152651 0.47003007 0.3855011 0.27858767 0.9055899 0.73674536 0.7052961 0.8286905 0.20214601 0.48476383 0.1723437 0.7965418 0.8765082 0.80214244 0.060264997 0.40950844 0.1625738 0.3396965
0.9025794 0.3255423 0.5336031 0.5346789 0.30844605 0.6263383 0.42475438 0.9763534 0.21105753 0.9747481 0.5600746 0.8041911 1.0584825 0.930618 1.007186 0.3358211 0.30074248 0.7558537 0.722133 0.39370108
0.37728468 0.19273996 0.91205555 0.91669726 0.76895356 0.14167045 0.98814154 0.11025653 0.34464508 1.0225391 0.9331715 0.13268901 0.552599 0.57347465 0.084971555 0.5643309 0.33248383 0.6520668 0.18141979 0.49353692
0.7783586 0.868433 0.81698775 0.21861848 0.7162286 0.2761639 0.21809879 0.7197543 0.39817113 0.8077962 0.2708516 0.35772553 0.6108922 0.043026775 0.37069076 0.7962054 0.5120839 0.32141277 0.7985633 0.2636282
0.83581734 0.14288452 0.7265054 0.65522426 0.55833286 1.0052956 0.4949094 0.7968936 1.0427743 0.39938915 0.93072325 0.2154801 0.7311448 0.32543996 0.3624415 0.5830761 0.9095093 0.9641558 0.4774993 0.7141119
0.3062544 0.15198582 0.4871322 0.24953608 0.9695368 1.0252515 0.110483244 0.15943357 0.34267563 0.47316587 0.58145326 0.8383462 0.55816096 0.77689636 0.62439966 0.31331176 0.37913406 0.5115715 0.31702432 0.96396697
0.10622889 0.7995068 0.41418648 0.6442104 0.3655353 0.2861413 0.58807313 0.5881794 0.5069732 0.9797344 0.4508905 0.9540791 0.6465166 0.6309456 0.3762058 0.7656924 0.2582999 0.73924804 0.724041 0.6827206
0.8898375 0.58898294 0.67601836 0.5953143 0.5798303 0.8274432 0.05190251 0.1274805 0.6932376 0.72609645 0.8520179 0.58184934 0.7315294 0.07862219 0.8364018 0.77203035 0.7080223 0.8620109 0.0028040812 0.39283186
0.6429306 0.40445742 0.26090214 0.22477993 0.25354964 0.19308063 0.3707439 0.34530592 0.7795006 -0.058264926 0.7031445 0.52706695 0.38733643 0.65993285 0.42091036 0.5319394 0.38143772 0.5315392 -0.01990296 -0.09088727
0.7181114 0.6793695 0.680531 0.2848331 0.95298994 0.8784996 0.50067097 0.3541708 0.82505256 0.8732203 0.24829216 0.106108606 0.53840333 0.040099688 0.2117742 0.28870013 0.24887125 0.5167778 0.3215446 0.7384089
0.54718816 0.32104138 0.95058423 0.8179642 0.2927904 0.5300761 0.08427738 0.5917308 0.44797516 0.76052266 0.6527525 0.83536243 0.45858562 0.8164561 0.08838109 0.6665857 0.14929068 0.6596458 0.052672215 0.25536802
0.79621893 0.57675874 0.9705655 1.0834633 0.21267906 0.7120707 0.8255977 0.5334552 0.23150757 0.8400147 0.6278865 0.6217023 0.6682088 0.45559186 0.61539507 0.19477743 0.88113093 0.7512495 0.64036715 0.5238006
0.79507256 0.94446987 0.9513306 0.23475674 0.5798658 0.88792056 0.14753532 0.4877399 0.45250207 0.4001911 0.8516224 0.30495036 0.88008225 0.18097492 0.26139775 0.34122914 0.85331917 0.67940265 0.32782993 0.957541
0.7759824 0.54703355 0.2576864 0.16581194 0.49069327 0.2010099 0.44077584 0.9452896 0.4475963 0.81452715 0.31246895 0.6826736 0.2456494 0.10653396 0.80487174 0.35806054 0.19627397 0.9043593 0.5812046 0.8789265
0.65728986 1.0070871 0.23158568 0.22153303 0.72492963 0.6130039 0.5186367 0.750379 0.4705665 0.1622362 0.7404552 0.9917138 0.36934915 0.21599594 0.8473506 0.22213489 0.8391446 0.7665149 0.64465255 0.40720907
