0.93821543 0.7078222 0.45651615 0.183881 0.9933062 0.28651807 0.90135175 0.53079593 0.26286077 1.0099726 0.24347831 0.33569252 0.15063977 0.31490353 0.68071604 0.76592696 0.9493686 0.40207905 0.75991523 0.5156613
0.6893497 0.9004947 0.9338938 0.7741734 0.80191326 0.12661807 0.32815376 0.7378736 0.3717047 1.0194912 0.25318566 0.08109211 0.327955 0.5887615 0.8187324 0.40039784 0.79711455 0.7180894 0.4806387 0.20463304
0.3530522 0.2953871 0.58944595 0.5142642 0.18148415 0.7146832 0.25281027 0.931102 0.20121995 0.3699978 0.8602546 0.22348276 0.068132624 0.8124213 0.36798093 0.36889902 0.71252316 0.73296666 0.83084613 0.56166625
0.00094406994 0.23301992 0.63969755 0.16458994 0.34738937 0.516175 0.37833342 0.4586624 0.5854212 0.79258096 0.83866715 0.030304821 0.61932534 0.035491955 0.09633848 0.56403 0.56904644 0.0064691794 0.0970298 0.15391189
0.8295132 0.48727918 -0.09145961 0.7356526 0.11110536 0.77847147 0.77619237 0.64063704 -0.013623279 0.8034893 0.2973538 0.20117483 0.039300893 0.3810241 0.084647186 0.20782386 0.13459675 -0.01935626 0.7666198 0.101441585
0.69261026 0.5090105 0.77772325 0.04768323 0.5056041 0.64397395 0.090602376 0.10801745 0.6775653 0.9012628 0.5003007 0.21470411 0.7315429 0.025064174 0.5724494 0.15607773 0.5364609 0.88948387 0.17932618 -0.015468103
0.14834408 0.5299971 0.4252164 0.6512655 0.21275222 0.8828079 0.5268187 0.23339501 0.819257 0.5880838 0.65073985 0.6547407 0.8412849 0.4581796 0.6209776 0.12003206 0.26519066 0.23075353 0.92998785 0.0654758
0.37379333 0.4403921 0.10928988 -0.055324942 0.59442157 -0.045049775 0.20216961 0.12610914 -0.009057498 0.7009226 0.76673377 0.009984114 0.34861574 0.80483186 0.6844172 0.63538194 -0.044224788 0.5879835 0.4726035 0.4326671
0.8627767 0.27186528 0.82397926 0.20149532 0.8048615 1.113496 0.6893747 0.5951897 0.50817496 0.16825548 0.36152512 0.3155227 1.0370597 0.9516511 0.6948427 0.19551344 1.100787 1.1099036 0.1938776 0.6064679
0.5250719 0.96703035 0.30193558 0.8778666 0.15383498 0.34384042 0.1515712 0.64304465 0.41032526 0.79001856 0.40883893 0.6053318 0.65243894 0.17229873 0.06938019 0.1921462 0.8501161 0.9747474 0.47776875 0.6727294
0.37678304 0.29863587 0.53160447 0.7894009 0.8587356 0.598299 0.65786374 0.6583993 0.9359093 0.8311472 0.8498126 0.19154213 0.96337795 0.1987848 0.6420571 0.3706228 0.18051398 0.7745146 0.101033635 0.5355419
0.7025737 0.023979232 0.633743 0.82615703 0.4393759 0.71871084 0.1625743 0.35856256 0.81082845 0.28624406 0.32007235 0.9254516 0.46606183 0.4012282 0.56255513 0.067142464 0.8441694 0.5690886 0.41583833 0.58727926
0.34090945 0.73445237 0.01000373 0.60544205 0.29071012 0.74110514 0.81636786 0.7564 0.44439253 0.5510866 0.012388604 0.415647 0.54824513 0.07457002 0.1442596 0.77051973 0.49987993 0.38297403 0.19517434 0.46168837
0.82642734 0.8036847 0.90854377 0.1631591 0.7628175 0.9723332 0.56711364 0.6606222 0.43013474 0.44386458 0.118503824 0.87788135 0.93773985 0.13992551 0.13008386 1.0255557 0.73038816 0.21442734 0.1385524 0.493539
0.51409936 0.6687682 1.080202 0.36732638 0.6631955 0.53425807 0.5990176 0.81553197 0.22781967 0.47488585 0.9774825 0.4503861 0.2887063 0.7612425 0.23148529 0.3599011 0.2019049 0.8089587 1.006806 0.4808825
0.23906581 0.52992195 0.9223863 0.4767694 1.0090904 0.25508222 0.5671361 0.3767715 0.7956888 0.5763633 0.20188648 0.54084307 1.0077099 0.48858458 0.34495413 0.9644167 0.43096182 1.045001 0.18905954 0.48163396
0.19463684 0.8794752 0.6782338 0.32861596 0.3014874 0.33272952 0.3584524 0.24763949 0.71639 0.941493 0.27866432 0.727284 0.66237706 0.17366007 0.37480298 0.27585903 0.8573848 0.92026156 0.44161746 0.34649748
0.9246514 1.0352358 0.9854204 0.6711182 0.34581733 0.36448202 0.9981948 0.3513489 0.78958076 0.5591313 0.9274799 0.22781797 0.29807624 0.15668847 0.92522794 0.478795 0.26962218 0.15302159 0.29649523 0.63754153
0.78416693 0.8234306 0.7958843 0.5284777 0.532358 0.7970601 0.11499056 0.43314105 0.50187904 0.6664117 0.2784361 0.43959874 0.18071704 0.12991174 0.36700764 -0.021316122 -0.024902543 0.7202175 0.069019474 0.5230548
0.18969154 0.042156417 0.291167 0.6393053 0.9016224 0.685349 0.2112444 0.07076974 0.20567739 0.32976365 0.46394846 0.8640797 0.6165921 0.2844912 0.865813 0.7802602 0.5778769 0.94534135 0.7675496 0.5000139
0.7766738 0.7872913 0.4587008 0.77606106 0.4570938 0.5852187 0.49097762 0.5488189 0.4213982 0.43953028 0.64170384 0.30752623 0.12937249 0.4560203 0.558571 0.41671538 0.37547758 0.529466 0.22268115 0.57628584
0.3563743 0.98497504 0.54640174 0.5261764 0.3729382 0.26167044 0.66463405 0.23361908 0.56477296 0.33326063 0.83570266 0.39047667 0.6143891 1.0509973 1.0059357 0.33635712 0.63230187 0.48570645 0.50618607 0.99695987
0.23241022 0.96607536 0.9347181 0.99286157 0.19774336 0.31125265 0.2793555 0.9019014 0.37162355 0.6749554 0.41239023 0.17705947 0.46210584 0.46390247 0.18268402 0.74324816 0.9222561 0.31303996 0.94302225 0.8846512
0.36901832 0.5605366 0.2203999 0.34763032 0.67205733 0.45192432 0.9806207 0.90118814 0.5791966 0.45943475 0.38664386 0.10741933 0.13544457 0.5059127 0.2541135 0.70188624 0.3411826 0.56696975 1.0156031 0.7413194
0.3147418 0.27589265 0.46905223 0.08082733 0.46028745 0.07715078 0.44294956 0.026726952 0.6997247 0.5374884 0.4185164 0.21864298 0.7402915 0.4652608 0.07786946 0.28036988 0.58720696 0.49126476 -0.091528215 0.57676685
