0.592552 0.04764827 0.313219 0.022019502 0.34069914 0.9005627 0.537421 -0.045639254 0.20906192 0.69292647 0.7541345 0.35783863 0.35128585 0.6252958 0.3305907 -0.03306647 0.15194423 0.7085601 0.33906934 0.120633796
0.6386548 0.7456887 0.16722561 0.19868979 0.61329836 0.85149527 0.64521646 0.15088612 0.07423372 0.20631136 0.7350018 0.22296223 0.97261924 0.44139585 0.9381105 0.22889549 0.912875 0.47460827 0.11878905 0.86726516
0.49543 0.18425308 0.6038082 0.976882 0.7020627 0.4577294 0.13733162 0.6101635 0.23202217 0.25418612 0.89225316 0.15353307 0.17072824 0.9186555 0.6500234 0.28653482 0.2690981 0.04797993 0.4060485 0.25908145
0.18239109 1.0754147 1.0255831 0.51991725 0.82869977 0.9799027 0.34121522 0.1585475 0.37971446 0.4392399 0.480814 0.26905447 0.39568654 0.44116336 0.6594565 0.82355124 0.9232774 0.95625013 0.2953863 0.4964286
0.4918547 0.69130915 0.840482 0.7860965 0.25123855 0.7000983 0.644872 0.7995638 0.5884527 0.5734219 0.8068511 0.008924578 -0.074016295 -0.09172542 -0.03231695 -0.10979514 0.16550706 0.060840234 0.11451099 0.046171807
0.36488792 0.7112436 1.0243214 0.5280837 0.75484824 0.9296776 0.83143437 0.71239054 1.0431669 0.28781354 0.16163209 0.18608013 0.58960587 0.16336972 0.72829676 0.35578617 0.6676307 0.42821202 0.62452984 0.41513312
0.67025876 0.33277592 0.2987924 0.9329315 1.0098392 0.93116546 0.98839885 0.83741105 0.18246737 0.17401962 0.2871455 0.222876 0.2743459 0.98836946 0.22344078 0.18062422 0.23640062 0.83318657 0.8902141 0.7841244
0.6779449 0.15902734 0.6577313 0.0824949 0.83912116 0.78448796 0.7430455 0.20613624 0.48788851 0.7674771 0.50567347 0.42717165 0.23236603 0.3660699 0.335622 0.17553833 0.30564386 0.75777024 0.10324006 0.17883126
-0.08893183 0.7772462 0.56834465 0.75208753 0.5225216 0.5391897 0.49028292 0.6876379 0.657659 -0.012386374 0.06435166 0.66533685 0.46377167 0.1740219 0.78234124 -0.0118938945 0.52532035 0.18402384 0.6396733 0.32307234
0.17473722 0.95684564 0.20771506 0.04638187 0.30280176 0.6539624 0.7958993 0.7010705 0.5577696 0.6079226 0.5440715 0.61208946 0.689002 0.17948599 0.5381445 0.22592609 0.8594322 0.93072057 0.2912669 0.068408534
0.48065522 0.64650077 0.90143996 0.8877862 0.4397971 0.24235748 0.6568965 0.14202018 0.24708462 0.21320388 0.11775368 0.8557753 0.5790835 0.7959216 0.33909777 0.58821875 0.07362998 0.5448287 0.4098321 0.6593713
0.4607532 0.26058203 0.6493334 0.3587132 0.19241576 0.5412212 0.873008 0.25019717 0.7832715 0.83945143 0.41954967 0.6923853 0.5870885 0.6335379 0.28623724 0.44693574 0.13193277 0.7339914 0.35489327 0.505654
0.7790186 0.26799574 0.47785628 0.28763327 0.3361525 0.5910769 0.5923219 0.14612047 0.4401377 0.22453803 0.49607614 0.03259032 0.18847089 0.11026731 0.25893268 0.13463974 0.71633804 0.62532973 0.36670306 0.2690956
0.798162 0.7391198 0.47112787 0.08497098 0.4047688 0.6744953 0.27905175 0.72159505 0.7721502 0.17252816 0.45429567 0.20573154 0.12870637 0.3992955 0.83323663 0.66710013 0.950602 0.5645266 0.4082064 0.5260672
0.016872134 0.72246146 0.03498815 0.9229031 0.70454085 0.79526216 0.9140606 0.09024207 0.4161836 0.9595995 0.5810692 0.5740126 0.1064152 0.94711727 0.937972 0.43618733 0.4802161 0.855595 0.12940663 0.7982514
0.74446183 0.24101506 0.07584812 0.07945538 0.32177526 0.25716773 0.26893654 0.5219811 0.47448418 0.011879327 0.46987286 0.37443417 0.4798964 0.6700753 -0.12874058 0.19043729 0.2693113 0.72491133 0.51351875 0.6525059
0.7713134 0.7294643 0.32007337 0.5572921 0.46963808 0.21995148 0.60256004 0.9022696 0.20586337 0.21224792 0.82820725 0.72979754 0.5502174 0.8560564 0.5240325 0.57711226 0.31652692 0.16094111 0.3122388 0.23359114
0.47745353 0.9637768 0.6364547 0.15562257 0.6899753 0.93234444 0.28021988 1.0550926 0.23473494 0.55901784 0.9572488 0.29609597 0.58329743 0.7533401 0.55661833 0.8574144 0.34180674 0.4010253 0.38860062 0.28763273
0.02465291 0.24895735 0.93761706 0.59715706 0.6814975 0.38124886 0.91406983 0.7233137 0.4164759 0.06510767 0.01619937 0.8815265 0.7550648 0.26111946 0.30017757 0.570201 0.4741511 0.58365524 0.89752734 0.2920783
0.08845883 0.29528 -0.049525827 0.041152943 0.63740826 0.5213429 0.75397336 0.59193 0.16994269 0.11345749 -0.14621595 0.685251 0.33881238 0.6769486 0.27656087 0.6286678 0.1670694 0.79635936 0.7916899 0.060992423
0.7619089 0.27914286 0.54948926 0.19455425 0.09948806 0.4439261 0.40920687 0.09464446 0.39091697 0.82315546 0.62087226 0.62439436 0.33017895 0.5286464 0.4764317 0.2373181 0.791144 0.4447668 0.3164305 0.32124805
0.6421325 0.11386123 0.90423954 0.91842234 0.33441344 0.94260246 0.30830708 0.2403453 0.8289377 0.43136337 0.54766273 0.23164195 0.13179614 0.05528255 0.04582091 0.65139055 0.5062846 0.8486315 0.8367926 0.4186217
0.11497198 0.9040841 0.6948992 0.23538424 0.79188365 0.5133008 0.6621162 0.2961387 0.27812728 0.6703948 0.12815654 0.0034038287 0.8643898 0.7571319 0.121390566 0.03261051 0.7027917 0.45452085 0.87364805 0.7918752
0.7493286 0.8839848 0.5776415 0.36939102 0.67031246 0.1702464 0.11693856 0.9412613 0.35675704 0.4727271 0.8073379 0.5979285 0.54019845 0.53840566 0.55426913 0.14973304 0.06174426 0.36270878 0.9580262 0.19846079
0.2695308 0.79739976 0.64534974 0.21903028 0.9518668 0.8145061 0.3264008 0.3903227 0.9515693 0.31016877 0.9263167 0.6140822 0.79580444 0.7807727 0.4023458 0.36824477 0.35613814 0.6938532 0.25228903 0.54955345
