0.46364057 0.93578964 0.37538457 0.8983106 0.89953554 1.0986367 0.4402137 0.9840442 0.3163398 0.40376619 0.83317804 0.27814564 0.67573154 0.2540206 0.40214542 0.38678148 0.74091053 1.0661551 0.6590543 0.68969905
0.87346625 0.73336196 1.1001776 0.8129234 1.1123766 0.9586631 1.0280082 0.17999886 0.6317941 0.33380893 0.67746794 0.2894235 0.8112007 0.8704899 0.5086658 0.17990479 0.34722131 0.6615068 0.27436158 0.35876334
0.53200155 0.25014564 0.5298026 0.6442468 0.7765352 0.8753091 0.088234134 0.97994655 0.5870439 0.1574863 1.0185956 1.051989 0.4605395 1.0445955 0.38838258 0.28417102 0.5228828 0.38199165 0.5266804 0.5197713
0.76168424 0.07951612 0.46392655 0.85831755 0.814066 0.8487761 0.23592208 0.9208637 0.36324042 0.9560053 0.091082335 0.57070345 0.61451304 0.117431164 0.5736636 0.65979266 0.38056785 0.5950436 0.36824262 0.028276797
0.63320947 0.90693617 0.84168494 0.70126975 1.1220844 0.43957368 1.1016103 0.25786898 0.7537411 0.6912458 0.26930904 0.83957344 1.0869302 0.49973756 0.41702768 0.26980838 0.8500351 0.35497284 0.2947737 0.28826445
0.34452614 0.8268224 0.4546429 1.0596604 0.96344966 0.9246757 0.35503784 1.0883263 0.44927922 0.4007212 0.58908653 0.6785809 0.22838545 0.47205195 0.47016266 0.4403253 0.23380297 0.7350103 0.7055876 0.19822259
0.27650404 0.88901097 0.7036376 0.6322853 0.59140825 0.8903849 0.26390705 0.9714516 0.80280113 0.050000228 0.031302623 0.03586411 0.5083395 0.7402787 0.59828687 0.4602247 0.90147 0.88250184 0.97713184 0.34185103
0.9227216 0.52974117 0.5519855 0.6575505 0.06044528 0.46832275 0.47811028 0.9514808 0.9080755 0.38469833 0.79932797 0.98976177 0.11753429 0.95477396 0.73340297 0.45807773 0.73642224 0.6457709 0.041578498 0.14168075
0.6647957 0.14856462 0.49715284 0.71546924 0.217335 0.66399753 0.4312762 -0.100017294 0.4855223 0.77219677 0.4488084 -0.1112404 0.7871006 0.74101245 0.57346123 0.48185515 0.25950274 0.12299058 0.28954217 0.59078294
0.8097294 0.58068573 0.7385647 0.32136858 0.4961261 0.5793888 0.87098426 0.61845994 0.74253 1.1947045 0.5678293 0.30467755 0.578135 0.2993006 0.26864782 0.43680048 0.715893 0.5718492 1.1795965 0.81379706
0.88899046 0.60985345 0.1181773 0.8670668 0.83973694 0.16434796 0.2633903 0.67405087 1.0094681 0.6081735 0.42638192 0.31350464 0.42458546 0.8687431 0.19913596 0.6517182 0.49111432 0.8806325 0.3274048 0.6478665
0.7062646 0.55403095 0.91012967 0.54772466 0.5955881 0.3024774 0.84434885 0.7578267 0.11489024 0.34044638 0.4318433 0.6982448 0.91485137 0.5361852 0.60837126 0.5694715 -0.023022419 0.24978873 0.06184884 0.24580683
0.71987176 0.6379378 0.7231429 0.3469229 0.43420655 1.0667019 0.60268784 0.672394 0.28002065 0.5587122 0.7708215 0.59662 0.8390188 0.77210224 0.74478716 0.3288087 0.56836617 0.34070313 0.6309705 1.0744767
0.90761197 0.85215956 0.09082824 0.56221247 0.15009707 0.93928254 0.17591326 0.41504255 0.5023982 0.76301444 0.040243767 0.82282346 0.6721712 0.4330564 0.2849406 0.4258284 0.5004645 0.32216874 0.66703886 0.45573565
0.5289056 0.28093427 1.0349761 0.4328898 0.17364933 0.43423858 0.17310928 0.6099719 0.7125663 0.6287247 0.7890021 0.2505476 0.6446978 0.21261151 0.75383437 0.49764562 0.49079064 0.15318203 0.37163216 0.7639303
0.8592299 0.3964093 0.78995574 0.41584852 0.91538566 0.45557418 0.8269922 0.27978095 0.49299014 0.43998918 0.8106756 0.97127503 0.72002864 0.97190595 0.84306705 0.8884314 0.31791276 0.32566056 0.44386798 0.52670395
0.97123474 0.596852 0.22695893 0.75044686 0.9351303 0.6317219 0.6314563 0.42409223 0.58799785 0.9202222 0.9309484 0.5618201 0.3537995 1.0360883 0.17776543 0.6799483 0.38019505 0.2637756 0.34453163 0.192389
0.38019517 0.47121513 0.3493288 0.9880824 0.4870169 0.26375526 0.49913856 0.95507383 0.29720196 0.9641966 0.86639225 1.077995 0.36661848 0.57724017 0.26433417 0.4546986 0.48288178 0.441085 0.70163757 0.54444844
0.07479323 0.86836344 0.88265085 0.875985 0.49217638 0.40611795 0.8169652 0.55668867 0.92647725 0.19882615 0.07786124 0.8577424 0.3148387 0.9099568 0.20335037 0.70640165 0.23028561 0.9618306 0.4743664 0.6802303
0.7086481 0.4802808 0.22294794 0.5558175 0.23414806 0.9336211 0.15253597 0.504398 0.7827763 0.7619195 0.52776676 0.5260013 0.6092843 0.37952882 0.7396993 0.86315185 0.798837 0.6352272 0.75023615 0.4554045
0.10015594 0.18037872 0.101601936 0.7190852 0.076450296 0.22957799 0.4666284 0.6430214 0.5657072 0.23062842 0.13493073 0.51923484 0.7172204 0.41731697 0.44637525 0.056935765 0.85404074 0.0405651 0.72608805 0.12419261
0.1284835 0.43355253 0.8013236 0.7575874 0.9259668 0.63722825 0.9018364 0.8463202 0.13857481 0.64724094 0.6392475 0.22050345 0.5098896 0.33600783 0.8440465 0.6592847 0.39892578 0.5080088 0.8000213 0.25691307
0.55449784 0.47983414 0.40544632 0.55166996 0.3090248 0.2874745 1.0054036 1.1141458 0.5924613 0.357284 0.7885183 0.33686858 0.6339779 0.76108783 0.5849674 1.1971743 0.4391643 0.62638056 0.97806567 0.8310126
0.5246429 0.9916065 0.49757504 0.659395 0.46079975 0.16798326 0.6316537 0.81564426 0.10794623 0.6782803 0.41342533 0.54795194 0.8746564 0.6581951 0.3058327 0.6132038 0.849646 0.8206378 0.17216481 0.5298782
0.49055365 0.56430024 0.2367799 0.9179047 0.7376761 0.42311013 0.6273837 0.8344712 0.9395222 0.21301651 0.52264476 0.9067867 0.46560398 0.784663 0.42176783 0.783946 0.25367746 0.36532432 0.71898365 0.4296504
