0.8462913 0.7372867 0.67978615 0.5807374 0.14087322 0.18422092 0.6292901 0.2286913 0.7956155 0.73059356 0.66674054 0.1192308 0.6840003 0.17656551 0.3662584 0.64392537 0.74744034 0.5245125 0.4622409 0.23107
0.18744731 0.17227784 0.57901496 0.34780544 0.09517656 0.22514611 0.8139933 0.570877 -0.0016694405 0.28742436 0.3466918 0.88209635 0.3560162 0.4115982 0.3581762 0.5286893 0.48734882 0.5913143 0.5240364 0.8801657
0.50213003 -0.016833063 0.92507744 0.8978 0.9029464 0.69884974 0.54016185 0.10916195 0.71426004 0.73208463 0.720473 0.66478735 0.45305008 0.5866332 0.1732114 0.36242846 0.5889498 0.9262159 0.88115096 0.10090371
0.5824729 0.7623529 0.20943329 0.36601382 0.23839176 0.91907066 0.757121 0.92624277 0.95397866 0.7466615 0.7802006 0.8288173 0.3841365 0.51277703 0.33982483 0.09655747 0.68277436 0.546403 0.45063156 0.5085411
0.24649742 0.4033641 -0.07804169 -0.07841716 0.1732285 0.48229456 0.2624898 -0.01598649 0.80255955 0.2167777 0.7176783 0.40194726 0.7165804 0.59845144 0.66978234 0.8347227 0.405084 0.67603546 0.80423933 0.5115546
-0.02677812 0.46419036 0.13009816 0.4564896 0.71145946 0.75127816 0.82187766 0.35568362 0.47623786 0.3894054 0.41820982 0.40120748 0.6799435 0.5175478 0.8464927 0.72129506 0.17312826 0.06397685 0.036164317 0.095552444
0.19886947 0.122397654 0.51251876 0.82398635 0.17640583 0.29727677 0.13815401 0.8028993 0.576356 0.38966346 0.6137796 0.7781595 0.87851125 0.89390165 0.32692456 0.7173567 0.28187263 0.5643682 0.1977229 0.9407068
0.75427514 0.3940533 0.48585084 0.56018317 0.8579059 0.5019097 0.6923206 0.13076432 0.43884996 0.6885179 0.40602902 0.51715386 0.5871836 0.6934016 0.2917943 0.34139645 0.26842895 0.28406495 0.2287567 0.85859185
0.38180563 0.65871096 0.9014838 0.21801198 0.55192935 0.19210018 0.9388199 0.42023113 0.8466987 0.8949695 0.84779876 0.86246234 0.8536408 0.32794988 0.62756884 0.25137943 0.97706914 0.39845005 0.5308238 1.0397332
0.05753296 0.14165786 0.25938293 0.13009775 0.28743723 0.3303553 0.7193093 0.62343657 0.59066886 0.6182964 0.7363546 0.6518466 0.7762611 0.44209224 0.04454842 0.49142557 0.42896947 0.036347438 0.49701846 0.67952603
0.06621552 0.16277272 0.69866025 -0.11030604 0.5381259 0.6358938 0.09957363 0.0025957718 0.2676913 0.44427082 0.7501639 0.2994389 0.23669602 -0.12539275 0.7377242 0.6557205 0.66669285 0.3376546 0.364386 0.31157786
0.10512959 0.5100902 0.26136044 0.3119713 0.26872435 0.35527414 0.3140536 0.026845906 -0.042144008 0.45154256 0.26221576 -0.0826934 0.79135793 0.0888876 0.2561444 0.7481149 0.2384412 0.31590483 -0.044362206 0.756904
0.02086889 0.09396997 0.73227674 0.12583856 0.48960164 0.69333255 0.9461385 0.8838859 0.124056265 0.305532 0.39972824 0.6385089 0.6658781 0.46138647 0.08928576 0.6186388 0.5017751 0.11485912 0.7311054 0.22003524
0.8025474 0.088222146 0.74018216 0.7054185 0.7249287 0.49926373 0.6215043 0.95870435 0.5079505 0.124666825 0.7954164 0.55851763 0.17196472 0.036593843 0.8800852 0.19644418 0.34560087 0.37919664 0.6519889 0.4264705
0.74072134 -0.014368137 0.04954493 0.05040588 0.872751 0.34396264 0.8143579 0.67067575 0.47926724 0.78671354 0.44052634 0.45446357 0.031453878 0.003924327 -0.02834536 0.08706849 0.7931366 0.70601815 0.61436665 0.7273239
0.1425057 0.47195742 0.3770478 0.16515814 0.6183027 0.22730865 0.5831207 0.3622536 0.70350623 0.63771474 0.9442019 0.2605329 0.6048055 0.25719765 0.13479668 0.20367579 0.85566765 0.78619885 0.78096354 0.7311281
0.48008344 0.10583936 0.7038431 -0.084055394 0.65870714 0.6931482 0.5872925 0.5275387 0.29122835 0.78312415 0.32870793 0.13578525 -0.058935385 0.6996237 0.44906306 0.19719434 0.8614386 0.6739098 0.28075895 0.5415125
0.25626627 0.09227427 0.28287917 0.091726586 0.8185439 0.78297615 0.5483784 0.6500873 0.3185416 0.82139474 0.5949331 0.86031836 0.13959044 0.3582274 0.83923465 0.0990097 0.35267964 0.18989283 0.21550012 0.41651073
0.1607583 0.41528773 0.15062787 0.038479026 0.53751874 0.2331722 0.49855003 0.8918093 0.9089411 0.71863306 0.85764647 0.82657814 0.26412496 0.59779745 0.3296465 0.14233848 0.1275911 0.69155353 0.25639272 0.17853794
0.26163772 0.625433 0.2885546 0.6389854 0.76718664 0.8906701 0.533533 0.5616895 0.37481683 0.0965551 0.23483056 0.41268888 0.58052224 0.897577 0.73825765 0.90375775 -0.028062027 0.21852809 0.33621752 0.88556004
0.6004435 0.91965616 0.5697237 0.75591457 0.65752167 0.35189247 0.90919244 0.3827418 0.11581627 0.3197515 0.6883187 0.6547775 0.6828461 0.73409617 0.44717064 0.17888197 0.90442723 0.70594156 0.14506204 0.75110173
0.85756075 0.1444491 0.33768728 0.53281426 0.6464584 0.5242964 0.56916064 0.9640461 0.014761276 0.3320205 0.18214196 0.22654249 0.16527542 0.43257526 0.9039145 0.4820793 0.72063345 0.21582742 0.21567313 0.31961292
0.4162968 0.20651233 0.56263083 0.21083426 0.46612746 0.5959779 0.627205 0.62073547 0.716647 0.26392132 0.49570012 0.10130057 0.7540967 0.68328404 0.7663913 0.24898462 0.6304449 0.7670976 0.3549423 0.7155504
0.436796 0.5540159 0.08891263 0.6557086 0.21717896 0.38370764 0.92532665 0.5906121 0.27461597 0.48645025 0.1776673 0.1808863 0.92889786 0.71875083 0.53506464 0.20446 0.49642435 0.7908755 0.69828516 0.74930423
0.5831982 -0.007954153 0.06292337 -0.13309778 0.5578808 -0.040562693 0.69131196 0.6908728 0.6671504 -0.037487842 0.06492946 0.5900741 0.63692045 -0.0030213806 0.54304683 -0.14558971 0.39144108 -0.14649853 0.02394715 0.76601297
