0.9497938 0.34544894 0.16505069 0.82625455 0.7302939 0.99467874 0.5741831 0.3356564 0.21922953 0.26020005 0.18364722 1.0273619 0.8796242 0.61171746 0.56719047 0.911049 0.88356173 0.43990108 0.4421885 0.22725613
0.66529804 0.5138085 0.80843794 0.718842 0.40634415 0.88366723 0.31492144 1.0637424 0.31535232 0.45632657 0.5993163 0.52411276 0.24571146 0.21480072 1.0465801 0.9809359 0.30017516 0.880486 0.254315 0.5224529
0.15541457 0.65673697 0.3562737 0.2623181 0.6170083 0.15147828 0.620822 0.985914 0.8911466 0.883346 0.637828 0.4570373 0.2731066 0.5826601 0.6189623 1.0772921 0.5837488 0.89809227 0.2199994 0.7229009
0.6244285 0.48409155 0.24848029 0.33755457 0.13154066 0.4021599 0.15581177 0.5142746 0.14776732 0.263398 0.18939325 0.9532031 0.43168512 0.33765247 0.41367164 0.35598636 0.13018616 0.3098937 0.39406788 0.3040625
0.4233015 0.46479777 0.32803658 0.8689624 0.18303978 0.8550489 0.6214068 1.0290017 0.4811444 0.5756482 1.0538605 1.052388 0.7088151 0.18433063 0.3016276 0.23119232 0.6639266 0.3362687 0.45062837 0.5339164
0.05430905 0.21738738 0.3414846 0.48145115 0.5392377 0.67609966 0.67131567 0.8973338 0.84145945 0.6298444 0.5715511 0.0032014544 0.6094116 0.4636678 0.34121758 0.16120903 0.6935857 0.85089 0.6126486 0.3868672
0.42276806 0.08815855 0.084257506 0.8843278 0.9357846 0.7974608 0.8506171 0.45079297 0.8903671 0.6569762 0.31461766 0.8586437 0.37499374 0.7516225 0.28862754 0.15863489 0.5615317 0.04997214 0.10841963 0.5286228
0.6574039 0.22329669 0.91420025 0.7027473 0.6281519 0.27641135 0.33388835 0.17213143 0.3993225 0.5405061 0.34792736 0.65947133 1.1243806 0.19052415 0.47526783 0.20568009 0.5093727 0.34414968 0.9387195 0.45703948
0.44175306 0.69069535 0.56515527 0.57121974 0.13710581 0.52369016 0.08490983 0.52189374 0.56690097 0.6386267 0.32218543 0.23311241 0.22910184 0.30542958 0.30562916 -0.014525369 0.36266872 0.30195642 -0.023284245 0.46345946
0.8806212 0.6999368 0.5302399 0.9066552 0.6319986 0.7283021 0.18839289 0.03053114 0.38544753 0.63523996 0.10604009 0.15170789 0.8106518 0.65361625 0.7627034 0.43520904 0.80055743 0.47173002 0.9413586 0.5890463
0.42325684 0.21202087 0.43543074 0.39427823 0.3969673 0.6622438 0.23336005 0.610262 0.45026666 0.5110679 0.64370936 -0.038683053 0.589364 0.47184208 0.1706976 0.6788362 0.40240255 0.70068336 0.18935817 0.73149514
0.85088855 0.25142062 0.47890648 0.88276184 0.8232714 0.6610663 0.65471447 0.4456158 0.016031582 0.53556997 0.6453103 0.756286 -0.043949276 -0.043051407 0.015741901 0.7046651 0.2246072 0.28668696 0.12931833 0.52877027
0.30519792 0.35440958 0.21299891 1.0524864 1.121304 0.6538209 0.54141855 0.55366087 0.36055785 0.65748495 0.80863583 0.9004144 0.3452443 0.58317786 0.39071125 0.31167665 0.5754317 0.38172302 0.35622284 0.88832444
0.6149273 0.9672767 0.41482636 0.21042927 0.9202707 0.7489772 0.6165561 0.052557766 0.20352855 0.17324878 0.4075857 0.731568 0.81846666 0.9033358 0.2503821 0.15773979 0.041131247 0.26131764 0.91499364 0.49003735
0.6974531 0.041157737 0.2618977 0.08575928 0.08861414 0.26018643 0.7847568 0.32230768 0.8079001 0.7957383 0.6003624 0.6825709 0.66226214 0.28383592 0.30153853 0.90610725 0.038530674 0.083499864 0.93035483 0.058602825
0.5314999 0.9319185 0.6005943 0.41091275 0.5169422 0.29938424 0.52487886 0.204034 0.3909113 0.3260541 0.8229487 0.71301174 0.8280798 0.8618304 0.2595526 0.88295364 0.67706615 0.87283504 0.7742852 0.1310481
0.268001 0.5136441 0.5777962 0.65021247 0.66480297 0.8556042 0.35529727 0.23376115 0.21287334 0.5680544 0.9066159 0.18343621 0.847194 0.121304244 0.3808672 0.25057748 0.9315877 0.4738764 0.12787539 0.94563305
0.09690893 0.5918655 0.5116005 0.07563305 0.87641263 0.39598453 0.4543769 0.04325623 0.24481623 0.51989186 0.064795464 0.3004996 0.3169341 0.17460358 0.6383296 0.8388165 0.73850006 0.55002016 0.5401612 0.44597077
1.0197803 0.778346 1.0403074 0.20876887 0.34404412 0.56182605 0.2232886 0.8637208 0.70801127 0.47480965 0.6073728 0.19972634 0.82689357 0.74380505 0.25127244 0.3304945 0.77710044 0.4537243 0.88124263 0.15368879
0.6892873 0.036537103 0.767047 0.07224902 0.2106293 0.7260663 0.516144 0.92122406 0.43110937 0.16057104 0.19777033 0.22894695 0.47914973 0.9357282 0.8379775 0.49622148 0.75260586 0.04113707 0.832831 0.6600087
0.6549227 0.854728 0.22799641 0.67036074 0.45692718 0.71269816 0.5555427 0.38496312 0.7584784 0.37264127 0.7459804 0.31597075 0.4080145 0.39347222 0.92276603 0.7060965 0.6280934 0.90385205 0.759173 0.22748041
0.60973877 0.510907 0.26769328 0.5967331 0.48632047 0.60696447 0.102205545 0.48439032 0.9915194 0.1490234 0.5262089 0.8343073 0.69200474 0.943418 0.13921078 0.39479852 0.14082177 0.27796474 0.6993603 0.70860046
0.19505301 0.27966577 0.37083274 0.46696615 0.82341135 -0.0047879517 0.71085685 0.5591053 0.18030253 0.4354825 0.2024237 0.7305821 0.055018615 0.21884578 0.49568146 0.61323184 0.6176697 0.2846821 0.7876432 0.567491
0.40824008 0.50313866 0.44165504 0.77983224 0.36015937 0.42324558 0.5483631 0.1216445 0.1827555 0.6119737 0.38121146 0.82409614 0.6433316 0.17113906 0.14421462 0.46949065 0.15028845 0.45843643 0.5251234 0.62973636
0.32716134 0.74913234 0.54642874 0.31242463 0.86655146 0.955816 0.67628896 0.9670079 0.7912731 0.62196034 0.7678384 0.21740368 0.44581398 0.83978605 0.3460826 0.23211263 0.99640906 0.35132784 0.60435945 1.0624026
