0.29588613 0.033883754 0.19789715 0.16722816 0.8269254 0.9471467 0.119058736 0.63188475 0.30972108 0.22897196 0.45802057 0.82402354 0.53614074 0.102930546 0.524683 0.5529764 0.058060154 0.571129 0.9251284 0.2416076
0.33378077 0.7929304 0.41257992 1.013438 0.22110645 0.5059368 0.94857585 0.90775913 0.2476273 0.9298434 0.2736985 0.6359413 0.21800104 0.14915489 0.90330136 0.76413804 0.9171276 0.74539554 0.20063427 0.3369667
0.7715939 0.36189252 0.19422294 0.6776687 0.117420934 0.7657568 0.31579196 0.06093307 0.7806332 0.5457027 0.95954216 0.40884313 0.24932037 0.5692964 0.5048303 0.5058379 0.76407 0.53081816 0.37519813 0.611636
0.75458634 0.31597555 -0.027596354 0.78028685 0.15550923 0.34295854 0.6928056 0.36826676 0.6205501 0.015870469 0.34670198 0.015399513 0.59876144 0.24676567 0.5462083 0.7376667 0.36604315 0.87158036 0.6003996 0.40975797
0.14596805 0.12279929 0.8771863 0.28784037 -0.021629823 0.06035053 0.3107437 0.40169486 0.8106501 0.5865275 0.17061251 0.8507281 0.4828527 0.6893042 0.4430666 0.4610977 0.63050765 0.81095296 0.18368672 0.4116591
0.2997894 0.54126924 0.76279503 0.7735763 0.3111651 -0.072434284 0.5128593 0.10329799 0.19687353 0.4661553 0.68323624 0.7026674 0.42041868 0.6825761 0.19038193 0.87935024 0.031336274 0.7143248 0.1837675 0.41995782
0.61031055 0.57444054 0.038081184 0.3532842 0.35745686 0.46879208 0.713036 0.51243293 0.8412617 0.53547686 0.14373101 0.09209207 -0.04561058 0.5039948 0.8348724 0.30899885 0.11578008 0.42358923 -0.05503055 0.015191439
0.92604226 0.84507984 0.10547208 0.03043366 0.32577604 0.026613956 0.965613 0.53879756 0.26884177 0.25830033 0.20936224 0.07105676 0.5448069 0.698775 0.7228619 0.42643422 0.21749 0.22872029 0.46636772 0.87859714
-0.14525814 0.6788047 0.1759605 0.38897797 0.5438907 0.47159657 0.7013967 0.4793942 -0.061737925 0.63638765 0.41078454 0.25315437 0.0006207137 0.60834926 -0.07957068 0.60291094 0.56061035 0.5128377 -0.082601406 0.5123172
0.438812 0.39222288 0.25361642 0.30799523 0.35146 0.5565257 0.58052224 0.21644287 0.64766836 0.170517 0.29171965 -0.22355315 0.5266392 0.58773154 0.29584277 0.6905093 0.12312531 0.5011167 0.5986472 -0.12888335
0.37252262 0.3401504 -0.023355888 0.5289233 0.67839175 -0.0030557937 0.15051621 0.16746072 0.66576296 0.29764524 0.22452627 0.22538057 0.24368823 0.68867564 0.64059603 -0.15604648 0.52753454 0.16927634 -0.10521194 0.027178796
0.7065232 0.04164771 0.32230628 0.54031366 0.7103149 0.08395988 0.9817285 0.2841138 0.24177125 0.51719254 0.87104124 0.23038897 0.1601339 0.5609906 0.65736413 0.8394963 0.052330982 0.41140762 0.8268627 0.8633201
0.95285743 0.4742208 0.72129023 0.6139652 0.81827116 0.4829834 0.4021385 0.54343045 0.06440463 0.7966021 0.95199573 0.5050053 0.81432813 0.35027286 0.58968663 0.13427055 0.3548543 0.11975433 0.1492786 0.37721822
0.92670673 1.0003599 0.75273824 0.69667464 0.47738364 0.58239716 0.36253017 0.4550918 0.27210873 0.38617545 0.3830791 1.0839092 0.45198458 0.38159958 0.7594869 0.5817828 0.22853811 0.35513762 0.82961476 0.3926865
0.3888727 0.22050327 0.69422126 0.76529443 0.18591726 0.65225637 0.86604077 1.0349277 0.41650727 0.9487864 0.21141748 0.20503579 0.27632153 1.1192763 0.39425206 0.8388026 0.4196903 0.77905416 0.27467874 0.56775653
0.47575527 0.07522136 0.5179503 0.2560675 0.5607158 0.5591824 -0.025859382 0.9323117 0.550876 0.19210553 0.8006884 0.66597956 0.63055134 0.4628578 0.42744684 0.54312974 0.29383785 0.46254316 0.796733 0.83335876
0.59687686 0.49155834 0.32635355 0.06362922 0.6276213 0.59429604 0.6680034 0.557678 -0.012002083 0.85481554 0.52732664 0.6223201 0.47425196 0.7281 0.623106 0.030419867 -0.049557623 0.6346868 0.15837073 0.3020674
0.74432206 0.3799825 0.8867559 0.68054104 0.1859286 0.50273794 1.0332742 0.17204893 0.17430697 0.47970322 0.82522607 0.6840288 0.59100556 0.85255396 0.4227557 0.9905198 0.33913273 0.334179 0.5612618 0.59975713
0.7044725 0.5679029 0.85651726 0.7738324 0.99954164 0.19729252 0.24000078 0.3949342 0.21978393 0.46325725 0.6386929 0.24876949 0.12909746 0.633015 0.6947501 0.9834811 1.0051081 1.0331436 0.15794855 0.47724813
0.38419598 0.4363274 0.6222705 0.48167711 0.98647726 1.050746 0.9568583 0.5981996 0.54854 0.28042465 0.3512635 0.47733784 0.46800953 1.0247885 0.6888611 0.7412525 0.9437421 0.3840192 0.51111925 0.7294973
0.4406334 0.084001794 0.82482773 0.53110427 0.29347456 0.27605733 0.61555696 0.1734027 0.17405173 0.503765 0.8434846 1.0063258 0.56480604 0.5349365 0.38532174 0.9366193 0.34079048 0.35966095 0.48692718 0.6766867
0.3274224 0.68645304 0.46855068 0.81070614 0.91919196 0.9404563 0.49910492 0.37444833 0.3506717 0.38289475 0.689654 0.6928216 0.34408835 0.28858635 0.123968475 0.98881596 0.12987253 0.3369647 0.948634 0.9894575
0.77726704 0.40429646 0.69524044 0.67353827 0.7252205 0.921165 0.058132254 0.7571474 0.30077824 0.09372959 0.7127878 0.42818734 0.74252045 0.07570503 0.47669077 0.5836195 0.13355231 0.74294657 0.6083271 0.41382495
0.83894193 0.69730085 0.19947869 0.8489657 0.41339344 0.49078885 0.28276274 0.8465832 0.68981713 0.52134866 0.3406789 0.3101961 0.20173892 0.5260714 0.403266 0.9990052 0.71420896 0.60104454 0.29041106 0.07549734
1.0212597 0.7013364 0.38502184 0.44960755 0.5345483 0.30671635 0.4496838 0.97118443 0.48511106 0.811531 0.9633947 0.41622654 0.6782748 0.3090026 0.4075368 0.25432894 0.4968304 0.30039203 0.3826631 1.1186602
