0.87689084 0.8739262 0.42578956 0.35241625 0.475951 0.067497656 0.86837906 0.23965353 0.265169 0.2558277 0.14170848 0.20720208 0.694732 0.81578004 0.4097511 -0.021084381 0.28161663 0.7355256 0.6247078 0.17075956
0.3536559 -0.21214202 0.10466024 0.41028643 0.18513091 -0.039382264 0.36315468 0.12990089 0.17113869 0.13348342 0.5106651 0.07239328 0.45815176 0.37190306 -0.21136151 0.67340255 -0.24781859 0.2372206 0.04184598 -0.25340852
0.2213061 0.6048609 0.69306254 0.10008594 0.36498922 0.3699172 0.71077746 0.52698296 0.76044333 0.3519525 0.6488233 0.89257884 0.8087934 0.25939333 0.8264005 0.17935652 0.4377745 0.084519066 0.7745029 0.5666139
0.8628563 0.24848595 0.27047482 -0.01515921 0.7122147 0.338455 0.934735 0.7132695 0.86052626 0.7897177 0.54872096 0.86627 0.2481021 0.37105408 0.21056592 0.40614077 0.73920494 0.17998713 0.1887328 0.71356356
0.51039743 0.9764543 0.7229807 0.5721789 0.5992223 0.9846475 0.120627694 0.75529915 0.13847296 0.15184973 0.6371048 0.26190907 0.4122333 0.30950248 0.18024294 0.10225226 0.97598195 0.07529045 0.74006593 0.8323603
0.67315876 0.90793604 0.41568318 0.252945 0.5132374 0.43087447 0.26417536 0.9947951 0.239285 0.82058936 0.9287305 0.41588312 0.5459252 0.8579058 0.86702 0.26999837 0.9345362 0.50536764 0.18730965 0.26373813
0.59835607 0.2236438 0.6718852 0.6395491 0.97432846 0.5931954 0.26930344 1.0379487 0.79191023 0.50290245 1.0238494 0.66324484 0.35679 0.26851702 0.6194413 0.19639191 0.59480274 0.78834856 0.10696748 0.4994627
0.9831363 0.9814571 0.7726328 0.27757633 0.79107374 0.052986383 0.36531216 0.67288387 0.09895225 0.18303683 0.7987766 0.24756192 0.87147206 0.5904907 0.5847745 0.33671492 0.802067 0.19730206 0.94226044 0.91523093
0.7827652 0.093154214 0.5792382 0.35394886 0.13436526 0.66655725 0.112627655 0.9304977 0.5959487 0.19459516 0.8572951 0.55286723 0.29104072 0.4001763 0.42037493 0.6148063 0.05290775 0.01177964 0.40155748 0.6825772
0.41268903 0.4425894 0.6713738 0.18689051 0.5665272 0.9168455 0.42220995 0.70257765 0.25280288 0.2095481 0.8745018 0.63398397 0.80163676 0.68838125 0.46097186 0.8318788 0.8865804 0.40796745 0.63480276 0.3244084
0.5462248 0.16898365 0.39736986 0.9570824 0.8496387 0.5913671 0.2368722 0.5042529 0.6965832 1.0516586 0.20642833 0.7430518 0.16298665 0.32433924 0.22404754 0.59091604 0.783824 0.16184089 0.4905154 0.583746
0.7121871 0.5468736 0.04975799 0.41019914 0.5475941 0.5947959 0.37607926 0.40137896 0.53301597 0.3100648 0.21160576 0.23513338 0.3675044 0.38170803 0.34760422 0.6215459 0.44778875 0.6491053 0.42449272 0.3352624
0.88355786 0.93827266 0.47236243 0.43135312 0.29681715 1.0193894 0.8598231 0.7250938 0.4936973 0.42141345 0.3906756 0.64833516 0.10373063 0.33751196 0.52476496 0.37043568 0.45672452 0.9203308 0.28104344 0.9806626
0.7425795 0.65771943 0.91413397 0.14950576 0.5088122 0.7000331 0.49253154 0.34267887 0.9134951 0.79497844 0.8414641 0.8839162 0.055695973 0.9431397 0.5259894 0.23815987 0.8894601 0.2977899 0.29109263 0.31187117
0.1436821 0.7980359 0.71041715 0.51307887 0.58225733 0.73204297 0.7698007 0.112602346 0.55179286 0.9279564 0.97443515 0.4103052 0.8651602 0.9252095 0.6307062 0.6714056 0.9997381 0.6434317 0.27473116 0.42111
0.7409561 0.89000106 0.28953353 0.84812933 0.28641528 0.43484768 0.5843016 0.7075297 0.4520155 0.4624313 0.89582026 0.7112735 0.75102574 0.37598553 0.3347704 0.87414503 0.20313527 0.725828 0.21077505 0.69638366
0.601806 0.49685743 0.49975687 0.472798 -0.07179842 0.06300844 0.22793715 0.27008465 0.6475923 -0.113191724 0.4054581 0.26724085 0.41445088 0.25670925 0.69115883 0.52609074 0.53598034 0.65116394 0.08655291 0.4013969
0.4393142 0.20519021 0.6679505 0.40160844 0.41742137 0.18414238 0.9563573 0.522818 0.9026001 0.19984812 0.49440786 0.78749835 0.6686849 0.4684526 1.0277704 0.6155375 0.21179952 0.7083315 0.8090818 0.9183337
0.35718262 0.29603258 0.20987253 0.8199865 0.473208 0.6016005 0.51674914 0.26569897 0.37811342 1.1400977 0.5608441 0.1671121 0.91692704 0.21515815 0.7410765 0.794733 0.49359506 0.9851055 0.41602746 0.9602291
0.6586039 0.20490725 0.56175405 0.44039556 0.19752286 0.08950537 0.5138328 0.6460906 0.3071549 0.3972125 0.23523444 -0.15584865 -0.1976352 0.6570109 0.6792562 0.5553384 0.7030356 0.07969797 0.29617122 0.5470318
0.77331656 0.1364869 0.163334 0.34014857 0.39199632 1.0411278 0.12896734 0.72023255 0.3467193 0.51006263 0.88773364 0.36041135 0.31240597 0.67018116 0.8538836 0.4677957 0.46726394 0.47607374 0.491403 0.6366388
0.35574958 1.1249235 1.0350201 1.0622282 0.23851189 0.27421135 0.53026676 0.4844221 0.21832775 0.46472412 0.19909412 0.5131337 0.8237745 0.602633 0.28470373 0.5965582 0.5063311 0.41317967 1.0845318 0.5905533
1.0145868 0.66911376 0.77252984 0.20364334 0.50991863 0.35125682 0.91108143 0.65648067 0.29456258 1.041226 0.27121004 0.17655401 0.9080074 0.9118082 0.19620104 0.81991905 0.821185 0.972543 0.3263551 0.97362924
0.49816418 0.6110263 0.8194776 0.53715396 0.9305846 0.14350888 0.6717492 0.2168374 0.53106165 0.07620043 0.19167386 0.21876511 0.053359993 1.0009192 0.43160823 0.5194992 0.5632836 0.4661042 0.51666725 0.96655524
0.55095166 0.79972166 0.12855189 0.5541779 0.5371311 0.07411493 0.20934501 0.8811401 0.62162817 0.5372709 0.06164967 0.71931165 0.5854308 0.55646205 0.8554134 0.9476425 0.32642207 0.85274774 0.18906556 0.263792
