0.74336857 0.82720083 1.0339054 0.4793395 0.57441884 0.8661501 0.9733066 0.17045882 0.3193531 0.38849306 0.4516027 0.69795233 0.14795695 0.4290982 0.6544534 0.3932839 0.5047011 0.2463731 0.9219395 0.51159
0.33754706 0.29889897 0.5909933 0.81203324 0.39520803 0.66882634 0.14746584 0.74966556 1.0067568 0.36778298 0.12637265 0.42640284 0.6993864 0.48739406 0.64633524 0.8029248 0.27992865 1.0160047 0.5094573 1.0023317
0.610535 0.40509346 0.2738973 0.6414289 0.55431753 0.46902677 0.7889741 0.4381388 0.06376438 0.8957623 0.91939574 0.34655362 0.6067114 0.53584814 0.5395985 0.24870056 0.2883227 0.61324763 0.16228215 0.43103406
1.0762284 1.0098834 0.49879107 0.6053357 0.27178937 0.7111535 0.31640804 0.55108917 0.8388415 0.7924491 0.83359003 0.73077106 0.8468585 0.5599805 0.75838494 0.37455702 0.42176014 0.2893098 0.51554865 0.6938999
0.5837409 0.60050297 0.0999854 0.33284554 0.82170194 0.7011821 0.35992754 0.038802873 0.38209954 0.86724865 0.14218536 0.87049276 0.21431147 0.19601367 0.57885844 0.69611883 0.88088024 0.12294999 0.87775415 0.891315
0.24028479 0.74100095 0.20792185 0.24861695 0.46167526 0.67697453 0.574556 0.5934907 1.0303866 0.26023877 0.21766947 0.5407504 1.0311356 0.7078562 0.9228302 0.8323454 0.67429835 0.2396547 0.78279054 0.52454156
1.0294863 1.1187295 0.20512758 0.42466593 0.25365704 0.4385049 0.17706598 0.2117932 0.8601332 0.33234504 0.99693286 0.6043105 0.32897234 1.0030395 0.44143334 1.0216901 0.26153547 0.45130137 0.33916378 0.85938334
0.35618454 0.08240434 0.482215 0.94833684 0.83552897 0.7388215 0.12434283 0.05828123 0.54732895 0.412845 0.04950635 0.38679463 0.4517505 0.9140442 0.49665555 0.9269047 0.4592662 0.55558753 0.5996253 0.6719286
0.8745426 0.54736805 0.33812112 0.67603314 0.654647 0.04484964 0.7909482 0.43795565 0.062487338 0.78289473 0.31018573 0.4112757 0.703556 0.38806286 0.6652865 0.49720484 0.32452765 0.5104385 0.17689982 0.9042999
0.051658787 0.008837513 0.73535424 0.7210369 0.37365085 0.62425095 0.6649367 0.22645625 0.64304465 0.02631359 0.78302217 0.75516725 0.41809252 0.34881577 0.6595953 0.39685157 0.26102462 0.63623846 0.12531559 0.21781683
0.39631584 0.7703252 0.7656952 0.47556508 0.6115488 0.09772022 0.93021595 0.2910407 0.115106076 0.85605586 0.6471867 0.44748023 0.706582 0.50338644 0.69830996 0.2740324 0.11963007 0.28200322 0.9115977 0.33354318
0.8546493 0.32078177 0.35117233 0.5918021 0.34177482 0.60168993 0.49469358 0.39789516 0.9012652 0.6971601 0.7123719 0.5166946 0.9657674 0.57125247 0.870984 0.9299767 0.5592997 0.53238493 0.8774029 0.5787656
0.9514569 0.1735275 0.5992485 0.80432737 0.7328865 0.5413079 0.51776254 0.111890286 0.7839433 0.7732658 0.2526058 0.10828347 0.7331493 0.28664997 0.60848826 0.7291893 0.2897373 0.87704927 0.14952867 0.21933113
0.93638843 0.16062374 1.0813621 0.9166074 0.92275614 0.18065825 0.7880055 0.6408634 0.8752446 0.8640188 0.29948628 0.18152562 0.3907485 0.13333364 0.27393913 0.99426675 0.27794513 0.36940977 0.32035893 1.0110852
0.589752 0.9416014 0.31914324 0.44004184 0.35190707 0.64524007 0.1776795 0.93965274 0.44927105 0.8250777 0.2825546 0.53377235 0.35498455 0.73612463 0.72498167 0.30149236 0.058760352 0.9251246 0.058576617 0.42098907
0.07775031 0.33006623 0.6446949 0.43547273 0.7243772 0.48182034 0.2946481 0.0070059914 0.44891322 0.30433974 0.028262796 0.7242768 0.8983469 0.7824529 0.58533335 0.9459257 0.5999017 0.516022 0.6100634 0.6398506
0.48949122 0.87266505 0.53483206 0.14568044 0.42605257 1.0020066 1.0018754 0.1781745 0.2618153 0.29602063 0.20552677 0.3301546 0.20577405 0.9215302 0.3062766 0.93578124 1.0351349 0.10790799 0.56565624 0.42895252
0.68499047 0.76913404 0.15802439 0.6008135 0.24482316 0.28356636 0.9200601 0.52458215 0.4996946 0.82910395 0.1830355 0.821946 0.3890526 0.3212491 0.7931136 0.5721382 0.16297957 0.55008304 0.25624216 0.40320647
0.3293573 0.11824737 0.13431355 0.36917794 0.74305165 0.93567693 0.3165987 0.5287862 0.6528324 0.54951096 0.81333536 0.94705486 0.593263 0.9568575 0.9480578 0.7664225 0.8527174 0.23624228 0.606886 0.2376609
0.8782838 0.8676451 0.7278514 0.84856725 0.6631503 0.38986567 0.4059292 0.75063175 0.87670726 0.77800363 0.5808066 0.583698 0.038637888 0.018498164 0.8902242 0.95262605 0.108911134 0.6925153 0.14201896 0.26673067
0.44701347 0.7100529 0.7660273 0.27710038 0.29494464 0.6240847 0.39878044 0.22811416 0.4286632 1.0232849 0.6274958 0.6350825 0.20936723 0.2782372 1.0321217 0.49565905 0.38637525 0.19029297 0.7635061 0.43268162
0.64748967 0.230267 0.19190377 0.38779238 0.77580476 0.27452856 0.77135354 0.38318676 0.84605193 0.9523946 0.12898554 0.7486298 0.20032227 1.0062318 0.7294329 0.21630043 0.2583267 0.75705826 0.49158677 0.2908752
0.7382075 0.5061307 1.033745 0.1453735 0.7482121 0.4783058 0.36516893 0.6282543 0.29806632 0.5467575 0.19021769 0.3216959 0.35876715 0.89019626 0.61187345 0.9890913 0.8596272 1.0379133 0.4946808 0.38737726
0.32053092 0.7792474 0.83503586 0.54656386 0.77701586 0.6561676 0.82509494 0.70625347 -0.06234832 0.36117846 0.009514978 0.5934 0.84530073 -0.006812953 0.18163054 0.15519916 0.224755 0.5519389 0.30051044 0.21491319
0.18939951 0.73667526 0.96221477 0.22368173 0.24821632 0.39581078 1.0039905 0.08261389 0.44523835 0.31348473 0.32545865 0.36176014 0.3891775 0.122300595 0.5508167 0.92658687 0.8277104 0.20740996 0.13146074 0.061831467
