0.8061862 0.7908459 0.7375077 0.020861588 0.70156866 -0.0355478 0.20034522 0.33788574 0.6737903 0.7451836 0.86052537 0.43016624 0.65159464 0.45910645 0.40805715 0.090144426 0.7070188 0.056142747 0.8610493 0.5446884
0.8205411 0.6356261 0.07524448 0.84886545 0.5253655 0.32661015 0.32346675 0.41118082 0.50603676 0.67538553 0.59409356 0.15579374 0.62589055 0.569182 0.023546942 -0.02388144 0.48886874 0.27894825 0.103968255 0.85923123
0.46516627 0.57614976 0.87162083 0.8503806 0.23330624 0.8288461 0.64509726 0.35213053 0.06792446 0.89907676 0.6752018 0.1849211 0.93060344 0.25234422 0.61592746 0.5056365 0.8293807 0.63235116 0.7355597 0.103562534
0.4848616 0.16650149 0.022526102 0.29730883 0.57989764 0.68786144 0.31693527 -0.032691274 0.8884718 0.24005546 0.38274252 0.15722172 0.16420463 0.9010703 0.5332869 0.20572886 0.7576065 0.8900202 0.53821343 0.38517985
0.7776509 0.5227354 0.73881793 0.1825001 0.104190655 0.34980923 -0.03957127 0.47439846 0.83722514 0.4459571 0.7403491 0.6494199 0.24830525 0.36244407 0.77337354 0.8801567 0.8538403 0.7623756 0.50244737 -0.05053894
0.38106495 0.16111544 0.5902586 0.6734756 0.20226297 0.39759183 0.86980444 0.6454131 0.9093174 1.0370347 0.11257062 0.8867211 1.0308841 0.88535404 0.59688425 0.65262103 0.23358744 0.44740218 0.19356516 0.40265164
0.8034818 0.4700375 0.6344169 0.14129525 0.7017779 0.24461961 0.70053625 0.38153258 0.86864096 0.62633175 0.042879872 0.7867034 0.5894643 0.4340347 0.8072817 0.9299059 0.8767854 0.68237776 0.42739147 0.16033755
0.63818085 0.6465279 0.25728482 0.65417045 0.52714384 0.27490053 0.3221626 0.64134204 0.8549188 0.7661947 0.6397152 0.17483388 0.27850905 0.79630893 0.88067514 0.056916676 0.69666797 0.017708905 0.3885076 0.69048953
0.6624239 0.06819137 0.21528547 0.5466245 0.77184576 0.5189372 0.2730716 0.46082678 0.48313072 0.29959282 0.6895057 0.60055035 0.44515026 0.35185078 0.42999387 0.31105703 0.8126624 0.34800938 0.99043983 0.7635166
0.8338695 0.14481393 0.26668772 0.70919156 0.3957832 0.15587664 0.43078578 0.7888042 0.7912034 0.3912359 0.8838414 0.931761 0.59044236 0.35145432 0.51667774 0.8629753 0.63369596 0.16044006 1.042799 0.46175727
0.3223899 0.35947528 0.014224222 0.8833465 0.7386782 0.7296577 0.7452756 0.48657247 0.7977582 0.8831403 0.82368064 0.22519957 -0.02368123 -0.043651517 0.4012251 0.13474849 0.7674986 0.60072094 0.02953972 -0.032636162
0.8980979 0.55722517 0.08557356 0.20777032 0.09925727 0.900374 0.27552897 0.89458174 0.5870605 0.45754364 0.67942655 0.5000049 0.8192713 0.031625316 0.37201154 0.37966794 0.59398514 0.19627523 0.70936376 0.696758
0.66760224 0.091374196 0.6173845 0.33787274 0.77783865 0.45514408 0.22419007 0.9050088 0.91651326 0.78604543 0.50276476 0.31956849 0.24266975 0.14377739 0.5204616 0.87594676 0.834803 0.5570633 0.03308952 0.4071866
0.44936544 0.67384666 0.60060203 0.2925866 0.45992213 0.18415098 0.5045049 0.7677197 0.5952647 0.33597785 0.7883258 0.623878 0.90569603 0.21808334 0.8143217 0.82975584 1.0046095 0.47571832 0.67535245 0.1511096
1.0357375 0.9871986 0.8049212 0.5798681 0.42973268 0.79363954 0.6507281 0.24262187 0.4921466 1.1035774 0.2564413 0.275678 0.46965873 0.41150412 0.81641924 0.31911206 0.9162341 0.6008711 0.73228574 0.8655375
0.22146572 0.6903299 0.754274 0.14669175 0.9615418 0.7298367 0.4805278 0.8390358 0.41736394 0.4193497 0.4585901 0.40134767 0.73616856 0.066968486 0.091947556 0.2687172 0.8469662 0.47147274 0.48295623 0.6703978
0.6962825 0.79263335 0.29821232 0.978672 0.89609265 0.8634604 0.86366004 0.18081455 0.99698335 0.9222142 0.89477724 0.20832333 0.101433754 0.45050576 0.90783656 0.3500687 0.15281725 0.9000338 0.60466933 0.7241347
0.92054176 0.13023067 0.36094123 0.75947547 0.35490367 0.60079277 0.71392167 0.7203709 0.29639992 0.3317892 0.83397245 0.6796547 0.952693 0.8893734 0.6730456 0.89714324 0.50324357 0.1615436 0.08474685 0.4488303
0.13626757 0.6228333 0.8695715 0.8748576 0.48960862 0.920333 0.063995786 0.14873126 0.6453381 0.3925796 0.116023205 0.54490286 0.16830184 0.21426407 0.695509 0.48993343 0.8582 0.075119086 0.87976724 0.8756633
0.2064639 0.42409825 0.66045636 0.9434446 0.99202824 0.2989845 0.9888721 0.78604347 0.47742712 0.49460748 0.3852922 0.75753313 0.43292654 0.6859583 0.2638146 1.0801055 0.22076964 0.6141191 0.37245202 0.3348632
0.31904295 0.5108372 0.88406664 0.16213626 0.5676533 0.3457389 0.7608417 0.30891767 0.16490991 0.34742162 1.0006378 0.22040766 0.5384783 1.006554 0.9905382 0.34771097 0.51438785 0.41769344 0.9095689 0.94634527
0.58852667 0.23309217 0.6926687 0.94215524 0.7759796 0.96505547 0.47138754 0.71361196 0.3971481 0.71182406 0.12128956 0.488906 0.2921332 0.117803566 0.6958453 0.516242 0.05451578 0.4279261 0.58635604 0.42651346
0.91175044 0.29867557 1.0093695 0.46018288 0.16614929 0.74811435 0.43672198 0.2918245 0.8920093 0.19298796 0.81863403 0.5822906 0.38443893 0.22984378 0.3852212 0.69233036 0.24869043 0.26884133 0.8384886 0.4869335
0.64412737 0.8839177 0.68380004 0.46857777 0.5546354 0.53054553 0.39235038 0.9735662 0.3985226 0.83197945 0.51521665 0.9310218 0.38792506 0.4243459 0.3058559 0.38298267 0.78939927 0.20747826 0.55522144 0.7020957
0.6401548 0.66256243 0.63974833 0.9153968 0.24413066 0.6650807 0.9782246 0.15075281 0.2733855 0.6004032 0.86165243 0.45875412 0.55824655 0.6287648 0.14354937 0.5370129 0.49352556 0.67143244 0.5042438 0.88345444
