0.15169893 0.673179 0.36517856 0.81891257 0.37394345 0.6284963 0.379399 0.98297757 0.28527728 0.44650862 0.9770272 0.31359148 0.29590836 0.98802733 0.19520481 0.47783443 0.77780384 0.5134917 0.1882652 0.31343207
0.7043758 0.2780329 0.25612363 0.78849715 0.47097772 0.7784118 0.35833853 0.7532724 0.37812892 0.70922095 1.0142901 0.82638204 0.10453501 0.52989167 0.9221728 0.8870118 0.37085316 0.6260047 0.9778932 1.0153606
0.030229604 0.5703921 0.74985635 0.2891855 0.3892633 0.44465843 0.29120922 0.39597854 0.6416502 0.19352338 0.86522543 0.6122517 0.8948894 0.05137925 0.7934781 0.09782584 0.8597248 0.3701591 0.84125614 0.8701791
0.7161965 0.7624469 0.38161728 0.96037436 0.34581885 0.17699082 0.3354709 0.2350539 0.57753783 0.7421378 0.015861316 0.136817 0.72400016 0.5680307 0.54833597 0.5156345 0.8889944 0.18596949 0.5623584 0.59150726
0.455407 0.55372226 0.74690026 0.008725347 0.44574133 0.56218886 0.14610265 0.07034534 0.15151952 0.7684343 0.46926513 -0.010231477 0.32765985 0.48734653 0.67385644 0.23526247 0.6101991 0.442145 0.87725407 0.5922025
0.18474501 0.37581247 0.8883447 0.2976378 0.78256655 0.781262 0.008541698 0.34237912 0.21970783 0.8671554 0.8609546 0.35356024 0.38739532 0.7148686 0.009901285 0.43916386 0.33236897 0.34797144 0.36470702 0.10580963
0.34990954 0.70526165 0.7426174 1.0138398 0.4168789 0.35435942 0.29155645 0.5084539 0.7068383 0.1427334 1.033137 0.14821582 0.4450423 0.6895114 0.47588912 0.5798833 0.25398088 0.46885392 0.41946435 0.50517744
0.024334554 0.972942 0.536137 0.610204 0.6586161 0.40686402 0.049588524 0.5569601 0.2878776 0.24295971 0.5407767 0.6140023 0.6161314 0.66980046 0.4293694 0.30722436 0.7374188 0.51728225 0.46632046 0.7409388
0.6548433 0.7888662 0.74722475 0.14915834 0.90685964 0.32099143 0.093439534 0.5203332 0.9119358 0.41931155 0.48828506 0.81685126 0.5537999 0.77759653 0.49159023 0.22309613 0.6131048 0.8239716 0.4448382 0.58808905
0.18774515 0.6859324 0.14183803 0.75526017 0.3881184 0.31888545 0.39432365 0.5532723 0.2751555 0.43979818 0.60240763 0.26874065 0.5867345 0.50085604 0.47584757 0.4331435 0.6830537 0.43305025 0.5523332 0.11790016
0.8114338 0.23588073 0.5171097 0.74089634 0.5120564 0.40555605 0.18814382 0.068957224 0.59619004 0.028878417 0.6863207 0.26416788 0.64765847 0.29814404 0.8218753 0.4941807 0.17423753 0.6294571 0.0638742 0.54465765
0.25180432 0.6440299 0.50053275 1.0786289 0.33144295 0.3887102 0.19488361 0.46148986 0.70169574 1.1233807 0.650786 0.43286154 0.75172657 1.0775936 0.49443465 0.7691095 1.1150022 0.6275292 0.5743342 0.4938208
0.67392766 -0.026956921 0.7504723 0.029174402 0.44026208 0.5466325 0.7992554 0.75126946 0.74485475 0.031520035 0.14729095 0.29240084 0.89727116 0.64149547 0.55845046 0.5019853 0.48530683 0.75766 0.37872782 0.7483356
0.7127926 0.67917067 0.83893263 0.4186353 0.04571001 0.74875385 0.5302835 0.77094465 0.45304668 0.7038271 0.44827798 0.16946197 0.61699176 0.908997 0.5068441 0.77852327 0.5543869 0.13130875 0.42392296 0.9247138
0.64573157 0.5451809 0.9013732 0.9370208 0.79888684 0.96615607 0.16894877 0.23092963 0.394769 1.026251 0.5644719 0.23326276 0.35347208 0.5553105 0.38291585 0.86807144 0.8854589 0.15985858 0.1623302 0.84217644
0.6565692 0.67051136 0.049923483 0.48925593 0.24468438 1.0180141 0.7957187 0.8991597 0.3425272 0.19041568 0.2998381 0.715473 0.84606725 0.11926086 0.4442781 0.46815997 0.8938486 0.8147106 0.49769697 0.84807795
-0.053617414 0.70659006 0.0862361 0.5349189 0.57987356 0.37270734 0.49897584 0.67909807 0.5433233 0.45011437 0.32734308 0.61929375 0.030177224 0.19728678 0.44294423 0.7824833 0.62264913 0.75364566 0.48384672 0.31019795
0.7373945 0.2228003 0.49007204 0.6421394 0.98312396 0.4093844 0.24566202 0.8140119 0.46120855 0.5616878 0.38132498 0.53638244 0.6196623 0.9936703 0.28222913 0.20640923 1.0978372 1.1157305 0.34707525 0.238907
1.125119 0.49437615 0.45141175 0.91493976 0.9635095 0.33532465 0.46769655 0.79983497 0.35114843 0.40785637 0.3241708 0.8489284 1.0096786 0.6132394 1.0410837 1.0012863 0.17650847 0.45252886 0.27159894 0.5959872
0.7543351 0.49440026 0.18017182 0.64337415 0.57014775 0.89258444 0.63417983 0.73847574 0.45606172 0.11004891 0.7823132 0.09716734 0.24293838 0.24930233 0.2694521 0.89834636 0.24440068 0.64041734 0.7074702 0.37052697
0.25559893 0.33541262 1.0520238 0.50538653 0.9982667 0.5360872 0.82317114 0.69043124 0.52976286 0.4242257 0.89568126 0.3092186 0.2449781 0.6849915 0.6256868 0.9866431 0.3854625 0.38961825 0.46622434 0.41343024
0.39017785 0.5968882 0.061349757 0.14886507 0.096173316 0.61524117 0.24139899 0.033419978 0.26065338 0.15324046 0.29861012 0.95459217 0.33636364 0.13428086 0.38219082 0.31385958 0.9451825 0.6801955 0.3814235 0.4170326
0.26859415 0.2538518 0.47915038 0.6791469 0.94655097 0.8974152 0.95191616 0.48505402 1.0281687 0.33734405 0.89046305 0.9223707 1.0836601 0.4275079 0.7501569 0.8980391 0.37800762 0.52190953 0.27367294 0.24484193
0.17479539 0.55658287 0.34056866 0.44084007 1.0098988 0.33861756 0.16110629 1.000671 0.71262896 0.9035116 0.6249522 0.7802773 0.17146492 0.26925904 0.4875911 0.3407845 0.80921143 0.14072703 0.63734335 0.24795392
0.88376296 0.62909347 0.7516882 0.42416686 0.0596053 0.8992828 0.76411855 0.732035 0.33791175 0.27269384 0.28400472 0.9260088 0.83840287 0.2644724 0.752941 0.2531438 -0.011123977 0.08196731 0.37131456 0.732901
