0.9112063 0.9360889 0.61686516 0.75798327 0.5659475 0.69527096 0.6328728 0.440833 0.35902044 0.17051278 0.76226753 0.3392634 0.6971867 0.2064848 0.46686524 0.6800524 0.33894783 0.6139255 0.65483177 0.56770116
0.37296826 0.24298668 0.30330858 0.39379948 0.6363861 0.46436495 0.54846424 0.47192264 0.29801285 0.9312044 0.23607595 0.5881283 0.78369397 0.8348668 0.5547432 0.65318274 0.2761477 0.30614105 0.54895526 0.5577638
0.21044081 0.24607691 0.81469476 0.80802304 0.19004591 0.60521084 0.3495972 0.9174877 0.16278397 0.24471596 0.8452255 0.5723069 0.82763404 0.4722694 0.8416931 0.72022885 0.9874666 0.27256697 0.66794086 0.7405936
0.73593986 0.87350494 0.20421235 0.5425121 0.26178828 0.28829485 0.11025083 0.039378148 0.62451786 0.18491022 0.55893207 0.15480337 0.17769615 0.87004656 0.30354574 0.84156424 0.49764547 0.7565475 0.2176437 0.55217034
0.5574287 0.30071592 0.75311226 0.26019865 0.4452735 0.67308986 0.8250578 0.19146663 0.08953569 0.32277295 0.80304027 0.8665069 1.0178549 0.75900555 0.92545056 0.35167518 0.74953514 0.13567248 0.8251851 0.47706857
0.25189418 0.45468652 1.0025082 0.8447709 0.21104588 0.52807117 0.2939549 0.7727606 0.6296185 0.17716864 0.42564124 0.3279528 0.15955088 0.705846 0.9341606 0.81914985 0.29593036 0.8633195 0.7398382 0.7802075
-0.05064511 0.8086442 0.87436473 0.7973713 0.52732843 0.85455173 0.8367691 0.40229553 0.536634 0.5604593 0.33857337 0.2705736 0.3851477 0.33616605 0.47209144 0.043433048 0.74393165 0.31050274 0.2199681 0.6196037
0.6453106 0.40682986 0.41260672 0.79734933 0.38576877 0.15875931 0.9200668 0.7391574 0.99815434 0.7033003 0.95203674 0.67367893 0.77754796 0.3118126 0.47211513 0.51612157 0.35335425 0.8896428 0.4041072 0.09511494
0.5661531 0.18676135 0.9034394 0.42928484 0.26011083 0.70547295 0.43307385 0.72691315 0.3806871 0.19408917 0.58447343 0.074545845 0.8252418 0.88728625 0.45325914 0.69563746 0.14757486 0.34495047 0.5571032 0.83279747
0.44425094 0.938438 0.2414586 0.45774963 0.92470765 1.0197797 0.8325613 0.31156 0.13728352 0.62840295 0.5464254 0.44988027 0.121757135 0.26069304 0.35924762 0.5862133 0.8039047 0.2530535 0.3567341 0.3084396
0.34168163 0.44097558 0.64873064 0.20286211 0.67668015 0.92274 0.44854888 0.60719043 0.48136383 0.9231387 0.09285602 0.9286185 0.73079437 0.25882092 0.45354512 0.5955064 0.7379108 0.61634684 0.14306886 0.06375722
0.5879485 0.53130233 0.23994572 0.3799372 0.46464637 0.44038236 0.4792213 0.7843139 0.7814563 0.5064593 0.30071744 0.6790492 0.56210035 0.63762987 0.8886478 0.33103663 0.16645208 0.1157231 0.6926606 0.5431804
0.2606095 0.5161104 0.6721881 0.67909634 0.2650008 0.4329843 0.19779266 0.44941846 0.6527216 0.5026816 0.5101209 0.09178455 0.43919462 -0.22727993 0.53454226 -0.20086266 0.10782907 0.31042632 0.54978675 0.43261504
0.109436266 0.33149123 0.32122535 0.6089299 0.5421155 0.47990665 0.9318278 0.7954732 0.30889526 0.20386171 0.30115685 0.775694 0.26080605 0.8270623 0.6414057 0.5003689 0.5145556 0.45234367 0.6926218 0.53907067
0.89636904 0.61167926 0.24120222 0.37200415 0.44331795 0.12642547 0.09102924 0.84268713 0.97423035 0.65194815 0.6676668 0.28468964 0.35747197 0.2161948 0.21843816 0.18071902 0.45432988 0.20062946 0.82667464 0.13733688
0.32943195 0.34238538 0.26572004 0.48707393 0.22921096 0.49313024 0.50656843 0.19023827 0.055911046 0.19562882 0.1407296 0.137233 0.19328067 0.69519126 0.5957632 0.7676129 0.79990005 0.15728994 0.57721764 0.271541
0.5743909 0.9337148 0.50652784 0.30241597 0.4465006 0.21176353 0.6177767 0.9207754 0.37806466 0.82076555 0.72083926 0.07898238 0.33733875 0.82503015 0.626565 0.31548446 0.9857154 0.48943362 0.882991 0.32760903
0.18158692 0.8248463 0.28955057 1.0603311 0.28521314 0.55889267 0.4143424 0.13249967 0.80235213 1.0006683 0.74298364 0.30399784 0.9005353 0.9912283 0.5956356 0.3407733 0.62084085 0.36395597 0.680143 0.49107918
0.23574378 0.50567496 0.40511554 0.6224213 0.7546968 0.8550499 0.8233894 0.67209804 0.20047773 0.30669928 0.89821994 0.33163303 0.69380105 0.027328577 0.2842081 0.47664192 0.8665406 0.79184103 0.8066803 0.8963052
0.14487879 0.13858278 0.95154256 0.99014026 0.28379914 0.48266426 0.5210594 0.396639 0.76306283 0.91892654 0.7688094 0.08962533 0.7251007 0.55847746 0.070951104 0.20036742 0.48477653 0.68544614 0.54719573 0.5037924
-0.053171378 0.72735745 0.286782 -0.09528575 0.82433265 0.17349508 0.7965479 0.8202619 -0.018321484 0.34612602 0.37105432 0.6720823 0.7401254 0.54221207 0.4758175 0.09028305 0.42280793 0.7627021 0.266679 0.5367419
0.53560656 0.5286478 0.33624357 0.046343084 0.78654265 0.7589986 0.80282444 0.3873555 0.88155836 0.47526506 0.51253873 0.29393145 0.7543274 0.3922414 0.5180866 0.2971679 0.8145877 0.21534687 0.68025273 0.06468979
0.8890058 0.018912377 0.1443256 0.8596506 0.22935563 0.7463121 0.8750448 -0.044502433 0.10893579 0.0023623137 0.54568374 0.22797117 0.67191917 -0.025064113 0.5020054 0.3322851 0.47394207 0.70500594 0.7226433 0.7369323
0.44558644 0.44786003 0.25965923 -0.1857069 0.23976424 0.67697 0.16435795 0.40830112 0.123848476 0.57964414 0.47795692 0.23183721 0.59852815 0.6453856 0.29427382 0.4297413 0.064216234 0.6118097 0.18658765 0.5398053
0.2380138 0.85341954 0.4438776 0.41078442 0.73624027 0.9323823 0.27170736 0.25865248 0.5520351 0.5503821 0.9451585 0.041469157 0.33815 0.59254646 0.32467788 0.01547903 0.9468323 0.90264493 0.25712213 0.3415675
