0.6878953 0.28348082 0.7573067 0.25570086 0.17855896 0.47018325 0.48353755 0.64426965 0.8293851 0.67647177 0.69197214 0.65663356 0.39366427 0.09281275 0.117268324 0.32441914 0.2903569 0.8157698 0.45384517 0.88628644
0.21056587 0.80259866 0.08889732 0.7574583 0.8725362 0.6464022 0.6600076 0.6491941 0.83222234 0.6735539 0.40299553 0.44369444 0.86255985 0.33896974 0.4624131 0.7896758 0.8983793 0.24245869 0.29015458 0.38428468
0.8877962 0.3044534 0.22030509 1.0113038 0.51736915 0.9481581 0.24485467 0.2441493 0.56309164 0.95354503 0.63625044 0.38621458 0.8836957 0.07360598 0.27230164 0.3123204 0.24472477 0.23412937 0.5029585 0.7354096
0.79932994 0.9081312 0.6244948 0.8172157 0.5378358 0.35034445 0.30352837 0.92102826 0.48685154 1.0146536 1.0241214 0.72357297 0.21233107 0.8369252 0.20120521 0.14242734 0.4157037 1.0655752 0.17663069 0.15028591
0.5171411 0.6165552 0.39608985 0.5379796 0.90561444 0.60378987 1.0105556 0.950009 1.036159 0.92515826 0.360757 0.73496956 0.29048127 0.24150608 0.14323035 0.42883784 0.5296188 0.7437126 0.45821622 0.15402496
0.44919622 0.24259771 0.39669225 0.927872 0.12310616 1.0212132 0.33182877 0.6643268 0.27576777 0.48815385 0.66134644 1.0156388 0.35434854 0.37750843 0.9641788 0.8292653 0.42797142 1.0141599 0.5455541 0.5004414
0.62681043 0.47109702 0.54432 0.84345394 0.49341184 0.44944447 0.52452224 -0.07200159 0.32523417 -0.041583754 0.52729416 0.0024660043 0.4341405 0.7505014 0.73910505 0.49629506 0.27121288 -0.027624877 0.34654373 0.7306299
0.56553584 0.24247347 0.112987824 0.76598734 0.3774856 0.68689805 0.8574188 0.92148155 0.18233405 0.7178714 0.14625852 0.70791185 0.5545262 0.41589978 0.74788696 0.3677165 0.014078635 0.05394525 0.69832 0.8287118
0.80464417 0.11257597 0.033714365 0.4124517 0.68622476 0.5091282 0.68972534 0.3967432 0.0032527929 0.53207874 0.10407233 0.7899589 -0.010785179 0.14659601 -0.12512521 0.34472176 0.6379463 -0.14724006 0.7800344 0.65793353
1.1735526 0.7740979 0.39838138 0.29713959 0.6023048 0.42651406 0.5033173 0.9107855 0.6839636 0.83491176 0.44626454 1.120472 0.6744085 0.6880184 0.49324343 0.7006461 0.422108 0.33263594 0.822003 0.43199575
0.06101837 0.67720634 0.18275541 0.61401755 0.36328122 0.37560168 0.5647304 0.3558488 0.7944205 0.6066915 0.48571005 0.72675246 0.78332263 0.8155169 0.21488039 0.7146344 0.38373426 0.7694708 0.32231364 0.22345608
0.55579525 0.4690025 0.79224175 0.3579984 0.47138873 0.50254786 0.9603576 0.5608484 0.32092306 0.7063955 0.33266318 0.3997353 0.4926569 0.50376105 0.1873955 1.0912858 0.28632784 0.61271733 1.0478377 0.84866434
0.36686212 0.4341402 0.307356 1.0987473 0.6887987 0.49447337 0.3238173 0.25465325 0.77687436 0.39015797 0.48866248 0.7327984 0.57464373 0.4725459 0.9088623 0.8905019 0.39828232 1.13838 0.55082846 0.3357737
0.21413037 0.13060577 0.92740047 0.42409685 0.117530815 0.54407984 0.07685541 0.5707134 0.2090372 0.53599083 0.65942985 0.8950068 0.90712035 0.973136 0.8851465 0.38726485 0.3344222 0.8067414 0.9007538 0.9535379
0.4626008 0.27760234 0.110075206 0.95090365 0.9447997 0.20402743 0.8169294 0.5715633 0.6527355 0.21869893 0.019356623 0.098736934 0.026747083 0.5077442 0.42549992 0.4370988 0.18500786 0.17314743 0.5642718 0.95913494
0.15696229 0.6019396 0.1899829 0.3774944 0.3149214 0.640498 0.29183194 0.68320245 0.8723381 0.18261766 0.59252393 0.7874326 0.88553256 0.5085873 0.1761155 0.44894874 0.56725156 0.73380476 0.8718697 0.3131147
0.19846047 0.16175644 0.3179299 0.9154652 0.6629687 0.50565207 0.41904292 0.889327 0.6745881 0.5799506 0.87151456 0.18131821 0.24999344 0.47133845 0.44489995 0.78788453 0.9672594 0.7059605 0.6208794 1.0539683
0.779934 0.42705938 0.2610697 0.8815948 1.0561298 0.59685755 0.18719177 0.4364455 0.20394593 0.36643496 0.21878739 0.22394839 0.76252997 0.56765616 0.8172916 0.73851794 1.0362225 0.7052302 0.82045776 0.3224159
0.1877764 0.24464476 0.6476157 0.56305546 0.88247085 0.7926473 0.6716334 0.52649647 0.18923362 0.20176277 0.95178205 0.3846451 1.0594181 0.84730047 0.4134351 0.33804664 0.16829093 0.92717576 0.9610918 0.47553825
0.8717451 0.4558731 0.8103799 0.89400905 0.3760661 0.4745672 0.8018253 0.557394 0.3234353 0.929578 0.39806488 0.9567991 0.39545015 0.42584085 0.18725362 0.44709274 0.64913064 1.0405054 0.36258525 0.34583837
0.38419613 0.28010067 0.12656684 0.09090513 0.6914219 0.35294104 0.9547925 0.1417628 0.48568186 0.75034493 0.941193 0.47301406 0.2873823 0.20291571 0.5390416 0.80974 0.5642486 0.35047033 0.922442 0.8474265
0.71023816 0.7531596 0.444898 1.024568 0.5571184 0.5047752 1.0220269 0.96151036 0.7318878 0.76401186 0.73314416 0.56434166 0.7275775 0.18474637 0.5811506 0.58664626 0.1567198 0.11674552 0.17452817 0.38747007
0.6659981 0.3083393 0.12737554 0.16877526 0.30917913 0.5092023 0.5675329 0.75874776 0.68937194 0.7563945 0.049241703 0.58481514 0.65118474 -0.12856005 0.7052718 -0.0830853 0.24175408 0.60231715 0.42609835 0.73949885
0.74462813 0.2011477 0.56767905 0.68870145 0.44467896 0.35720935 0.12201393 0.029867727 0.57685834 0.3343639 0.14956406 0.14368588 0.63778216 0.7969826 0.019054 0.06716505 0.5659517 0.9298999 0.16846575 0.92954516
0.15499552 0.37022677 0.9696908 0.46550286 0.28452507 0.5365144 0.25767967 0.121497564 0.41016337 0.9168611 0.63308287 0.42758632 0.40063584 0.7520674 0.20856632 0.18466637 0.4631299 0.07164226 0.6423109 0.33756787
