0.8628457 0.17783038 1.0785546 0.47386593 0.78342634 0.47606727 0.1690044 0.7360641 0.3854768 0.30832234 0.9696016 0.6263327 0.668185 0.70518637 0.6967132 0.49608022 0.35895792 0.41322452 0.87274784 0.40533242
0.75253356 0.4318991 0.4491981 0.2384737 0.24811724 0.5794348 0.5735143 0.23797393 0.54309255 0.89331585 0.34346226 0.6608407 0.38023764 1.0905837 0.5038249 0.8208454 0.6110196 0.7397839 0.42896092 0.82865196
0.48638082 0.13369003 0.6850177 0.27224767 0.45866993 0.56450254 0.69830626 0.45326728 0.24211091 0.61164206 0.86338043 0.30426294 0.6096655 0.53886807 1.0744855 0.308308 0.7771594 1.0460656 0.24430206 0.99312586
0.6515271 0.5396758 0.95896477 0.10957213 0.6283014 0.13586614 0.74005246 0.36895967 0.63705254 0.14597404 0.5566784 0.16944496 0.89359736 0.7498767 0.61117584 0.3187247 0.11602012 0.17140976 0.624644 0.6653591
0.1576073 0.46962193 1.0400534 0.4102361 0.84545904 0.61214215 0.2877103 0.27549133 0.17476988 0.55263305 0.22152027 0.32862496 0.7529642 0.8157472 0.7889605 0.8296046 0.1646757 0.8414523 0.36676192 0.16724202
0.45228577 0.5674974 0.9732782 0.38274583 0.8233941 0.893075 1.0104063 0.69841045 0.63302076 0.85084486 0.93541324 0.5692745 0.14416917 0.08400258 0.6173019 0.6569314 0.14671026 0.3310292 0.39147907 0.47588643
0.4031367 0.7624223 0.6912767 0.4778028 0.45905888 0.83430845 0.5278339 0.9453004 0.37619904 0.9157354 0.31812885 0.32260555 0.7318494 0.67015874 0.4551952 0.7112943 0.75108576 0.5609294 0.6975582 1.0564191
0.30642405 1.0033722 0.7477018 0.37476543 0.8556199 0.32896042 0.76707274 1.0354972 0.14966668 0.13029167 0.78153676 0.149524 0.86262846 0.8908283 0.227458 0.30965033 0.308049 0.3734537 0.87751985 0.81640637
0.7061516 0.81118244 0.37008086 1.1562483 1.1124792 0.39075157 0.60061866 0.26483446 0.33090284 0.85982305 0.47315058 0.8339417 0.44909042 1.1310811 0.40497762 0.32630306 0.5830859 0.3166687 0.6338449 0.9687923
0.6672258 0.5411146 0.6784211 0.23442902 0.6702688 0.6174807 0.034162316 0.66968805 0.45743325 0.70790625 0.080489434 0.6630504 0.3753337 0.26501855 0.1798254 0.71213096 0.55185354 0.2211112 0.045388214 0.13414183
0.53083223 0.6807832 0.6583605 0.2407411 0.59195817 0.6706488 0.37654635 0.4937629 1.1351533 1.1296356 0.9972717 0.5527496 0.27393234 0.24503134 0.4375813 0.76962876 0.23980907 0.64462584 0.32431823 0.612292
0.32930037 0.51319915 0.9174077 0.36849537 0.73639727 0.82036144 1.0019667 0.84183997 0.7634529 0.6634347 0.48095977 0.72049665 0.62161505 0.20982236 0.2996695 1.0180645 0.5525895 0.6491876 0.36710417 0.80031
0.8736441 0.95992947 0.2444938 0.6817235 0.7752917 0.36156133 0.84009117 0.40027353 0.6815626 0.27857748 0.9546934 0.21724421 0.5793429 0.7023725 0.7014785 0.40414476 0.30767483 0.83909774 0.30456457 0.32799253
0.52504724 0.8688196 0.31913504 0.12741978 0.27979976 0.3853799 0.73768085 0.3700806 0.94288534 0.68798774 0.29828337 0.33465016 0.7205958 0.9695694 0.50529134 0.85954064 0.41196734 0.8702669 0.29741 0.82044303
0.59168667 0.7863558 0.18946189 0.8518162 0.90635306 0.3660548 0.5713498 0.4280485 0.3819744 0.6049919 0.67946225 0.7773707 0.6302128 0.15718697 0.03533806 0.24161738 0.34726012 0.2048301 0.5744764 0.65810585
0.69299275 0.52878016 1.039826 0.70571786 0.9131704 0.29473722 0.8994533 0.19976416 0.8598814 0.733562 0.37684098 0.22027034 0.7973665 0.21922997 0.9280745 0.42164382 0.19792767 0.5075871 0.39821476 0.67452306
-0.03375748 0.20525545 0.6265011 0.8303611 0.8557819 0.09157242 0.12453942 0.7484641 0.048593536 0.031178636 0.7426793 0.8446539 0.20540936 0.19105764 0.7454145 0.2545041 0.86879224 0.6600312 0.527511 0.057045348
0.07636808 0.26112914 0.8930693 0.59371674 0.36239144 0.6939476 0.2273814 0.81222063 0.22023435 0.89217204 0.90670484 0.69639176 0.6501185 0.63307613 0.28515643 0.7957844 0.85212934 0.5613799 0.20533785 0.8455433
0.90771806 0.8804699 0.7434419 0.98429644 0.47268736 0.9015124 0.6217959 0.7984903 0.824877 0.22127828 0.35165873 0.94942254 0.24012658 0.12664641 0.7484622 0.3942993 0.38850665 0.44008017 0.29286298 0.34438962
0.34471312 0.30771202 0.021951945 0.91547805 0.40450865 0.2987006 0.49234414 0.17953496 0.8939559 0.13974856 0.7431116 0.8898148 0.05697831 0.80492616 0.3281713 0.093068935 0.71438247 0.68773544 0.09423087 0.38714093
0.46595252 0.5738139 0.3714778 0.910048 0.4086443 0.92218816 0.49960515 0.29421687 0.1328595 0.15979853 0.7435848 0.8211867 0.38794374 0.53546727 0.8097024 0.9805535 0.9151157 0.8829634 0.41156712 0.31090838
0.61177176 0.83323556 1.0757651 0.7004467 0.8552655 0.7832076 0.51427644 0.3659041 0.2110504 0.26120496 0.61500037 1.006867 1.0132012 0.17512283 0.64525914 0.3326103 0.710983 0.85082424 0.58531934 0.5627658
0.22164726 0.28789517 0.5117469 0.085566655 0.3865269 0.97204787 0.7999723 0.3235629 0.9042089 0.5307961 0.38049376 0.33152848 0.35645857 0.5103443 0.64403385 0.9226778 0.9169397 0.079887055 0.43710726 0.32552865
0.4886318 0.32150498 0.7333769 0.44234306 0.45180908 0.7517922 0.9945441 0.9520992 0.9833718 0.37823713 0.29321793 0.6479357 0.21595076 0.57014215 1.0906082 0.23386516 0.33217138 0.29511243 0.67569834 0.5913128
0.5022164 0.40362754 1.0012438 0.22293368 0.23881836 0.69897157 0.6159129 0.55511045 0.4003022 0.74871266 0.92781985 0.33238274 0.527802 0.7415162 0.44445333 0.70678526 0.35401532 0.82323 1.0232486 0.261104
