0.588263 0.54307127 0.6241946 0.27614453 0.10839115 0.41003138 0.42849022 0.92370945 0.54774433 0.098984174 0.63173187 0.36393157 0.33206442 0.65079427 0.4398658 0.5068794 0.04376382 0.06154336 0.79339737 0.32686976
0.019076968 0.7961793 0.75927985 0.51684135 0.41907173 0.44789544 0.2017749 0.29144052 0.6066611 0.84146315 0.4402189 0.84127057 0.9184505 0.80556023 0.6535332 0.42433247 0.35229206 0.1354552 0.3057877 0.22579423
0.76183385 0.18527633 0.68138623 0.18742578 0.90842277 0.332514 0.6181629 0.6803186 0.21609755 0.8913831 0.17735596 0.9087471 0.9514725 0.12389511 0.6180328 0.37610736 0.7168799 0.24305846 0.24185534 0.20801832
0.6731397 0.7294547 0.20057866 0.93195486 0.9017997 0.07983011 0.168459 0.13178086 0.7411498 0.4747532 0.64939237 0.5378212 0.24073628 0.36132777 0.5891449 0.98764235 0.5359449 0.27329466 0.38485074 0.26245904
0.7165644 0.882098 0.3585408 0.024987683 0.5206594 0.32832938 0.11691309 0.16559896 0.65567225 0.1758895 0.71780807 0.7770184 0.22949606 0.43861526 0.70727605 0.6380799 0.7249425 0.5167024 0.66647536 0.5238912
0.5900767 0.14565828 0.2724121 0.5099509 0.2798646 0.8061338 0.6987905 0.2525559 0.60109806 0.6849938 0.45942122 0.305676 0.8175712 0.21835212 0.18893482 0.49975106 0.312536 0.27576444 0.73282355 0.1605539
0.350547 0.32960698 0.9403603 0.8660311 0.40363607 0.10088942 0.6427159 0.35289758 0.51934886 0.5621313 0.3531334 0.30657247 0.08242675 0.17867649 0.70523936 0.32567924 0.87725806 0.6209254 0.30569524 0.07417307
0.17294246 0.08528888 0.20860904 0.29987675 0.15128626 0.17894633 0.66568655 0.1430473 0.38676426 0.30237952 0.8691444 0.18610561 0.7003753 0.13544884 0.5367769 0.34494734 0.45750797 0.5105261 0.029836562 0.8841254
0.084098175 0.2790825 0.6064522 0.7905977 0.981213 0.16232106 0.19077775 0.16499029 0.35701454 0.3468939 0.14548671 0.32882237 0.1738249 0.4834132 0.8453327 0.68158245 0.9397471 0.7646511 0.60808 0.9405007
0.9775034 0.7597248 0.560263 0.09476304 0.62034804 0.4225758 0.3655887 0.696876 0.18627858 0.6236838 0.16931039 0.5246602 0.35655674 0.8166186 0.45374137 0.22279215 0.49042925 0.8093268 0.2637534 0.6834685
0.78755605 0.42383522 -0.029479897 0.13830858 0.7330367 0.560684 0.51279336 -0.021909725 0.02489876 0.021750037 0.35530108 0.22515087 0.41722065 0.5678464 0.7696019 0.72035974 -0.027387833 0.0828838 0.36218446 0.7376996
0.6897659 0.16511384 0.5078857 0.16562429 0.16422158 0.19925714 0.74130034 0.2849144 0.058093008 0.62183845 0.82865906 0.7614869 0.8718384 0.5515169 0.06336563 0.41099033 0.76574665 -0.006228832 0.3946539 0.53879786
0.47590268 0.45535776 0.5953277 0.181355 0.5990283 0.6310584 -0.028809728 0.41749176 0.7232039 0.25135338 0.07640054 0.7513142 0.369353 0.792675 0.071600996 0.6896331 0.23271294 0.8327085 0.67257565 0.011008739
0.4751506 0.5654503 0.46456498 0.07279479 0.5292659 0.69089615 0.30211842 0.03369861 0.009845739 0.6328034 0.53098756 0.17481914 0.6906771 0.6237669 0.121285684 0.106912024 0.8560444 0.5309497 0.81726825 0.2682847
-0.009383848 0.01580096 0.74681526 0.66687346 0.56070584 0.031415645 0.4367838 0.38950002 0.37532532 0.5692316 0.47407928 0.26350856 0.73376364 0.37277356 0.10086209 0.5706841 0.3705223 0.8962899 0.7454995 0.25775793
0.058951467 0.52870584 0.13426091 0.11898297 0.27618006 0.42478517 0.180613 0.6709074 0.6353632 0.38220522 0.0015363259 0.7324045 0.623143 0.22509956 0.25814587 -0.19549194 0.12845312 0.7371492 -0.07300725 0.05956592
0.39251193 0.14512588 0.58443636 0.6016044 0.2480251 0.06326109 0.18502341 0.90833455 0.7783974 0.21041349 0.12715092 0.43081233 0.91704756 0.8965792 0.9428058 0.8246192 0.26634023 0.27291515 0.9547389 0.30360386
0.12197457 0.033674896 0.46005782 0.06744303 0.07397297 0.3138025 0.22918116 0.31201914 0.059601884 0.7648012 0.7287955 0.47210625 0.20605992 0.7101409 0.5314023 0.7586896 0.36370248 0.26239726 0.5334587 0.31051642
0.5860341 0.6205012 -0.031317078 0.7105176 0.25850266 0.15791295 0.44449604 0.86643404 0.0077104806 0.6554984 0.78204924 0.6226941 0.21867396 0.17869675 0.5577208 0.2661601 -0.0122053595 0.41481856 0.53412366 0.838949
