0.1391739 0.71036404 0.8439161 0.76789033 1.0559393 0.113316774 0.19197087 0.16227998 0.7952712 0.8467759 0.93365914 0.23605794 0.38310927 0.97860265 0.52581936 0.92844784 0.12557897 0.50289965 0.3691846 0.6231099
1.0713497 0.28599554 0.19299 0.2610604 0.47655737 0.856665 1.0091969 1.1165637 1.1057914 0.18801194 0.54564613 0.664461 1.0371757 0.3892613 1.0341444 0.55747545 0.32101184 0.26533487 0.98130214 0.41927272
0.23494576 0.5884753 0.43856505 0.020109018 0.5309906 0.77567405 0.7950678 0.7729902 0.16248748 0.28229684 0.64926183 0.23582391 0.7150752 0.47866228 0.735197 0.109322384 0.70566016 0.33184808 0.06076473 0.008895261
0.8275366 0.6712527 0.50272954 0.87021196 0.71102566 0.827844 0.48690805 0.21793188 0.58227813 0.81221056 0.942061 0.8997433 0.21829547 0.19745429 0.7925744 1.0929015 0.5472318 0.22160248 0.99659425 0.30540258
0.61055094 0.4303006 0.64103734 0.714802 0.9744714 0.60940844 0.3470783 0.84859407 0.5010867 0.33117437 0.5165916 0.7173009 0.57037497 0.37539896 0.58206165 0.44524688 1.0985535 1.1827949 0.7180538 0.5904119
0.24799018 0.7629938 0.8827814 0.73925626 0.289042 0.14083418 0.30382356 0.5271434 0.8848362 0.8276228 0.5348991 0.46528435 0.34485307 0.89299977 0.08522562 0.4288288 0.031010253 0.14259337 0.097068734 0.23062275
0.013278846 0.74762386 0.4221361 0.7172581 0.50936776 0.569036 0.68769956 0.13663544 0.88873184 0.4052698 0.60990214 0.793495 -0.041969437 0.8406038 0.64722204 0.62291783 0.1833503 0.82228285 0.5398677 0.05191782
0.21531375 0.7212251 0.09111228 0.07029718 0.8615587 0.5777523 0.6677491 0.7584098 0.43708795 0.8691415 1.0027543 0.62502074 0.52515775 0.31693164 0.46101344 0.9357824 0.7403408 0.9534035 0.24654084 0.6160154
0.014135733 0.24714968 0.19621214 0.8975207 0.49483463 0.68061876 0.9360154 0.1799087 0.25885284 0.8254913 0.90088785 0.91835064 0.0125470655 0.8490255 0.4479459 0.2635671 0.4523635 0.14364055 0.76223516 0.6752217
0.73999465 0.596214 0.44897848 0.6171023 0.32795495 0.63138646 0.32204118 -0.03492299 0.30130756 0.24496478 0.6153413 0.55914056 0.5382963 0.63105494 0.80713093 0.25117227 0.22019891 0.45404774 0.38692275 0.1614998
0.22713552 0.7898045 0.7733472 0.48298904 0.63291353 0.010747334 0.9204325 0.2466281 0.82984626 0.23503865 0.78922164 -0.03313737 0.45084575 0.67305535 0.094554394 0.43170604 0.44650868 0.6087141 0.80403394 0.71330106
0.95466775 0.80271506 0.37097886 0.48917598 0.8300425 0.9461279 0.60280454 0.24785869 0.86177903 0.5458348 0.104269 0.46051756 0.52231854 0.7874646 0.1562505 0.58515364 0.1884148 0.011396454 0.86129546 0.95553756
0.34056228 0.20891364 0.5178931 0.39362916 0.2768008 0.037662946 0.6458184 -0.027302349 0.5306661 0.8427441 0.27749822 -0.10330921 0.10940737 0.78050923 -0.067021646 -0.014507309 0.1548277 0.07862347 0.17928432 0.7562888
0.73459667 0.35599512 0.86668324 0.016554119 0.82623965 0.39143386 0.1871086 0.18279406 0.061646074 0.3565084 0.739037 0.75592095 0.36513102 0.5533078 0.043191094 0.40146747 0.33808994 0.70427513 0.27669522 0.68803054
-0.13433117 0.6630617 -0.00976801 0.24957925 0.43916348 -0.08783907 0.7820174 0.80286306 0.5014387 0.69604284 0.6555491 0.10286079 -0.018550104 0.76860756 0.70844233 0.20726639 0.7354208 0.6169096 0.4104115 0.7621542
0.44764814 1.0513095 0.3780059 0.53236187 0.8279433 0.48195395 1.1095442 0.765682 0.5124373 0.8377016 0.4217007 0.41062924 0.7374628 0.33024764 0.1947668 0.4467957 0.4770184 0.37717268 0.79954565 0.36896852
0.44627678 0.6013269 0.9084263 0.5122678 0.6773769 0.6204767 0.4212679 0.8033937 0.8612153 0.7747563 0.1507489 0.79171044 0.427582 0.8894995 0.80116886 0.3294485 0.06013528 0.45313093 0.74272156 0.40546703
0.43604878 0.27803847 0.13927037 0.28199488 0.45157057 0.67877513 0.5522931 0.933959 0.5402168 0.57400227 0.19718523 0.41437614 0.08545998 0.10915647 0.92154807 0.7175877 0.8933765 0.52253646 0.9268013 0.59199053
0.89873457 0.9356013 0.82452035 0.3822749 0.73235357 0.2041068 0.13002351 0.8639446 0.17842332 0.8371022 0.22689445 0.28752217 1.0175002 0.64475846 0.54974216 0.3586754 0.7336835 0.08697941 0.1000826 0.15967047
0.120666675 -0.0004999651 0.7972831 0.7027099 0.7509365 0.8064977 0.5137179 -0.039029263 -0.085984364 0.83149576 0.67310125 0.28104845 0.2679145 0.70846725 0.40861645 0.68824995 0.09819399 0.13414145 0.66114706 0.27900168
0.5561655 0.59916747 -0.16226496 0.4088549 0.5172839 0.6155436 0.5822942 0.4003908 0.26823193 0.3185686 0.46656835 0.17830887 0.11554863 0.6877727 0.104049325 0.14638086 0.29181796 0.61163133 0.247578 0.26778197
0.40882424 0.8258305 0.79523635 0.77021545 0.46850204 0.88429695 0.3579633 0.32123423 1.0366172 0.68845576 0.31987682 0.36892155 0.8434837 0.89343476 0.92599136 0.34646016 0.44975513 0.78870916 0.3829277 0.80834013
0.71633005 0.4786999 0.94193906 0.3899593 0.30103773 0.1898791 0.46211573 0.7093247 0.33545882 0.16732025 0.78661525 0.1203277 0.3202045 0.8398947 0.46781233 0.35920963 0.1455166 0.105733 0.20462719 0.83580625
0.075653285 0.88392115 0.88564074 0.77807283 0.63135606 0.25218534 0.47667307 0.12940708 0.19931203 0.40199307 0.16327749 0.17353857 0.9707804 0.17692664 0.37171194 0.8443107 0.794945 0.15099259 0.9852549 0.64369774
0.7490317 0.78219265 0.53632826 0.39579177 0.6230812 0.35680464 0.13784285 -0.15259853 0.21288833 0.41172087 0.2588222 -0.14595507 0.70771736 0.17506509 0.4880548 0.29699793 0.54072565 0.70756507 0.68801266 0.79273194
