0.779458 1.0510374 0.7314835 0.25477248 0.9476318 1.0803915 1.0115687 0.60858554 0.33398464 0.42314583 0.2996641 0.44332093 0.5312321 0.59788036 1.0576199 0.7308355 0.78030425 0.27571866 0.4950031 0.26379916
0.6310447 0.68013436 0.7490502 0.95217395 0.15287507 0.27587083 0.74890155 0.4620989 0.4565937 0.18857032 0.27933812 0.8775268 0.9630591 0.68749636 0.5988409 0.22376841 0.56399703 0.34390128 0.8726052 0.75977594
0.91369915 0.42201647 0.7304866 0.6450285 0.46075454 1.0410986 0.2570859 0.6046079 0.22299793 0.23191614 0.74479795 0.23396602 0.27908912 0.67154956 1.0728071 0.6793697 0.63613987 0.84804267 0.5847115 0.33985907
0.49234715 0.8071285 0.24476317 0.5168744 0.6723885 1.1604186 0.42908618 0.46686873 0.4341759 0.5754409 0.79724413 0.8529467 0.35106775 0.7975262 0.6191066 1.1419555 0.5609697 0.24537238 1.1148618 0.3942466
0.8609194 0.43760607 0.6662792 0.48332465 0.7861493 0.09743412 0.23685071 0.9413502 0.34375742 0.55054396 0.5024988 0.9609472 0.76745707 0.19187501 0.6140142 0.55966514 1.0322393 0.7207264 0.5274151 0.30016974
0.007711161 0.43200156 0.3721143 0.58737093 0.52529114 0.49608362 0.2734546 0.8655166 0.62783307 0.6751422 0.36782974 0.21583225 0.03900428 0.29538986 0.311398 0.7884712 0.22628123 0.87157905 0.39910752 0.48316723
0.41352242 0.5339724 0.82350266 1.0070322 0.59936947 0.3582813 0.7996393 0.20392446 0.25170192 0.23541604 1.1240538 0.73328775 1.026531 0.41417485 0.7073249 0.87487257 0.6157592 0.48776808 0.8872209 0.65904933
0.6578457 0.3375166 0.02772376 0.8062036 0.7798681 0.7637504 0.027936902 0.62661463 0.7850188 -0.02979128 0.6984773 0.7045221 0.7094221 0.69739723 0.7461294 0.45747662 0.40022653 0.36808127 0.60312873 -0.0049111005
0.7907792 0.7814254 0.15195614 0.555982 0.104951896 0.77258116 0.46391404 0.28894815 0.97410595 0.5611262 0.69762796 0.5730168 0.27145702 0.40759292 0.16881002 0.20395248 0.5754341 0.7973418 0.21125358 0.9527056
0.8038855 0.09722121 0.42813426 0.17290372 0.1306755 0.876546 0.86343247 0.349209 0.13603212 0.77016324 0.934632 0.5431125 0.4552284 0.87527394 1.0384516 0.97150356 0.6595468 0.8756184 0.7818229 0.937286
0.21388306 0.16123292 1.0688747 0.37065786 1.023403 0.4522039 0.55506545 0.9407985 0.82661086 0.7386063 0.5574355 0.7414449 0.6150688 0.23969932 0.4472576 0.69462126 0.64792126 0.63369006 1.0697035 0.7909468
0.8441986 0.57165086 0.5142926 0.31663793 0.6840462 0.63033146 0.7085191 0.70779294 0.85963744 0.71869665 0.39797038 0.5032535 0.24668115 0.86413693 0.37820682 0.5275648 0.6185991 0.8699829 0.49445698 0.23904353
0.4216082 0.4581571 0.6200537 0.3225093 0.65516686 0.36121136 1.0189917 0.42631078 0.5085121 0.46031424 0.8238531 0.59626734 0.21153562 0.20075263 0.6965336 0.49561885 0.8160109 0.24668996 0.33062398 0.41608968
0.69375914 0.49058774 0.5210708 0.70778537 0.13873045 0.56847703 0.6855855 0.14948423 0.37876478 0.26896873 0.7261447 0.14280441 0.49899828 0.1929289 0.11479592 0.02325653 0.43669206 0.15277733 0.07974604 0.46171376
0.51968837 0.14761841 0.043785118 0.767304 0.2899741 0.93670434 0.9421546 0.3466113 0.049547072 0.1538805 0.118169665 0.810055 0.7770931 0.6949677 0.7816475 0.94162387 0.4402534 0.777159 0.16109778 0.42068022
0.78710794 0.6047871 0.25708836 0.8465359 0.70525813 0.52358603 0.51605433 0.25712684 0.8982615 0.79385775 0.20727044 0.23188557 0.8331551 0.7289622 0.8308187 0.35042182 0.5376953 1.086095 0.33514318 0.36161524
0.7007175 0.53607607 0.28095946 0.73679644 0.2540287 0.8559706 0.5863965 0.63623303 0.8692356 0.27540424 0.8832366 0.16804793 0.40737754 0.8311091 0.97071326 0.81795526 0.6357472 0.34399617 0.423206 0.32305098
0.025475418 0.87790805 0.1329859 0.17454974 0.26483515 0.42170468 0.44006833 0.61698955 0.40557328 0.928469 0.5338573 0.58016926 0.44704354 0.3438305 0.7756713 0.20803182 0.11898797 0.2612375 0.93255264 0.24785839
0.31618023 1.1768723 0.30567563 0.6352409 0.70254105 1.0526179 0.35092062 0.42179316 0.2971106 0.60148853 1.0084003 0.28618804 0.40232703 1.0947683 0.4600449 1.1093261 0.7460223 0.22970055 0.57173353 0.9332419
0.9425518 0.52039844 1.1387814 0.6974319 0.83743274 1.0641389 0.31066394 0.2255026 0.38994575 0.5283737 0.973475 0.58031243 0.9367869 0.7573407 0.2740776 0.4204581 0.49506444 0.73028654 0.2646759 0.55561376
0.45246533 0.749111 0.1570147 0.087352 0.62691146 0.15175308 0.33241266 0.03648617 0.05207474 0.71197873 0.57249814 0.52014947 0.3299414 0.12877989 0.049472425 0.74750847 0.483705 0.007066855 0.062130578 0.7799689
0.53411937 -0.02585669 0.48203224 0.24439082 0.1898834 0.473095 0.35936397 -0.047148854 0.096365444 -0.08816994 0.8041624 0.6264207 0.41966572 0.5453895 0.35768488 0.48203427 0.35043678 0.030380739 0.6684743 0.753283
0.58680004 0.17116131 0.39669266 0.6971843 0.83567375 0.20120458 0.8283772 0.7214929 0.64750206 0.2786164 0.6406166 0.20869383 0.847746 0.62945503 0.7577751 0.33200973 0.37390652 1.0302389 0.56329393 0.67894596
0.9465916 0.14666377 0.21215774 0.8401042 0.784657 0.29171675 0.417465 0.94700336 0.6470865 0.92376494 0.48292518 0.7910487 0.5008213 0.8913296 0.2739367 0.19909711 0.93426096 0.6467064 0.8946046 0.92652506
0.18897167 0.6069596 0.53334564 0.41530302 0.026581008 0.6505065 0.6502374 0.739766 0.67195326 0.69451165 0.03318382 0.65896875 0.76113266 0.7782489 0.06329832 0.21298032 0.62229294 0.64978313 0.5906865 0.382452
