0.51514524 0.4240435 0.9289651 0.15775071 0.55384046 0.63752604 0.23601323 0.41178486 0.23042597 0.4925135 0.31668222 0.71045727 0.27910936 0.52023613 0.6593039 0.16743948 0.88926727 0.9317319 0.63288903 0.48739037
0.74629235 0.37001747 0.67965937 0.8161133 0.31895342 0.7971346 0.444467 0.37403283 0.71935195 0.49267143 0.71126413 0.05949651 0.42641214 0.7120686 0.80340767 0.32441434 0.48170793 0.80504495 0.6552499 0.52705044
0.46959066 0.4007874 0.9036253 0.29833245 0.2954977 0.3457847 0.21675879 0.66985196 0.19946642 0.856519 0.41877913 0.37594947 0.5944047 0.40764353 0.12376878 0.678897 0.21264464 0.34258515 0.72387373 0.31554034
0.16816825 0.2965698 0.64356124 0.06224823 0.93621063 0.16569696 0.98143935 0.30502197 0.07538548 0.31952673 0.67069495 0.6839674 0.31040797 0.25488913 0.89425534 0.46956813 0.87466985 0.63278615 0.9691862 0.40937346
0.31533688 0.25456747 0.35599774 0.68162566 1.002856 0.9621591 0.50252706 0.8962397 0.64841634 0.2678587 0.8415615 0.779075 0.18403761 0.26815888 0.8233579 0.4448143 0.36754352 0.32869214 0.973854 0.77623004
0.26382297 0.09462192 0.65095854 0.76134104 0.47346818 0.609881 0.8605368 0.8140659 0.24058248 0.047062077 0.076756075 0.7528516 0.36512408 0.4259508 0.42600092 0.8397848 0.4630631 0.06829848 0.024938716 0.5629072
0.7884459 0.18222424 0.8804324 0.17456691 1.0168341 0.16477314 0.76717573 0.73308 0.6432763 0.8577455 0.9258549 0.9210394 0.6305896 0.5164244 0.6598619 0.82755315 0.51714283 0.18675165 0.09876474 0.10407963
1.054528 0.48177153 0.8135271 1.0403181 0.73258585 0.37494367 0.8521582 0.106174394 0.13223335 0.2698406 0.28960976 1.0569258 0.93389565 0.62547976 0.53576297 0.8704195 0.7510537 0.28372234 0.114659496 0.18391256
0.10962386 0.09614185 0.6503061 0.29970166 0.9039317 1.0049587 0.3065258 0.1316454 0.12309001 0.50599986 0.4298043 0.60023886 0.86548024 0.45958 0.16140705 0.6242412 1.0444047 0.38764006 0.34564623 0.8480507
0.83768 0.6924916 0.78877926 0.47038502 0.48237458 0.6349288 0.8369885 0.046134446 0.26606643 0.76921654 0.14049123 0.50076574 0.25111407 0.20920618 0.48905623 0.86644405 0.100367196 0.65418625 0.44207284 0.7443331
1.0375448 0.27999434 0.94592994 0.9175831 0.3995699 0.17545466 0.7426324 0.31740922 0.12284283 0.51512086 0.5049657 0.3994832 0.6809445 0.44774336 0.2654946 0.42198503 0.9490836 0.07576129 0.34264928 0.6229388
0.036058635 0.21867858 -0.0362924 0.8715074 0.55606055 0.048370738 0.73566324 0.1028708 0.3751712 0.8140787 0.15490279 0.5109136 0.56821173 0.69801825 0.7725645 0.28296533 0.2577204 0.4388799 0.67785645 0.6259195
0.34711614 0.51921475 0.62212193 0.19705938 0.41739008 0.56793964 0.18861684 0.3041297 0.61533016 0.64521897 0.9714287 0.8740622 0.10211245 0.24950732 0.47719887 0.23850638 0.3594751 0.6216517 1.0539044 0.7343157
0.65725785 0.2869733 0.26421988 0.4809654 0.5157905 0.24218641 0.3870564 0.9048331 0.35304323 0.94629145 0.25357252 0.62051165 0.3731294 0.57754344 0.046094336 0.08404658 0.002269841 0.86499316 0.43319407 0.29282615
0.8608622 0.23795436 0.76759356 0.2972291 0.49379852 0.76317734 0.44791657 0.72647494 0.016751612 0.69148904 0.6459235 0.2622532 0.6380802 0.77599233 0.14812195 0.0050672097 0.3588708 0.18996756 0.8202627 0.89350945
0.10339794 0.48904154 0.9127239 0.18177351 0.17106816 0.86064327 0.90606636 0.60151196 0.2868061 0.41846162 0.72418654 0.82041657 0.09190038 0.65784687 0.7169637 0.18450685 0.63366693 0.23471339 0.66852736 0.534439
0.23900783 0.29780787 0.28983337 0.314689 0.15846443 0.3764193 0.49725306 0.8926253 0.4923879 0.8945797 0.07349264 0.07721948 0.5010615 0.31135172 0.48568892 0.44507012 0.5515978 0.8459854 0.26045787 0.614784
0.24197662 0.89133674 0.2313377 0.6687706 0.8298671 0.3428311 0.7245277 0.7919743 0.24345504 0.23132457 1.0204285 0.48811352 1.012635 0.32254353 0.69127345 0.80795145 0.30424112 0.6211877 1.1308012 1.1703261
0.39633238 0.5200027 0.6595857 0.35112566 0.7353738 0.7446793 0.09615644 0.7326136 0.102407224 0.094062515 0.55908096 0.37874016 0.48515347 0.2004156 0.15650989 0.89341885 0.6915557 0.8513967 0.70083404 0.788216
0.7396917 -0.0028435695 0.8447427 0.77450496 0.5733043 0.11312819 0.36081836 0.4591169 0.4512467 0.3602187 0.45589894 0.8354031 0.30164424 0.44083202 0.2612498 0.4885361 0.27776337 0.74337286 0.8270277 0.7241608
0.95032126 1.0330188 0.71198684 0.33839884 0.90164953 0.29992715 0.8641343 0.602797 0.21966368 0.24992488 0.8604455 0.690118 0.23517805 0.6578547 0.4214945 0.50529104 1.0279858 0.8992667 0.26722464 0.9900634
0.35625854 0.09938509 0.41699064 0.86267483 0.61562896 0.16722584 0.09278997 0.25911155 0.59000796 0.80418104 0.70868653 0.92604744 0.2875921 0.68173635 0.96100986 0.80126774 0.8894253 0.3557626 0.67748415 1.0039928
0.6707153 0.54855883 0.03648869 0.007517747 0.03950583 0.69444066 0.84384143 0.6864598 0.19222385 0.22883113 0.65512085 0.31509718 0.39795104 0.73431987 0.6555438 0.3215911 0.18180116 0.0993074 0.5185013 0.7727645
0.60661495 0.59043735 0.58139026 0.8442758 0.20555317 0.5104118 0.66247076 0.10304857 0.8322265 0.52762485 0.7540722 0.7633198 0.5277086 0.0312965 0.13135007 0.33676505 0.533565 0.49769253 0.33901355 0.7097034
0.650427 0.9136711 0.73709524 0.16835953 0.6842441 0.81869036 0.5019942 0.13795315 0.39336634 0.45026806 0.80025274 0.12586734 0.18108416 0.36549515 0.98022527 0.25405237 0.3006254 0.35814193 0.9099406 0.26237845
