0.60907185 0.3844656 0.6151598 0.33350164 0.1306365 0.24960585 0.6690242 0.78906494 0.40302682 0.6249393 0.2521407 0.2877446 0.79097134 0.7889242 0.35968447 0.83463895 0.7502557 0.16167286 0.6944582 0.17427969
0.38629672 0.28572726 0.61225355 0.17572753 0.74753606 0.7203681 0.8020716 0.7471082 0.5398585 -0.056277633 0.53356534 0.25574473 0.5628768 0.5015756 0.4401777 0.32535088 0.7865401 0.33807835 -0.01673719 0.16106664
0.26679507 0.6720022 0.7078939 0.5963768 0.31003806 0.45224598 0.92947906 1.0167152 0.27874452 0.88605976 0.4972212 0.12770168 0.7327483 0.16819838 0.7161516 0.808102 0.73143584 0.64993936 0.30686015 0.46765405
0.025975546 0.64781314 0.2664987 0.7605849 0.93518823 0.8089083 0.1488186 0.39709967 0.67399985 0.14634891 0.19865057 0.30950785 0.7924045 0.8874741 0.028631713 0.13582852 0.43256846 0.9506968 0.8054029 0.6760377
0.7763554 0.15504721 0.5298625 0.28752723 0.59492844 0.550337 0.67760247 0.55652976 0.49075696 0.23481126 0.64170426 0.18886785 0.9670895 1.0302129 0.8431167 0.6225204 0.8947488 0.7934846 0.48591876 0.23722628
0.15391201 0.71254396 -0.09064774 0.5031787 0.4473968 0.02147199 0.3614617 0.49570468 0.5411655 0.50583756 0.17346807 0.2977235 0.35443014 0.23566572 0.7094264 0.29818508 0.7761333 0.71697456 0.11086103 0.16623701
0.66442144 0.74601054 0.27764353 0.911624 0.8992695 0.40214872 0.57618463 0.9041124 0.8215697 0.6309112 0.6017641 0.33759862 0.23709016 0.23089638 0.5157867 0.34947482 0.60045666 0.5797641 0.7604739 0.4936275
0.70510054 0.9898625 0.41713363 0.22712697 0.61696184 0.09901454 0.8519639 0.38085738 0.3412299 0.8820498 0.48435357 0.6061795 0.75796956 0.27533692 0.7154751 0.8201202 0.14499716 0.21720868 0.5226719 0.073091134
0.7287019 0.5838928 0.6923644 0.32605606 0.5120064 0.9413423 0.824242 0.35171404 0.8026718 0.70031303 0.88302284 0.92578536 0.7516604 0.050384473 0.55767494 0.42596444 0.09359686 0.60250396 0.442508 0.28908017
0.7570925 0.44363979 0.105864674 0.82893074 0.8491104 0.40187922 0.12942912 0.31267756 0.22555552 0.23236261 0.88110304 0.8789733 0.32465604 0.8998861 0.5660189 0.049302783 0.50164604 0.32126132 0.54775053 0.770755
0.78849524 0.5769912 0.6773879 0.4943342 0.91871303 0.71065503 0.6788326 0.11206595 0.7327005 0.44846082 0.9110773 0.5347706 0.54747313 0.90512985 0.6929984 0.17922854 0.43979082 0.38515997 0.3138798 0.30419514
0.259533 0.86335427 0.6882424 0.69296056 0.20636508 0.33797318 1.0437245 0.9463422 0.42754105 0.4762115 0.26610744 0.87875223 0.3764995 0.18616466 0.24226333 0.2671462 0.28399774 0.19146454 0.5095465 0.95066106
0.7071186 0.38902852 0.46701744 0.7115155 0.7691492 0.7612271 0.45862487 0.5554504 0.61294025 0.83892226 0.54478776 0.69499004 0.84279376 0.24822928 0.63146317 0.31722075 0.57628745 0.33866844 0.5905839 0.36750346
0.15391695 0.9016914 0.15487172 0.5626039 0.2896819 0.4304335 1.0192418 0.8805423 0.8437572 0.99877596 0.20440845 0.83430094 0.4992423 0.31591928 0.51978135 0.40269488 0.09123356 0.94855845 0.46387994 0.98352665
0.4954983 0.5426387 0.4123649 0.8313796 0.28077155 0.4924549 0.64524174 0.22757788 1.1119722 0.91959375 0.8803384 0.371333 0.41477594 1.060602 0.2876077 0.60830164 0.9054317 0.27982065 0.37794057 0.24209668
0.43927747 0.0492585 0.34359923 0.16473222 0.78207237 -0.047478415 0.5351438 -0.046571776 0.8236375 0.7290945 0.17083766 0.058111638 0.6130845 0.8159369 0.55555093 0.19700176 0.6492962 0.8099433 0.3579179 0.6219116
0.4742484 0.71825904 0.2087654 0.5951827 0.88245654 1.0364331 0.8406877 0.22936486 0.2504523 0.5074532 0.7730626 0.5227201 0.9687881 0.84723973 0.24807407 0.68383396 1.008419 0.34223583 0.84662056 0.5697439
0.39333513 0.75557613 0.27563864 0.05192774 0.75846004 0.29644328 0.83904475 0.5115418 0.4464648 0.10684611 0.31159106 0.6018335 0.19342095 0.60990554 0.8910064 0.8419941 0.38624328 0.15999761 0.67432386 0.7792492
0.7342552 0.030331697 0.59665745 0.24101827 0.7112173 0.11770576 0.8791792 0.38311842 0.48657283 0.17597795 0.21784073 0.061869223 0.80959713 0.5475148 0.5280083 0.38846081 0.059403226 0.5204401 0.90217936 0.18405093
0.05258408 0.86366314 0.6143228 0.77267134 0.67466974 0.09344876 0.6002261 0.6456376 -0.0065305764 0.29847324 0.65757203 0.55615866 0.5289652 0.4687833 0.8366384 0.32413867 0.03781851 0.53168523 -0.026188167 0.18423748
0.5093471 0.06409131 0.24707016 0.4844518 0.5073833 0.4261336 0.12995222 -0.020640876 0.5034313 0.3098092 0.7335611 0.076034255 0.5863521 0.40693912 0.42162362 0.34067184 0.9182424 0.18832038 0.60091484 0.059525196
0.08343107 0.7464352 0.71492594 0.24467003 0.18688728 0.41714516 0.8356806 -0.009470938 0.6557366 0.22215429 0.5537092 0.8292848 0.92020744 0.03144944 0.7881512 0.58836377 0.24767013 0.94741386 0.624676 0.64313835
0.44446695 -0.009345928 0.5179601 0.85894567 0.4492151 0.90118 0.8640686 0.031668447 0.43951836 0.909278 0.39322212 0.2845784 0.6183241 0.38229203 0.83216983 0.12319856 0.44036588 0.056903426 0.29245996 0.038578063
0.69511604 0.504787 0.13942519 0.6494666 0.270855 0.69124436 -0.057680093 0.31710994 0.8027825 0.8503701 0.08587816 0.24728441 0.2517916 0.0517398 -0.09364232 0.4110425 0.45264342 0.5355183 -0.016750718 0.63080376
-0.058252614 0.67051977 0.5001654 0.46060434 0.2531262 0.45900586 0.6422776 0.39517593 0.30543324 0.83954066 0.72005343 -0.09601645 0.7225489 0.23875435 0.62087464 0.48320013 0.83072495 0.21199748 -0.035381377 0.46927252
