0.60999477 1.0287457 0.13779809 0.15035507 0.15687312 1.3560421 0.51457775 0.5799598 2.1179788 1.419589
0.7740239 0.88366544 0.46713647 1.4111512 0.80608374 0.95302284 0.7452584 0.48714173 0.7981483 0.36350518
0.6619013 0.7818698 0.6830077 0.37716886 1.031708 0.19939533 0.8743636 0.8094204 0.9481748 0.9136338
0.80393404 0.7731659 1.455364 0.91250426 0.38157374 1.7473278 0.5069019 -0.15073957 0.7600251 0.6704876
0.68970704 0.7468771 0.20011714 0.56229526 0.87346536 0.7810385 0.677656 0.2683747 0.7615668 0.57323974
1.1003606 0.17509732 2.3065395 0.4914678 1.291528 0.07789821 0.44631657 0.16543734 1.0152291 1.6824989
1.0475847 1.4717307 1.2043095 0.55857116 1.3103831 1.103906 -0.0110643525 0.34018022 1.3936528 0.97839546
1.1992536 0.01521662 1.3121971 0.7129089 0.26076597 1.1423255 0.83893126 2.1286519 0.33648938 1.2126192
0.8025544 0.33092946 0.6896518 1.090365 0.66365486 0.56494486 0.5001855 1.0522157 0.78524935 0.62710327
1.1236994 0.8378285 0.7486523 0.26165304 0.36652327 0.7332407 0.13661987 0.81136435 0.6583353 0.5149242
0.13063188 0.13888417 0.13606903 0.14385284 0.12979025 0.1424132 0.13657823 0.1401251 0.12539807 0.1419438
0.07164611 0.56010795 1.7606975 1.0055792 1.0769278 1.0467262 1.3464961 0.9926139 0.88459724 0.44546887
0.92480296 0.5378811 1.1548856 0.5326115 0.8668927 1.2981769 0.018786816 0.64426607 0.49750736 0.9031637
0.7142966 0.39154172 0.3440536 0.73879194 0.6534744 0.3758193 0.7153218 0.9903661 0.5932249 0.58155257
0.3686121 0.72539026 0.8616479 0.8951287 0.9851132 0.954196 0.4154093 0.6579364 0.7945341 0.61712605
1.1581392 1.3756665 0.96051776 0.11455422 0.20254938 0.53833973 1.1927613 1.233105 0.4713664 0.9190224
0.6877204 1.0377655 -0.026794298 0.8361084 0.78982204 0.9457306 1.727091 0.4416899 0.7876372 0.8901623
0.08635309 1.4833543 0.9646894 -0.0022995283 1.1113998 0.78866315 0.65350497 0.20646684 1.0882703 1.8240012
0.6268591 0.7546042 1.322831 1.8386909 0.7812384 2.2891862 0.049214352 -0.30194542 -0.3325353 1.8802391
-0.2514342 0.30537304 0.3881533 1.2398062 0.70617306 0.88391244 1.1379218 0.84723437 1.0635179 0.7084916
1.143501 0.817348 0.74563974 0.13901502 0.5990499 0.8215818 0.95229787 0.5147139 0.75108063 0.54951996
0.13136953 0.13650683 0.13782923 0.13598198 0.12696409 0.13586162 0.14098796 0.14319652 0.13060232 0.14406008
0.81361246 0.3675267 0.539535 1.3009207 0.9673673 0.47711438 0.3019336 0.68660337 0.30256048 1.4517716
0.28866214 2.1908035 0.83486044 0.060118757 -0.42737088 1.39943 1.9579 0.18053612 1.5284209 0.627848
0.4664319 0.992446 -0.14376576 1.1092788 1.412875 0.93564194 0.75537485 0.68059325 0.5130474 1.1422907
