0.36566055 0.67763287 0.32618308 0.42379466 0.21359654 0.7565445 0.3004756 0.62995666 0.59382 0.5873412 -0.0076108254 0.7039178 0.89893144 0.43508285 0.56849045 0.74591917 0.4021722 0.6137511 0.55462873 0.3089299
0.41825664 0.39701813 0.8046592 0.4683035 0.5425649 0.6366162 0.91735286 0.6495967 0.3424671 0.12818743 0.3734331 0.6872809 0.54549193 0.30976534 0.9578691 0.08123994 0.78308904 0.5150274 0.40827668 0.19435653
0.6973939 0.8093198 0.93200076 0.4862797 0.9942175 0.45106155 0.29378602 1.0174001 0.7660085 0.46306747 0.09109947 0.7354121 0.1053431 0.99486524 0.14792565 0.8689338 0.40409967 0.91791207 0.85206425 0.69810134
0.6034514 0.471132 0.28658864 0.20578335 0.33684167 0.4500544 0.27924055 0.72671676 1.0870169 0.3179716 0.3721747 1.0659498 0.9124231 0.52323407 0.628316 1.0334932 0.86168057 0.8599854 0.491214 0.19257544
0.63381463 0.4136738 0.24414158 0.45189196 0.80102265 0.38113466 0.48761418 0.6554433 0.12835743 0.8458287 0.6801439 0.7258549 0.16284493 0.8849289 0.95256263 0.33253637 0.11945027 0.09224515 0.89162827 0.34090456
0.7284415 0.8661157 0.8838803 0.73960483 0.49181217 0.895736 0.35840315 0.6771087 0.2254338 0.38184762 0.4584916 0.30230746 0.65451115 0.96552163 0.6219883 0.26107448 0.5731631 0.716371 0.26331434 0.43445316
0.79163873 0.33122683 0.7711487 0.9303719 0.8560314 0.8920382 0.6363867 0.83473986 0.722454 0.3488468 0.80708134 0.88169926 0.42149317 0.20969035 0.12727591 0.5135817 0.61233747 0.36530876 0.39465556 0.1736788
0.4425729 0.543626 0.06407842 0.4342032 0.6868457 0.09319338 0.3245204 0.8158614 0.17092022 0.19677033 0.15412249 0.84204173 0.5376773 -0.024506561 0.80761415 0.35458073 0.66856796 0.92898095 0.0840716 0.48851743
0.57077706 0.131973 0.22823702 0.91487056 0.8887878 0.8277413 0.43968704 0.17852554 0.11260165 0.2352475 0.26849636 0.042266466 0.37132463 0.6160993 0.39347002 0.6593473 0.25867712 0.77034384 0.36083728 0.47391078
0.8710916 0.72355354 0.22015034 0.48471105 0.35730776 0.3514559 0.85658145 0.93800044 0.5842171 0.65880644 0.18585455 0.3702069 0.5939573 0.8788906 0.41474825 0.7881235 0.16206302 0.55222344 0.8499708 0.48052606
0.5749283 0.41680342 0.49393895 0.76868683 0.281236 0.5160321 0.14897694 0.43425608 0.27868617 0.45363182 0.27633497 0.7728701 0.96907645 0.30774808 0.72223455 0.75096333 0.5238783 0.9120212 0.77187765 0.8551077
0.44714952 0.7641156 0.082532205 0.92176944 0.7107874 0.15744023 0.54446983 0.59276885 0.9239047 0.30710816 0.8699994 0.33279532 0.13610454 0.7782877 0.6142759 0.38874248 0.21618378 0.4781849 0.6768814 0.104530446
0.23969802 0.99838644 0.19414686 0.6190682 0.830792 0.23661208 0.7735986 0.69099355 0.22319634 0.7941518 0.14261019 0.08060281 0.76284975 0.11602699 0.06264462 0.30691645 0.8115906 0.41614377 0.7976889 1.0169195
0.37632453 0.40882382 1.108377 0.32880038 0.37653062 0.57607484 0.19643992 0.6085212 0.81688255 0.8183901 0.8341567 0.3511723 0.36084476 0.71255636 0.99630725 0.3527785 0.9181211 0.3078314 0.38231894 0.58265585
0.96513414 0.19231088 0.5780807 0.48661476 0.35802525 1.0145396 0.4080329 0.51840115 1.0122703 0.47972453 0.64584666 0.5107501 0.48196056 0.5549195 0.9046276 0.9538006 1.0765464 0.8099175 0.25407997 0.58655524
0.23698595 0.07458579 0.122840576 0.29221052 0.5066872 0.058418244 0.20635115 0.67337376 0.50960475 0.8640764 0.85669756 0.54903424 0.46964425 0.213084 0.18150206 0.18164323 0.7825186 0.576861 0.91791016 0.43315274
0.5575904 0.3545111 0.83201456 0.7686254 0.59777313 0.6500803 0.66160023 0.69628173 0.6434389 0.65897924 0.45317578 0.70198613 0.7741302 0.8305001 0.68576944 0.05965017 0.9205343 0.6639656 0.38251498 0.8540241
-0.062354002 0.15268065 0.5077131 0.03143887 0.38144574 0.27892002 0.25376472 0.55944884 0.52439857 -0.019883553 0.86314076 0.8466255 0.38704658 0.55589074 0.04271041 0.85849005 0.116030045 0.3433112 0.81890357 -0.0023564887
0.2704928 0.89418364 0.6228649 0.55671954 0.62958366 0.0848723 0.61424893 0.54461783 0.4089306 0.9125575 0.2323557 0.55872357 0.11410816 0.2702527 0.11838373 0.7162723 0.5304362 0.17500128 0.8522285 0.81066877
0.83926433 0.7115942 0.754169 0.6263975 0.27763373 0.13639872 0.2641062 0.20472886 0.9631517 0.57467693 0.8086326 0.2170888 0.34140274 0.7562368 0.6078246 0.8163776 0.9611031 0.7152043 0.543153 0.41122034
0.4877184 0.6543415 0.4206154 0.46026418 0.2046543 1.084662 0.41822883 0.66970694 0.75960106 1.0970441 0.7586874 0.45575622 0.18867384 0.6531574 0.2453996 0.4116461 0.3172893 0.805546 0.4063698 1.0496777
0.8600234 0.8010271 0.99671644 0.44871268 0.40765795 0.73467445 0.8492189 0.7652827 0.38478807 0.55893147 0.7530767 0.41672105 0.64672 0.8837965 0.61843914 0.17354213 0.36162126 0.07262108 0.456565 0.0571223
0.350871 0.79357016 0.8118785 0.26315314 0.7837366 0.19169584 0.11250552 1.0080106 0.50971746 0.7301589 0.78105503 0.41677532 0.7692421 0.08497585 0.7885774 0.28745645 0.98453385 0.7383615 0.37831804 0.5241376
0.18240255 1.004407 0.4123221 0.5296204 0.8126466 0.8385005 0.13798797 0.6265798 0.2058555 0.8268787 0.76027066 0.58974594 0.2225955 0.3796939 0.71329063 0.5384004 0.54974556 0.9958951 0.36386237 0.6063544
0.76693654 0.3330243 0.4102608 0.2099244 0.83925724 0.20784232 0.33861563 0.87088513 0.5558609 0.09798289 0.4217684 0.38014892 0.982544 0.6872245 0.19962847 0.5967526 0.99233973 0.2080857 0.20416167 0.876222
