0.36303785 0.7062286 0.25690413 0.5570517 0.33890194 0.7776993 0.53352344 0.5340632 0.8831951 0.9445297 0.34940198 0.47310603 1.0730519 0.4214657 0.8860728 0.8501365 0.35856315 0.2044621 0.5877688 0.23885843
0.48034883 0.4438003 0.78753036 0.46231884 1.075941 1.0538504 0.44597068 0.29932633 0.5104533 0.80511665 0.47566038 0.9717361 0.5367097 0.4038711 0.9825467 0.21411698 0.65237266 0.92283094 0.9338657 0.23173775
0.59289324 0.962731 0.41210085 0.5992371 0.28481686 0.63830996 0.6146089 0.92926735 0.6228204 0.20937924 0.19875644 0.8981158 0.20677042 0.548732 0.42332026 0.23240738 0.23049293 0.15192275 0.45400396 0.68992543
0.97978723 0.30623353 0.062086117 0.73117274 0.16495037 0.60035044 0.46076757 0.40790728 0.6479316 0.5936644 0.6425905 0.19505407 0.99285704 0.7084778 0.6171169 0.52109975 0.6545188 0.46424413 0.2880829 0.1026051
0.24237557 0.47317195 0.9954139 0.65067726 0.32090637 0.3874968 0.6231853 0.6437507 0.33172035 0.51802385 1.1351461 1.0426599 0.69348687 1.0764499 1.1193823 0.6639472 0.44686967 0.33889407 0.19893469 0.84808195
0.90310025 0.23874609 0.17611206 0.76594484 0.2092058 0.44891536 0.74615556 0.03305619 0.7734371 0.95777977 0.7932835 0.39873585 0.060180306 0.6077744 0.75065804 0.60008585 0.5834906 0.7227206 0.32015923 0.15360531
0.4150189 0.8009561 0.50289774 0.98304546 0.63086677 0.9706939 0.4846322 0.25629652 0.29756442 0.62037814 0.77966905 0.8450325 0.10126861 0.43148994 0.69629645 0.32637203 0.9413704 0.6187093 0.5215456 0.41139412
0.13850577 0.09811442 -0.07131704 0.3156446 0.34218127 0.57908374 -0.029065972 0.72627085 0.27522665 0.33562687 -0.10729667 0.6683034 0.7333185 0.72205746 0.18413052 0.5190323 -0.08600122 0.6558289 -0.08057214 0.12704693
0.6624558 0.97752756 0.28323895 0.75430185 0.68947303 0.7484427 0.36828083 0.33873096 0.2275819 0.88294184 1.1258593 0.5098664 0.69441086 0.28911546 1.046841 1.0767387 0.3882975 0.9368681 0.28506196 0.50718707
0.028637365 0.6017632 0.76301306 0.25971985 0.3830123 0.40986755 0.62229073 0.71199626 0.62593013 0.68049467 0.7908693 0.23391706 0.53407687 0.62274957 0.83586246 0.3113813 0.21625637 0.5746942 0.17451766 0.6352079
0.22130978 0.7752964 0.48768234 0.69915754 0.33312532 0.86075836 0.43119878 0.94089895 0.12852225 0.31748545 0.34754536 0.26484075 0.815134 0.06790315 0.6072167 0.7970211 0.83798015 0.54647404 0.048496597 0.43685213
0.8494178 0.72219855 0.6463195 0.30656484 0.21412024 0.8106848 0.5484498 0.8950167 0.518104 0.5729596 0.8388259 0.5298099 0.9176496 0.93914396 0.62022287 0.07576387 0.17337717 0.3135849 0.53395164 0.57480377
0.65846515 0.93245447 0.9998234 0.37712702 0.8211821 0.3699736 1.0173277 0.24032022 0.8280382 0.11601172 0.2576806 0.6127289 0.3860216 0.49239287 0.44942263 0.8728088 0.32807237 0.9707802 0.5269766 0.3750106
0.62345296 0.9181374 0.31004634 0.3776749 0.784184 0.2160324 0.785098 0.68657935 1.0135249 0.3501533 1.0462523 0.9037239 0.15505412 0.7663926 0.5063421 0.5443866 1.0915914 0.6308562 0.9625618 0.15480939
0.57825565 0.82524526 0.19824594 0.95848167 0.24718362 0.69063324 0.7964227 0.20646653 0.28372073 0.8250724 0.19120952 0.9374095 0.7219795 0.77121013 0.9962814 1.0484576 0.29709724 0.40671 0.99634737 0.66568696
0.54562014 0.47542363 0.8333675 1.1652303 0.44072247 0.29817 0.2514137 0.6734612 0.26354408 0.8550014 0.263596 1.0352387 0.38717642 0.3475479 0.31367463 0.6009683 0.3744346 0.8206229 1.0012848 0.65664995
0.019179547 0.60965765 0.07644476 0.74108976 0.8569171 0.29622623 -0.020267744 0.38560444 0.84645367 0.73768926 0.6417692 0.8754525 0.5549147 0.21011832 0.61943245 0.54240626 0.737797 0.6831803 0.31341347 0.5647744
0.52820057 0.89752233 0.35631654 1.0072252 0.7866874 0.25346503 0.31195801 0.63380706 0.5140678 0.48602834 0.50048304 0.8492705 0.53556514 1.0162171 0.66034377 0.26530695 0.28279284 0.6835689 0.73511726 0.111960664
0.82670784 0.74564916 0.6544251 0.8322684 0.8271558 0.26065227 1.0006565 0.21771896 0.2617404 0.71213704 0.9975145 0.3782328 0.57091403 0.5534881 0.5081251 1.0031383 0.26289484 0.682651 0.36482275 0.9581455
0.22530863 0.29372504 0.6662681 0.3610347 0.70555264 0.26461023 0.2343332 0.78943133 0.88857365 0.22255258 0.18402557 0.38320613 0.64926606 0.64481527 0.72067076 0.7916963 0.066476025 0.79015505 0.7611666 0.491992
0.4127485 0.90528566 0.7602453 0.59016883 0.09025324 0.44754595 0.48243874 0.47888997 0.91067255 0.017862149 0.92938507 0.61194706 0.6343172 0.8395249 0.7749 0.2710391 0.1320839 0.90991366 0.7350958 0.69070464
0.5681094 0.59660727 0.57820284 0.2921606 0.7239764 0.3646759 0.46653053 0.25239402 0.3232684 0.5294212 0.82598794 0.7672736 0.44010055 0.46802324 0.54233325 0.24987991 0.026044307 0.0046237963 0.70017475 0.11162688
0.0890748 0.1431698 0.60480046 0.56448543 0.16500089 0.6035807 0.16216446 0.7619255 0.6529813 0.57275504 0.8050658 0.17776833 1.002572 0.58016586 0.98117185 0.4340939 0.6177407 0.24629319 0.29083154 0.49053487
0.6703132 0.131059 0.80513287 0.74520177 0.72324455 0.70497066 0.45182163 0.8142337 0.020671735 0.74334276 0.30980772 0.62344116 0.26476482 0.37521797 0.5005047 0.62693506 0.52839804 -0.009865244 0.46936694 0.6997503
0.17127042 0.41547233 0.56848854 0.3489381 0.29762343 0.93359375 0.7377648 0.45512438 0.86511075 0.1502284 0.11982374 0.055136256 0.039418716 0.43926147 0.5887949 0.7427401 0.60838604 0.45850232 0.59534484 0.08984358
