0.6406697 0.7710969 0.7430358 0.16435915 0.5145206 0.84194094 0.29357064 0.85000587 1.019346 0.44880068 0.20757352 0.100256674 0.6234848 0.7281064 0.11735465 0.8673154 0.9083919 0.4422751 0.34141684 0.85469276
0.49487016 0.7921914 0.48176506 0.7716997 0.6761621 0.5759251 0.603302 0.5780758 0.15421666 0.4871976 0.15066627 -0.039251093 0.67651016 0.51819724 0.8192077 0.12271555 0.2597036 0.32514343 0.11387122 0.15228567
0.3382199 0.9307443 0.36675668 0.442414 0.87119365 0.6916641 0.31752598 0.18706869 0.92451954 0.26970372 0.6008227 0.09465067 0.7095591 0.79758227 0.9465829 0.8882204 0.9150404 0.3316415 0.2890285 0.6924598
0.78828853 0.28265128 0.43834653 0.28432807 0.56343615 0.8547752 0.62247777 0.4195781 0.8731345 0.8750675 0.33894783 0.09326064 0.5669612 0.46729046 0.016060155 0.020276794 0.049019113 0.44918495 0.44116166 0.25289595
0.042380244 0.35327026 0.4727692 -0.0032876018 0.04427885 0.09345521 0.28313428 0.87919575 0.797046 0.8517177 0.25688103 0.25102818 0.5986172 0.4145825 0.70988095 0.7248071 0.8921051 0.91676694 0.5751118 0.849438
0.81200534 0.41600245 0.9520003 0.2524975 0.5856927 0.0034107047 0.5555707 0.8147783 0.165772 0.72140604 0.80640924 0.23614879 0.32466128 0.5219751 0.4753956 0.30086693 0.7577077 0.4646793 0.41928884 0.373842
0.075165175 0.21132822 0.9134054 0.7014411 0.78745043 0.24015562 0.63091826 0.91167605 0.29835483 0.29995015 0.30721155 0.2968496 0.7137372 0.8688061 0.4398922 0.116402626 0.54899055 0.4606692 0.7049959 0.75765485
0.5133616 0.26788768 0.78793126 0.68442106 0.6140494 0.7997885 0.5253624 0.46847412 0.060773637 0.5416221 0.05317321 0.5144381 0.49384978 0.8499584 0.43220866 0.81705683 0.964981 0.4977824 0.68833715 0.65997726
0.78056824 0.5907527 0.86094546 0.7579638 0.046420425 0.5494961 0.888203 0.16865405 0.43900254 0.1788683 0.7538441 0.012236771 0.16118498 0.86115515 0.46111384 0.6978854 0.8718625 0.76664925 0.004971987 0.3802198
0.21353677 0.6141781 0.36608326 0.45032722 0.87056774 0.22455987 0.3440356 0.08070118 0.3703475 0.87601644 0.13903932 0.48080614 0.92409635 0.79529434 0.33395323 0.72774786 0.7592141 0.42881912 0.4585808 0.4825123
0.24413599 0.62939817 0.3988608 0.68597394 0.11062767 0.5116633 0.8878849 0.7146172 0.71907943 0.6687736 0.19857469 0.14424661 0.12547122 0.17851293 0.024884077 0.35037094 0.7370343 0.6815203 0.50764513 0.14717653
0.83389115 0.12803021 0.86564463 0.10569007 0.6031264 0.4510385 0.03365362 0.6616975 0.6003249 0.373397 0.67849785 0.95676243 0.80963916 0.24320744 0.83724064 0.93723494 0.055982154 0.07721624 0.50528425 0.27445433
1.0970287 0.5509276 0.24071446 0.8243429 0.3273236 0.49913326 0.53052944 0.29794216 0.5977233 0.5233065 0.568649 0.77497977 0.8189551 0.5852136 0.38573262 0.54441243 1.1414553 0.23994736 0.34478557 0.76574254
0.7469571 0.47801608 0.9304352 0.5961956 0.44225544 0.09612233 0.36824983 0.6722573 0.10335863 0.2523881 0.070022255 0.5672014 0.10309818 0.91894627 0.39867613 0.70520705 0.55782545 0.082137726 0.0051887156 0.5727905
0.8007847 0.98738146 0.2694903 0.7005146 0.38494018 0.73280036 0.47858185 1.019253 0.94083494 0.55311733 0.43573803 0.80398524 0.564913 0.8276769 0.83043194 0.97771543 0.42053425 0.3177792 0.4201507 0.19500099
0.8769177 0.40861306 0.52943987 0.48253462 0.4241221 0.46226367 0.8365443 0.3972541 0.56073827 0.32887942 0.3464009 0.32507733 0.35431373 0.68476313 0.84311557 0.864436 0.56187403 0.64548576 0.90871453 0.5124977
0.6925854 1.0226347 0.31267947 0.6371176 0.14960158 0.61257905 0.36983755 0.88177896 0.70481634 0.6003666 0.539455 0.18380043 0.2953672 0.47614753 0.9928128 0.3414683 0.11981431 0.4711365 0.519905 0.30986315
0.81960845 0.57471967 -0.028057177 0.13301696 0.26311812 0.03457849 0.51761407 0.789613 0.45728496 0.7699353 0.18126373 0.64529794 0.6827232 0.4132952 0.13054249 0.5688451 -0.014825407 0.6527879 0.85000885 0.17121464
0.8065371 0.29894406 0.6963852 0.44247428 0.94203824 0.05537153 0.2122015 0.9054013 0.8778902 0.789174 0.9413982 0.74903107 0.23366587 0.86262816 0.43718755 0.18068798 0.9150098 0.36979845 0.33866665 0.25590515
0.37433168 0.32603765 0.7628693 0.07089957 0.643528 0.07375342 0.6136455 0.5178274 0.3550239 0.5215518 0.83188206 0.14115112 0.7631131 0.64732003 0.22434564 0.8700201 0.9193765 0.58002603 -0.00581992 0.7313339
0.70958745 0.97071356 0.23327595 0.54033005 0.8740057 0.9751036 0.65695333 0.68693197 0.49600074 0.97125846 0.81584615 0.75519437 0.39060766 0.43595573 0.35749546 0.82221764 0.41987726 0.91707826 0.08815677 0.5807949
0.29044914 0.26713955 1.054154 0.42083505 0.14882733 1.039233 0.5531082 0.19900553 1.060832 0.87969625 0.733185 0.8250154 0.43659148 0.68358153 0.69536847 0.17049427 0.5045186 0.39552113 0.90536827 0.360546
0.7456061 0.10665388 0.25477585 0.17833129 0.6445054 0.36894614 0.26528558 0.8992533 0.5484088 0.8654141 0.62041706 0.562691 0.49057016 0.12300037 0.1417817 0.47855034 0.69728553 0.085900314 0.56555015 0.053079464
0.32550392 0.45167542 0.4895562 0.7556326 0.46473253 0.92509913 0.22366332 0.18231586 0.6964543 0.512698 0.71921146 0.6191502 0.5452513 0.6891002 0.3233935 1.0485535 0.8459425 0.24263483 0.988515 0.28520477
0.5848905 0.77266747 0.6193231 0.57910436 0.07863427 0.19778529 0.06898403 0.2369994 0.16201666 -0.08377006 0.52610266 0.071165435 0.5534831 0.3300743 0.7535006 0.7463749 -0.0019520947 0.5553303 0.28295252 0.11877663
