0.4375348 0.658495 0.57771146 0.19605675 0.40196297 0.86855185 0.9463084 1.0245967 0.7312015 0.16776213 0.61807954 0.50209683 0.18680267 0.25490543 0.7359212 0.2193067 0.64378613 0.92142975 0.4613027 0.8083639
0.521717 0.08880757 -0.10206036 0.5708461 0.23326051 0.8348977 0.16974537 0.28477573 0.59445965 0.41989017 0.2140732 0.16395475 0.08990571 0.12726608 0.12528259 0.3250669 0.14178306 0.40067214 0.63001424 0.15792449
0.88946605 0.34910697 0.56178564 0.59708893 0.91611505 0.11882601 0.33346012 0.84459263 0.38544536 0.3679619 0.66716444 0.7287647 0.03125294 0.9211169 0.34350508 0.610232 0.1899283 0.29581887 0.8854031 0.35020345
0.2703582 0.71370363 0.6412428 0.6084623 0.68215126 0.5374716 0.6347198 0.07090912 0.48374036 0.86010313 0.10117956 0.24288596 0.7569808 0.8423769 0.522231 0.52537704 0.21943909 0.8180585 0.3867193 0.2947547
0.48472324 0.66490865 0.25004187 0.69665384 0.58038265 0.4208841 0.85000205 0.75824773 0.9324555 0.4526841 0.5609563 0.33045053 0.18666525 0.7743743 0.06478678 0.72658753 0.5649749 0.92553544 0.7940186 0.5053322
0.2816711 0.33658922 0.7310948 0.745825 0.68974006 0.748177 0.09319987 0.33910426 0.71474147 0.988901 0.27898747 0.38211808 0.9207546 0.22229876 0.92629707 0.0685487 0.9586904 0.5979883 0.68542916 0.788755
0.5308982 0.82816166 0.821611 0.2155657 0.6579612 -0.02679327 0.3407566 0.15049788 0.103145204 0.39394924 0.6521446 0.7227515 0.3347887 0.34613362 0.7421795 0.8009733 -0.07779704 0.82272005 0.35939503 0.101852566
0.36828688 0.11355059 0.22455508 0.10932682 0.13947164 -0.07434291 0.03815499 0.60444 0.67602766 0.7594963 0.40327236 0.21464053 0.37335262 0.77578723 0.06631933 0.22269666 0.3136287 0.3097194 0.7908506 0.8513618
0.19330092 0.20689428 0.77249724 0.101337604 0.39937985 1.000957 0.19017084 0.2614266 1.0018765 0.8078316 0.1558974 0.86679506 0.6055067 0.37015265 0.60629034 0.9703774 0.9334751 0.35467708 0.8366697 0.88323843
0.22350948 0.94400334 0.7087573 0.31625614 0.28750068 0.81373876 0.29639915 0.21432884 0.28895855 0.55932295 0.8926177 0.8353123 0.08873665 0.9989391 0.17779164 0.09890975 0.91480225 0.95544213 0.26911494 0.40419072
0.73234236 -0.08877513 0.6778467 0.14608084 0.45939746 -0.009190537 0.77747726 0.34858584 0.11431316 0.5407906 0.18167157 0.54202795 0.5834375 0.07157174 0.43070337 -0.066669814 -0.022238383 0.6930659 0.37913057 0.68150365
0.6733572 0.44836804 0.65339774 0.85036695 0.48733 0.38738343 0.04539337 0.6106317 0.06696344 0.7517722 0.5479417 0.9766839 0.6855646 0.4015875 0.17780171 0.73985946 0.17178494 0.15853612 0.49476692 0.7532693
0.33702055 0.91651 0.6679498 0.045378555 0.44275412 0.44429964 0.59245324 0.36758414 0.82457954 0.18246265 0.5666047 0.33960438 0.5854802 0.92003536 0.7448296 0.87188864 0.2681189 0.15129532 0.02988273 0.61900437
0.5154544 0.2199153 0.6725259 0.23719852 0.57284546 0.81889445 0.87226176 0.8542271 0.55568093 0.8604915 0.58476305 0.3068154 0.7044743 0.5651087 0.60329354 0.35791862 0.73297685 0.97113556 1.0310632 0.7179464
0.35162216 0.54593754 0.5922765 0.15691696 0.0077693 0.012181819 0.6063771 0.53655994 0.53021604 0.22770427 0.39706346 0.48736075 0.7701156 0.4195851 0.35974607 0.055617016 0.39637506 0.9416377 0.7211354 0.45970553
0.77839833 0.4775997 0.46371424 0.45419356 0.46953624 0.76154006 0.23172937 0.6378347 0.51945835 0.25497237 0.120529056 0.73676336 0.27196681 0.34916633 0.9987922 1.0101572 0.2718702 0.5573432 0.4802347 0.10983697
0.32319766 0.38843468 0.73208463 0.3220712 0.15912768 0.4820128 0.35007244 1.083184 0.6311819 0.27021602 0.9529282 0.9279961 0.575262 0.44590458 0.6005963 0.12373275 0.5363831 0.7870378 1.0313493 0.66134334
0.93073684 0.5811745 -0.020918896 0.85276824 0.7747717 0.79602283 0.7324584 0.44942662 0.0377265 0.6096913 0.5777345 0.32979637 0.2645265 0.23859836 0.6746755 0.8157539 0.5635605 0.41019416 0.22521432 0.054071933
0.416696 0.2305246 0.8138107 0.4525166 0.73338 0.48635605 0.82011306 0.47100967 0.2754248 0.4354076 0.717443 -0.09974043 0.54404885 0.8252329 0.14979646 0.64400905 0.66039133 0.46291047 0.32393053 0.8059157
0.25558436 0.7056721 0.84272975 0.081887476 0.5522775 -0.06021143 0.5520676 0.04667716 0.7841682 0.5004501 0.02030929 0.42300993 0.46072623 0.5401981 0.57236755 0.710819 0.0031590976 0.29318714 0.46982217 0.75679773
0.7317841 0.6902075 0.55896217 0.7712087 0.05089679 0.91651523 0.8836915 0.817007 0.5896381 0.5582517 0.90165687 0.016053861 0.9170927 0.37800333 0.5917412 0.55639243 -0.007512088 0.6011755 0.035972316 0.72621906
0.6630616 0.54881746 0.46239 0.13242179 0.84365666 0.39295524 0.34604082 0.6030092 0.10850636 0.23037419 0.49057448 0.78659075 0.29380262 0.73330444 0.33757308 0.6439991 0.14347146 0.68443733 0.6659736 0.9695667
0.57808506 0.82639784 0.54454124 0.8158004 0.60711384 0.290699 0.58575124 0.41791004 0.1333684 0.6346363 0.5643906 0.09694026 0.84876096 0.26058784 0.36697912 0.90708375 0.5028253 0.46779743 0.22840992 0.48398483
0.18671547 0.43991575 0.5148748 1.0682833 0.5460049 0.20780994 0.7959356 0.33563006 0.2407094 0.3385551 0.31022903 0.24343064 0.5500112 0.33001313 0.9334971 0.79485804 0.73095083 0.8700787 0.8470633 1.0608402
0.014782248 0.955869 0.81951684 0.46357933 0.25541764 0.313819 0.4593427 0.07313139 0.34722778 0.54852587 0.10333501 0.7904654 0.50125873 0.43612778 0.7537639 0.44989085 0.6169337 0.1553006 0.08480313 0.6239594
