0.5074474 0.79387105 0.19782943 0.52913594 0.562894 0.62872297 0.7173234 0.9107379 0.6899336 0.6343303 0.19745995 0.60205865 0.29822856 0.2293345 0.6960026 0.5799116 0.8739495 0.09021056 0.7250806 0.8887333
-0.05588706 0.7338481 -0.18658917 0.06915285 0.25740844 0.47087193 0.26610804 0.72712296 0.40127057 -0.14301728 0.49931762 0.14550741 -0.15151905 0.7160841 0.43679088 0.1758445 -0.17460968 0.40234962 0.72522247 0.6616494
0.33801895 0.78551894 0.91168916 0.28301582 0.5263109 0.5618106 0.65036374 0.46311426 0.3354876 0.15391465 0.6026973 0.57259506 0.44494912 0.44359463 0.38082433 0.8860919 0.3362214 0.121173956 0.92391145 0.31958503
-0.016146706 0.7310799 0.075239055 0.86449045 0.16228409 0.14004411 0.5062696 0.75843984 0.089064606 0.6335518 0.8147956 0.39876658 0.19365743 0.5960131 0.4396917 0.27974728 0.29522023 0.4527912 0.671868 0.73352957
0.50621 0.03196858 0.03164036 0.84534276 0.19959038 0.46402675 0.26162544 0.15641147 0.2375694 0.704179 0.657722 0.24054617 0.14837866 0.8027213 0.66725475 0.061069008 0.03951501 0.20420527 0.71681565 0.47275984
0.36546382 -0.008336823 0.8371339 0.5045437 0.7143668 0.2270049 0.63860285 0.2867676 0.589808 0.8446252 0.2612845 0.63468665 0.77711135 0.60902864 0.6039061 0.8302077 0.510495 0.34901893 0.8144503 0.86546665
0.31325123 0.4691661 0.34100148 0.67655563 0.73925924 0.14238237 0.44242102 0.60113317 0.4217774 0.8541677 0.14482847 0.70563304 0.3535462 0.3631865 0.6051286 0.48228303 0.49497864 0.6643491 0.25480753 0.83161336
0.9881702 0.21032034 0.39625874 0.9975849 0.17436446 0.26616916 0.86402947 0.37451524 0.85751647 0.5975439 0.12147881 0.64032525 0.46174553 0.12478075 0.15029849 0.3346152 0.86714375 0.72740734 0.6426378 0.14768775
0.2244092 0.4478964 0.54116786 0.59062576 0.938884 0.23968507 0.3957493 0.0022367209 0.09927328 0.769111 0.36762598 0.7994529 0.46240678 0.91198874 0.6804596 0.6052537 0.12150232 0.49442723 0.48848984 0.68814784
0.15962693 0.54241306 0.47999778 0.30509514 0.98018414 0.5850687 0.2719717 0.67257327 0.761676 0.7555477 0.37990853 0.68867594 0.15817127 0.89857614 0.3369425 0.27649483 0.67447114 0.45955718 0.1781426 0.59690976
0.6773707 0.6483083 0.23740868 0.44438487 0.9841533 0.7465761 0.46874443 0.8919652 0.13388446 0.9582796 0.22499417 0.09266235 0.4095517 0.5300909 0.080039516 0.17642333 0.44282627 0.57631993 0.5470981 0.7628765
0.78152466 0.14994162 0.52464384 0.043050177 0.3247967 0.60924155 0.55822974 0.20655927 0.52045894 0.64993364 0.36920407 0.37214193 0.50481206 0.24883907 0.9220623 0.11568798 0.31772548 0.25960445 0.59068364 0.4455448
0.21674597 0.20472296 0.048789356 0.64706177 0.5803391 0.6816833 0.098161615 0.9331825 0.9298305 0.4313406 0.85155815 0.1909583 0.7608819 0.29190338 0.49693817 0.21475911 0.66034514 0.74021876 0.7461889 0.23060335
0.81672204 0.7039499 0.5809285 0.49181157 0.11123609 0.22904629 0.5889378 0.65396196 0.7127088 0.73327893 0.3491191 0.79772276 0.5944888 0.521442 0.3715903 0.30130062 0.9285243 0.4977777 0.6045251 0.6964375
0.8235277 0.6554121 0.35039485 0.23892331 0.26572666 0.17474711 0.14947554 0.26224223 0.17008983 0.93039405 0.91530055 0.58717227 1.0494585 0.4652915 0.5926285 1.0780069 0.18022335 0.20400049 0.6382093 0.3943394
0.14807609 0.71142185 0.3479695 0.6377333 0.85876936 0.8190049 0.5513658 0.9262078 0.7520452 0.5637409 0.3428335 0.1860833 0.72474885 0.7762324 -0.0076645096 0.35106042 0.19152646 0.8698659 0.70275867 0.9250179
0.7959086 0.6477813 0.58784294 0.1880898 -0.011104398 0.77253765 0.066404305 0.47354275 -0.1293862 -0.09574108 0.61062586 0.72722197 0.24902391 -0.058676723 0.38700143 0.08803613 0.10223702 0.8230196 0.7981029 0.4243238
0.79747844 0.091833234 0.059413847 0.6118794 0.30267158 0.07211408 0.43162107 0.54193115 0.4050282 0.65164167 0.24822693 0.37852296 0.20704451 0.2534122 0.71926785 0.5343439 0.65910506 0.9612453 0.42095497 0.45921937
0.38807854 0.49688405 0.74773145 0.3231277 0.16521214 0.49572584 -0.024307402 0.8659297 0.4735123 -0.059167277 0.2848759 0.47686258 0.38395414 0.42628884 0.31639665 0.711037 0.5826237 0.05660685 0.12327235 0.16392234
0.0632034 0.69665325 -0.028807722 0.02095836 0.22411923 0.35268655 0.7716454 0.78118896 0.36020485 0.824982 0.60970426 0.2999451 0.050543096 0.2527623 0.29735434 0.5189607 0.4512499 0.072133504 0.21131016 0.6468847
0.464071 0.874167 0.6406261 0.90457416 0.3324005 0.47558 0.39844784 1.0506912 1.0003434 0.6949034 0.6235801 0.2449324 0.35388342 0.26784042 0.31055397 0.7863398 0.38374597 1.0932732 0.26650482 0.29932347
0.78161126 0.23170692 0.7490768 0.19740963 0.75154513 0.6577634 0.5416055 0.87809336 0.8590546 0.8290809 0.22137007 0.18654622 0.7283268 0.74410754 0.8387462 0.6249876 0.4781322 0.7220793 0.20206182 0.1264259
0.24521661 0.23794244 0.66847533 0.19289692 0.7691681 0.042413812 -0.012862536 0.5210956 0.6976019 0.64671344 0.6309686 0.3173752 0.37278634 0.7495936 0.30934554 0.7290303 0.7957353 0.35848713 0.38089228 0.09736479
0.35795942 0.07360017 0.05103068 0.13199247 0.7508963 0.7729664 0.8061528 0.1634898 0.4733854 0.2615452 0.5388556 0.6958735 0.4364868 0.4667211 0.72305715 0.98423105 0.2657603 0.22594316 0.14503913 0.21267596
0.8772073 0.8293565 -0.033230353 0.17621262 0.5328929 0.60618305 0.1751997 0.53632873 0.3393716 0.17770624 0.7804866 0.8668304 0.5798926 0.5961339 0.14446601 0.04966287 0.38040462 0.28683376 0.039892115 0.7717604
