0.23684426 0.17619117 0.47437555 0.7644134 0.7528938 0.24305286 0.33136958 0.94401497 0.5064807 0.29920775 0.41195652 0.99324584 0.46660537 0.80340683 0.77355295 0.41218352 0.7799061 0.36846295 0.9078872 0.64000094
0.6643216 0.27149302 0.26858526 0.81644356 0.9595818 0.95155704 0.8568645 0.39897388 0.36583307 0.7562311 0.1377509 0.34906712 0.638603 0.5131645 0.71483326 0.3865509 1.011197 0.84395796 0.3109994 0.1278006
0.91879547 0.32496974 0.39809301 0.57291985 0.65044355 0.56909895 0.26501268 0.73373544 0.621769 0.92143077 0.6048951 0.7483183 0.34939185 0.6608286 0.77657914 0.57876986 0.025544802 0.66467434 0.7668771 0.2806619
0.8344734 0.5163327 0.5406232 0.41527522 0.5025467 0.2618599 0.4950298 0.24934725 0.20818986 0.62559724 0.9845347 0.6346641 0.48240978 0.4200641 0.7913459 0.39256743 0.23973536 0.86737424 0.41600978 0.27075854
0.25229713 0.8452042 0.91743326 0.6581299 0.53928906 0.27463567 0.9248496 0.50136566 0.8275674 0.12582017 0.34551513 0.5056426 0.36652407 0.19041598 0.77164024 0.20331068 0.3431573 0.25310913 0.5041654 0.67312163
0.7053736 0.22669904 0.9333172 0.018658947 0.28690788 0.46218902 0.45265332 0.68096197 0.73213065 0.3588283 0.65161985 0.21678604 0.11194891 0.27819508 0.5768096 0.14139374 0.5896281 0.11756834 0.533802 0.748594
0.9318701 0.12783019 0.31035483 0.561023 0.22023225 0.3232379 0.12756813 0.66017383 0.14840944 0.9606644 0.9023422 0.27064303 0.94532275 1.0189817 0.56809443 0.3549399 0.5842717 0.21450487 0.5980229 0.31407675
0.9972307 0.32851434 0.5310808 0.88726264 0.98787856 0.48201227 0.3266255 0.26209623 0.43056414 0.8417213 0.37250325 0.73679245 0.12325319 0.81894255 0.20965087 0.3903347 0.58794385 0.7310686 0.6140016 0.6748757
0.64650667 0.12465116 0.1683495 0.6145119 0.57043755 0.51862687 0.2332141 0.8686076 0.4348461 0.695554 0.41242403 0.15535568 0.13368051 0.858251 0.61618596 0.74155974 0.8019166 0.32355526 0.60619307 0.53665066
0.32216826 0.49015674 0.52585995 0.5564057 0.5867073 0.8042411 0.82598585 0.64746106 0.6586796 0.17914781 0.46765012 0.2680005 0.28310174 0.32097805 0.4975213 0.82226473 0.9090037 0.59043944 0.14542174 0.41718525
0.7466136 0.6312749 0.58534235 0.52446365 -0.058337666 0.24277614 0.08961938 0.59740984 0.6999479 0.4017789 0.7105478 0.8636764 0.83230364 0.8769957 0.12067062 0.22555426 0.16411515 0.19531111 0.68623817 0.7557365
0.34516183 0.16256139 0.6241218 0.12325796 0.15265128 0.32159102 0.5950887 0.30259103 0.7611572 1.030016 0.37383458 0.55020803 0.5382788 0.40280232 0.61559504 0.7360855 0.4678298 0.63919455 0.2726928 0.9701016
0.43815923 0.72013116 0.15396935 0.14929128 0.39864135 0.8225518 0.40228164 0.8502598 0.841344 0.71624094 0.35627905 0.07068068 0.6176825 0.25055954 0.33108318 0.3793598 0.7607058 0.3096411 0.873934 0.32492432
0.79643583 0.20913823 0.47787726 0.6061499 0.7985373 0.8046374 0.21915857 0.27083755 0.72066617 0.64228344 0.5167513 0.6073471 0.14440446 0.06974458 0.8368403 0.79156893 0.65063155 0.20758353 0.06165264 0.54555315
0.45699492 0.11580088 0.9658386 0.7075956 1.0184844 0.48153228 0.16909361 0.80910254 0.75006807 0.112158164 1.0099369 0.18722725 0.5244258 0.3655119 1.000154 0.3481743 0.37301543 0.47203964 0.8186079 0.74514437
0.91431797 0.3507775 0.68758535 0.5091973 0.34264046 0.8051843 0.43384522 0.27350914 0.3794988 0.32221678 0.8567137 0.9738003 0.7164902 0.34148502 0.87150925 0.91146606 0.7830165 0.25798517 0.5785615 0.17483328
-0.04402977 0.56539637 0.016774224 0.63948977 0.519772 0.10281385 0.22566728 0.5282414 0.7786586 0.15334287 0.7583676 -0.0127202235 0.06597059 0.87113583 0.7374084 0.6406168 0.4488288 0.7103452 0.46529523 0.68662345
0.11915106 0.8556602 0.47394592 -0.034661442 0.06430252 0.48606324 0.6517794 0.5287888 0.5125263 0.8014303 0.8705435 0.46359187 0.58956707 0.0069005224 0.26566726 0.82840663 0.5996891 0.19202815 0.83343893 0.68488777
0.5614452 0.1551116 0.23223157 0.6038184 0.6605094 0.7894882 0.7205321 0.6381432 -0.13217115 0.0681014 0.5279799 0.2296978 0.764922 0.41237125 0.7215335 0.64215785 0.79094714 -0.036198635 0.03440949 0.44076735
-0.09024278 0.19369088 0.83162814 0.6590778 0.7358812 0.5108249 -0.08831081 0.31125268 0.5610646 -0.016154347 0.57927924 0.5721244 0.07765776 0.38372126 0.67645323 0.25728557 0.77786875 0.45548126 0.7098888 0.64600784
0.4286279 0.74711746 0.5417046 0.5597883 0.6927035 1.0290397 0.56436867 0.102278866 0.61304575 0.22795865 0.3109528 0.7258013 0.7270178 0.19147937 0.7943486 0.8831524 0.5271881 0.8541021 0.332955 0.672938
0.6053886 0.56195605 0.71761364 0.2991043 0.22545329 0.68974 0.21606731 0.0850378 0.43401274 0.5479861 0.8037461 0.6767353 0.62033266 -0.0015335673 0.18381262 0.34940064 0.8086708 0.9228928 0.70707846 0.78997236
0.18284802 0.70722955 0.47829056 0.6241878 0.5505801 0.24186355 0.5219383 0.7847085 1.0100461 0.17946261 0.97422975 0.7974581 0.36417535 0.69095653 0.20393755 0.81185526 0.8560307 0.1743192 0.95928025 0.45187503
0.10761568 0.8107207 0.8186216 0.11519055 0.4714946 0.47736657 0.24184677 0.65378773 0.7406009 0.082881786 0.43895778 0.63718116 0.1488829 0.27055648 0.92631996 0.90055406 0.7339152 0.8239177 0.43433288 0.41541335
0.7817705 0.7134301 0.17313778 0.08378982 0.5043852 0.6448942 0.3536099 0.93538374 0.36353114 0.7021038 0.5410912 0.15373874 0.43018115 0.42883146 0.6603982 1.0042118 0.83027786 0.1944652 0.6540842 0.12756906
