0.37508756 0.5607885 0.42507097 -0.03613378 0.84831834 0.14131325 0.3286584 0.74805737 0.6774382 0.12751454 0.14308058 0.1619233 0.5964972 0.5952663 0.8589895 0.82338524 0.81430924 0.8118993 0.60766023 0.39441797
0.53885174 0.09364572 0.3953188 0.7038263 0.8394789 0.61702627 0.70574206 0.24923974 0.5669632 0.32798532 0.6784904 0.047169887 0.1386602 0.7730211 0.3255426 0.59143496 0.89041 0.59887975 0.13091801 0.8422053
-0.04606745 0.6894923 0.6907597 0.13753203 0.7663253 0.24890035 0.25230408 0.66576654 0.46012497 0.28231037 0.55146426 0.1890546 0.57785016 0.4372123 -0.003228491 0.55850756 0.22745754 0.63630545 -0.06081821 0.18204023
0.31743258 0.24069679 0.29633 0.7379702 0.15338281 0.34516916 1.0296763 0.28468445 0.75805587 0.65329456 0.35611328 0.2683761 0.42662853 1.0155172 0.9842402 0.23032075 1.0372173 0.26609993 0.29187566 0.1567299
0.98214966 0.9884274 0.31563735 0.44852573 0.7250044 0.78234094 0.57381076 0.08351312 0.4556118 0.6302267 0.25463632 0.11097507 0.27864516 0.5707255 0.8115949 0.12356242 0.82659346 0.89415526 0.4026517 0.98839897
0.31512475 0.7932939 0.44764003 0.6711245 0.22022387 0.63347054 0.23053247 0.69713193 0.85095257 0.51878434 0.9599693 0.46166256 0.67898273 0.2542262 0.849427 0.20105302 0.6020093 0.5320935 0.6479609 0.815974
0.6323893 0.5120607 0.30179203 0.60976166 0.8512297 0.09561237 0.42744747 0.9686837 0.23961577 0.16547823 0.74598944 0.21536423 0.35720834 0.15885475 0.53001446 0.27583897 0.77267843 0.15868402 0.55463696 0.073834345
0.4112926 0.85598123 0.76648796 0.18660134 0.51242614 0.14712642 0.6052007 0.77639085 0.6706835 0.46856618 0.116081305 0.13171165 0.51087487 0.6272665 0.40911832 0.51377547 0.39156178 0.5824121 0.65491974 0.8033258
0.6678828 0.35192615 1.0420958 0.6844083 0.7297748 0.21932495 0.251622 0.51189053 0.7548881 0.8933416 0.6599801 0.2527632 0.6046946 0.2799481 1.0229627 0.8472287 0.36193076 0.53694594 0.36791188 0.32343933
0.44795096 0.2916287 0.0366646 0.040323876 0.44342867 0.8616239 0.24177568 0.36644542 0.7184757 0.6387993 0.113006175 0.7295755 0.37064347 0.46790066 0.9131602 0.7639848 0.66072005 0.12957697 0.22183882 0.22935472
0.6450088 0.20394218 0.9970158 0.48088047 0.46404952 0.5387808 0.4619681 0.72686183 0.67315114 0.8691002 0.9322775 0.600779 0.2315176 0.44609752 0.57802886 0.47360122 0.205493 0.79289275 1.0182945 0.16160415
0.13342988 0.67248744 0.14599335 0.36830342 0.20840462 0.15021728 0.08732853 0.24190347 0.12714235 0.6601969 0.2999481 0.7285517 -0.104796104 0.39330757 0.47769028 0.22697064 0.74279696 0.101373665 0.10084827 0.19031233
0.34855357 0.3651544 0.912093 0.80653363 0.45547915 0.6156284 0.05607781 0.4025007 0.5826005 0.2846974 0.55790615 0.76920813 0.684819 0.7410302 0.42813885 0.9186782 0.7234767 0.6707504 0.641834 0.47086057
1.2276907 0.27958247 0.5904905 0.69608045 1.1580142 0.32689992 0.6120669 0.3067718 0.47312385 0.57541555 0.55561566 0.67061585 0.27684242 0.9344471 0.48803174 0.8427692 0.86776567 0.6526752 0.75598025 0.36160064
0.73154014 0.8756821 0.8045525 0.43061906 0.34561536 0.68878025 0.78447646 0.4856506 0.033529397 0.07421879 0.015305328 0.62507087 0.5023074 0.48017085 0.22228944 0.67072093 0.88306206 0.289218 0.4512555 0.6692387
0.38991216 0.4184945 0.38563728 0.11534074 0.7971594 0.8325956 0.3316532 0.42228234 0.45219097 0.72291976 0.47596985 0.57189304 0.30496207 0.6730115 0.21636225 0.7055008 0.85096186 0.584374 0.8641218 0.07225759
0.53018284 0.75281906 0.18342075 0.07562699 0.8605141 0.5473987 0.66760284 0.8881997 0.17492396 0.85167074 0.6666398 0.7031121 0.7519344 0.75770235 0.89947796 0.6913185 0.77614176 0.2508061 0.14802101 0.22062531
0.8830389 0.30776668 0.17997794 1.0377868 0.37500966 0.44125625 1.0236971 0.6861664 0.40764236 0.4410119 0.95114446 0.43090785 0.7715457 0.15731329 0.87182844 0.8294532 0.24715665 0.8765029 0.10863132 0.66232455
0.65249956 0.37705225 0.57233447 0.85783565 0.15370701 0.12856135 0.8007264 0.025913665 0.09964907 0.78136 0.84093595 0.74536216 0.70837325 -0.032308076 0.18734697 0.53346986 0.028881684 0.62984127 0.4412845 0.25274116
0.5151258 -0.006990104 0.6887308 0.2807952 0.65877116 0.5989958 0.70638674 0.8046311 0.93206936 0.7706213 0.6898299 0.024992865 0.38961908 0.56414026 0.18184543 0.81626976 0.71404755 0.18834867 0.21856005 0.28367394
0.19206789 0.084953345 0.64088446 0.662445 0.82335836 0.65498716 0.59008986 0.5142167 0.35259342 0.9298832 0.17121208 0.5837575 0.29109466 0.63322777 0.39554933 0.8171795 0.16049497 0.8604915 0.38023227 0.4417281
0.24151471 0.4988397 0.8818656 0.6905685 0.88238883 0.92190987 0.18768634 0.730183 0.74184126 0.5477368 0.5730975 0.17380197 0.20740655 0.4965498 0.2602264 0.4864215 1.0811138 1.0922446 0.4200566 0.34175545
0.78492755 0.632513 0.77331495 0.6055259 0.490762 0.9889925 0.2812247 0.6903905 0.29144958 0.43019888 0.16486877 0.1372843 0.5211054 0.34170988 0.822968 0.78639716 0.58248883 0.11363505 0.24202229 0.5593418
0.42488274 0.310349 1.0442941 0.84066826 0.48497888 0.38296622 0.4594918 0.23828457 0.17088266 0.5666381 0.49514344 0.32973853 0.9436181 1.0538869 0.92960906 0.36833256 0.7872375 0.89133734 0.17833303 0.3438013
0.33145666 0.18998034 0.5659093 0.63170594 1.0304581 0.90157574 0.80878025 0.9575412 0.7045722 0.6141083 0.5701635 0.22077693 0.8179323 1.0781202 0.19666073 0.3277487 0.5934196 1.1387146 0.7425834 0.3808188
