0.4731512 0.8297155 0.43809795 0.35819817 0.30152327 0.14690238 0.13571192 0.8678325 0.2676608 0.7083678 0.66829115 0.78185743 0.45665208 0.5499192 0.66331697 0.41247126 0.9798487 0.3510849 0.48678663 0.13485974
0.21462071 0.90757054 0.39453077 0.16087039 1.0242635 0.35095572 0.14013577 1.0087063 0.30124804 0.52990717 0.3241557 0.92602247 0.28147697 0.4799221 1.0088758 0.7460476 0.46967354 0.87444174 0.9473486 0.37686136
0.4796209 0.27002755 0.44644335 0.41485918 0.78146136 0.21683314 0.22774503 0.47449842 0.27733687 0.7602613 0.21329285 0.80270416 0.21784277 0.07920815 0.42621365 0.7892706 0.8617644 0.41260332 0.082472734 0.56280607
-0.066229194 0.20063753 0.43116614 0.78974885 0.84179294 0.16876745 0.045261577 0.066289306 0.42981407 0.24657466 0.6367331 0.36035177 0.6726875 0.085648105 0.66943455 0.88011444 -0.065059915 0.3152075 0.38317543 0.14930548
0.4514434 0.16579513 0.23589088 0.57320046 0.15030302 0.9666659 0.9642633 0.5037649 0.12644368 0.45222917 0.8241699 0.40684462 0.8149295 0.8982903 0.101155706 0.95505446 0.26446038 0.4153364 0.22001413 0.73571104
0.97781235 0.4508722 0.62053674 0.8219869 0.14901091 0.7715804 0.6571904 0.64257723 0.49021816 1.0099704 0.5088108 0.07506716 0.48712796 0.8511436 0.74208117 0.12338958 0.35924268 0.2921679 0.7484161 0.48540315
0.4125768 0.8120477 0.87713414 0.16409338 0.57674724 0.32105765 0.81857604 0.13147384 0.76129246 0.18892397 0.66163754 0.86983746 0.74047464 0.13424042 0.7814408 0.7593923 0.26858005 0.36384282 0.85891443 0.98619837
0.90420055 0.76267344 0.443386 0.47074115 0.3758176 0.5346836 0.5759728 0.17930068 0.51660645 0.6205898 0.80991757 0.3095496 0.71515435 0.3487577 0.5641091 0.75796294 0.5430099 0.44803712 0.1390027 0.09525942
0.5644479 0.4113145 0.34950817 0.89325255 0.7429134 0.07320699 0.2559884 0.6828064 0.68294793 0.8553915 0.61321884 0.8116422 0.52552605 0.5815794 0.64635724 0.39935955 0.39001462 0.049779885 0.108716615 0.60500485
0.25509346 0.28826985 0.19613959 0.6817863 0.81805253 0.24333501 0.5696668 1.0139028 0.49750236 0.8906275 0.69722885 0.25930715 0.5023019 0.9027307 0.5688621 0.54907733 0.7765933 0.4685234 0.45468548 0.7332997
0.64299995 0.29083872 0.76302016 -0.087641716 0.7465685 0.7402237 0.5599807 0.66060567 0.015616158 0.4354352 0.42209473 0.7797057 0.50732684 0.25005117 0.5386463 0.1279688 0.5604231 0.5889433 0.04446382 0.31637153
0.2822788 0.9216009 0.2681764 0.24526481 0.5901482 0.26612905 0.3625731 0.88474524 1.0667605 0.23698442 0.6405691 0.8461335 0.2845341 1.1299531 0.77666503 0.9771453 1.1469465 1.1013807 0.37450364 0.40176705
0.32715648 0.5913581 0.36008614 0.3136454 0.7738598 0.26200533 0.7184235 0.7870301 0.8488421 0.46054608 0.29668468 0.90817386 0.9824512 0.33931962 0.278678 1.0729104 0.71577924 0.576732 0.3872056 0.5817234
0.098173164 0.6772022 0.62852937 0.45880923 0.48088044 0.17563927 0.4676234 -0.013858673 0.017550018 0.6412419 0.27141586 0.03532476 0.85290825 0.6769068 0.5535704 0.68379676 0.69654983 0.87203676 0.13845566 0.27673066
0.9353214 0.3347729 0.94108593 0.9501685 0.8060366 0.69516194 0.82826245 0.55036616 0.67511594 0.5579017 0.6553084 0.19622767 0.50880176 0.16250144 0.8906924 0.08261404 0.42901182 0.30160218 0.8203892 0.21873938
0.8642563 0.12701914 0.13502489 0.7938041 0.7882011 0.5737001 0.5937108 0.198803 0.61172307 0.765058 0.4296375 0.1255768 0.064435735 0.64927584 0.38815147 0.582101 0.92606103 0.33077812 0.6462844 0.49099088
0.9672402 0.602754 0.19203345 0.5983871 0.22966555 1.0096223 1.0551999 0.12674907 0.5374227 0.4602747 0.21051367 0.8474128 0.68478405 0.47670847 0.37808836 0.3070539 0.93152285 0.5671802 0.5948099 0.88866484
0.31198165 0.6970405 0.3905156 0.3625592 0.9386829 0.5893077 0.29690036 0.6853078 0.77688146 0.39426896 0.63126826 0.9435685 0.32137927 0.09807907 0.15752904 0.31312603 0.024832433 0.69471765 0.869749 0.5639419
0.59317803 0.5022187 0.6399472 0.22343875 0.5156371 0.4372717 0.5787413 0.64207137 0.87973875 0.3153118 0.9624956 0.79520434 0.64218825 0.43070117 0.87576824 0.62807846 0.63988906 0.20688175 0.40435287 0.6132797
1.0443001 0.40849033 0.2619876 0.3433073 0.48300862 0.46743518 1.0198551 0.6202368 1.1481738 1.0055152 0.61995256 0.5175982 0.9292632 0.90615 0.5762648 0.2383354 0.8103329 0.28954086 0.66835374 0.3247404
0.7992803 0.5818491 0.56763744 0.6453906 0.4389313 0.94700533 0.15745956 0.53065556 0.14932369 0.24878569 0.050310552 0.42144018 0.7406557 0.35647604 0.042512733 0.46610057 0.39344558 0.42182958 0.67479163 0.20718496
0.42051885 0.5115011 0.36379382 0.72956187 1.0176116 0.5539274 0.88557553 0.48744753 0.41785118 1.0036377 0.76066345 0.3564001 1.185025 1.1172135 0.953491 0.65499926 0.32240078 0.407702 0.29740116 0.3311809
0.2706514 0.9132001 0.5335387 0.9148826 0.3471349 0.96362394 0.38504267 0.4440235 0.48242682 0.5174832 0.043756496 0.9852937 0.74637204 0.35616225 0.4239353 0.24792175 0.48185402 0.93520325 0.84689325 0.47917193
0.25915208 0.45346138 0.40178952 0.34925267 0.79732186 0.91409993 0.6166946 0.21489605 0.4671059 0.36622164 0.5603164 0.3755666 0.5903717 0.2481205 0.974928 0.13293181 0.9636227 0.90538657 0.8556993 1.0154389
0.71573514 0.6368327 0.7908909 0.85721844 0.7352035 0.5138194 0.23321152 0.12891014 0.2145821 0.33258742 0.5739208 0.71112543 0.7524447 1.0306661 0.46743283 1.0061027 0.48610282 0.6444834 0.6679032 0.1285883
