0.028275369 0.5633327 0.6451032 0.54118323 0.28032914 0.82250375 0.8432384 0.88452005 0.8245291 0.6599809 0.47842884 0.17149463 0.48725516 0.41977933 0.3285292 0.11543382 0.3417173 0.38022894 0.6229459 0.58444464
0.5850451 0.61569756 0.80921763 0.34869042 0.40508834 0.8332591 0.13968061 0.8327437 0.35493606 0.5544631 0.7046459 0.74446964 0.7032435 0.35263222 0.59122014 0.13487801 0.66867286 0.7621837 0.7854021 0.49105483
0.6940177 0.95949674 0.6862286 0.9473483 0.26693398 0.25626987 0.31494302 0.21980983 0.14586918 0.27650052 0.33992368 0.76176614 0.9213816 0.40757582 0.84849286 0.51876795 0.8723734 0.116155475 0.7596016 0.953766
0.78796864 0.9134739 1.0619698 0.36465323 0.49881837 0.5669192 0.6667186 0.14886852 0.7630944 0.3843456 0.53759027 0.41170803 0.744709 0.3334291 0.8960368 0.88993627 0.20381099 0.8624379 0.3316849 0.20180723
0.67326903 0.53217053 0.4339193 0.5327809 0.5991657 0.49214822 0.17730662 0.49221858 0.006763377 0.22638056 0.80927426 0.331069 0.5670918 0.034590755 0.8619167 0.10979052 0.78367627 0.23620458 0.19928354 0.68940735
0.20337601 0.15763418 0.7879445 0.4071956 0.6816242 0.19504847 0.83168024 0.37885532 0.045129623 0.27272555 0.15418187 0.11563257 0.7509188 0.43847916 0.76554424 0.7417357 0.5206698 0.52835757 0.4442156 0.403005
0.13693395 0.3086847 0.67721534 0.78622353 0.9257349 0.2679336 0.99881464 0.06677547 0.359538 0.6114039 0.7341021 0.6890215 0.30429652 0.6983668 0.47019812 0.61818534 0.775597 0.5644276 0.2912019 1.0054059
0.099306524 0.5044679 0.15733774 0.8150695 0.13641831 0.63101065 0.6280386 0.8166711 1.022714 0.4398164 0.5610706 0.9764083 0.43627453 0.10900122 0.87586474 0.98668325 0.9651148 0.15151888 0.7536384 0.4844067
0.43966675 0.5204477 0.06339761 0.75710005 0.3845405 1.001912 0.6618502 0.6501499 0.5078068 0.61695373 0.20738038 0.33033475 0.20091343 0.22191013 0.24358968 0.9324623 0.3464108 0.23370354 0.25528723 0.28479338
0.18943208 0.411513 0.7877225 0.8054171 -0.08293561 0.67859054 0.2652976 0.6245993 -0.008463165 0.28349832 0.37248346 0.5714564 -0.000946618 0.70997757 0.41916233 0.67731506 0.7492412 0.25036848 0.43154854 0.6508894
0.13619435 0.76224196 0.2803053 0.86265546 0.19839785 1.0241499 0.66738856 0.38113394 1.0501095 0.6331585 0.96517867 0.23465033 0.28968248 0.56704044 0.71325487 0.7852929 0.38021645 0.23007955 0.32731435 0.9933596
-0.034520026 0.4908641 0.7884339 -0.031656653 0.63287807 0.6315469 0.0110505745 0.8221106 0.7429002 0.19495593 0.42434388 0.82529795 0.6251994 0.2378538 0.43266383 0.028886244 -0.021811526 0.7604883 0.31030276 0.73598504
0.94787705 0.4870052 0.36427578 0.38858125 0.7046721 0.7533774 0.65130466 0.61679626 0.0606577 0.86321473 0.70521533 0.8213877 0.57511675 0.50183654 0.5407758 0.8387337 0.1897795 0.55750537 0.10631447 0.835008
0.3309592 0.8346217 0.3878721 0.4333462 0.19107 1.063938 0.21266271 0.48887086 0.5695363 0.44950354 0.85416305 0.666924 0.8338068 0.7053389 0.27521834 0.4002497 0.24311839 0.645835 0.89717937 0.90888256
0.027814526 0.38995445 0.7928495 0.23010612 0.8283898 0.8118878 0.6150927 0.24912824 0.08921486 0.89715135 0.9775976 0.09096598 0.92932343 0.5682005 0.64672154 0.8158182 0.6689244 0.8496819 0.9335347 0.11622213
0.5866604 0.3288934 0.6371087 0.30336842 0.6665788 0.7491467 0.8833497 0.10932531 0.35657343 0.85795337 0.7658365 0.37994054 0.8805124 0.73984826 0.080222026 0.29870495 0.4748953 0.17498387 0.6556599 0.2885965
0.44680402 0.39574406 0.15688568 0.92364067 0.49574468 0.8782523 0.33918187 0.83402467 0.13392238 0.7213822 0.8684474 0.94119716 0.88806105 0.068916775 0.5636645 -0.006866226 0.39520538 0.06955164 0.6483525 0.16952153
0.27150178 1.0074009 0.091051325 0.60346305 0.37942252 0.9149041 0.9611024 0.40552923 1.0285426 0.1687104 0.26393372 0.7512354 0.18171462 0.96721613 0.5660318 0.19881345 0.44431725 0.8173812 0.82260066 0.6053358
0.6044902 0.044079598 0.58434314 0.8289454 0.5511406 0.68993175 0.7137169 0.071844295 0.44267145 0.5101702 0.5906558 0.7170413 0.6876478 0.1501914 0.16544914 0.86020774 0.60282004 0.875616 0.8707776 0.74816984
0.581226 0.8004974 0.5307924 0.1696912 0.45359847 0.5177949 0.5417868 0.6042612 0.16733772 0.53060925 0.6812048 0.6456749 0.69156367 0.31470066 0.60898143 0.4821659 0.6061828 0.20961826 0.45352852 0.31155044
0.77536345 0.49381855 0.045596387 0.7160344 0.7612399 0.02174112 -0.014793404 0.814745 0.47949854 0.33750233 0.53825647 0.6537518 0.79256415 0.7402732 0.44123697 0.24795333 0.81749773 0.8626064 0.31833738 0.12949944
0.65037376 0.5697611 0.8920761 0.4967615 0.38463938 0.3426557 0.2578539 0.7446288 0.34645614 0.28779346 0.9154285 0.60591066 0.48892203 0.24722831 0.46101192 0.5345838 0.47010595 0.35633823 0.40216932 0.72238815
0.2896339 0.515357 0.012285367 0.6356242 0.516212 0.059579097 0.44308335 0.2914895 0.5568086 0.39148924 0.8759614 0.22065654 0.6332954 0.114437506 -0.0013461479 0.7153254 0.8175288 0.04990826 0.22578923 0.025530934
0.5831132 1.0669879 0.21168303 0.28569475 0.6753117 0.97911686 0.95869917 0.68835723 0.7380952 0.9648615 0.6373705 0.9499733 0.2884431 0.758825 0.41436192 0.84517354 0.46138534 0.46456614 0.22252174 0.54742223
0.008317093 0.5041493 0.35272747 0.21658194 0.6165527 0.37844843 0.7834968 -0.04380602 0.69130874 0.60802174 0.50471514 0.18649419 0.6102781 0.7808436 0.49521366 0.1606511 0.5911363 0.90166074 0.019919727 0.26158947
