0.69038033 0.20689075 0.76583767 0.2436259 0.24664113 0.6372364 0.15769307 0.309942 0.75382334 0.13984562 0.695381 0.425099 0.123091355 0.6290261 0.30328068 0.96278554 0.78853357 0.93604034 0.7960561 0.12224079
0.43684268 0.45532185 0.6482346 0.9832279 0.48191255 0.81128556 0.78013206 0.77241683 0.90133 0.6588106 0.6625396 1.0875374 0.4490773 0.3726151 0.24943464 1.0251458 0.2976384 0.39006 0.21209411 1.1355642
0.7850549 0.40284196 0.99197936 0.50443035 0.33958155 0.7198077 0.6693167 0.5348095 1.0758703 0.8047484 0.93515426 0.16625533 0.62002635 0.26696405 0.88230866 0.13901752 0.206923 0.7485888 0.41774994 0.4710155
0.93313813 0.26003018 0.56302476 0.67173636 0.67032295 1.0551789 0.23221378 0.16643003 0.9351871 0.62919235 0.18832466 0.47238317 0.9261986 0.23582941 1.0590765 0.11838362 0.93828046 0.955648 0.6852937 0.952229
0.8079524 0.7382185 0.7472683 0.7800939 1.0353872 0.8764407 0.52323467 0.9744612 1.1005591 0.817409 0.7455049 0.7581557 0.437512 0.46717638 0.17412966 0.44201967 0.6149542 0.3213957 0.34476274 0.2651134
1.0747087 0.26179016 0.44015744 0.24861197 1.0726857 0.83568996 0.886255 0.54367447 0.78452647 0.8512929 0.55258596 0.32245755 0.30750707 0.36666656 0.5259579 0.51582897 0.68623424 0.43972284 1.0288453 0.940897
0.7844648 0.51543427 0.25233448 0.5145401 0.624352 0.9952427 0.8759716 0.789667 0.7753075 0.59835905 0.32838812 0.9806528 0.43511966 0.6910926 0.7409884 0.61862653 0.4249635 0.40460232 0.1968849 0.09629242
0.47544014 0.88076705 0.5574486 0.63700885 0.70844555 0.86148787 0.6685099 0.3955187 0.31945667 0.7840071 0.36015737 0.49483934 0.4866659 0.723382 0.0033790339 0.8010508 0.5765214 0.6702988 0.46008578 0.70421773
0.2189087 0.82064885 0.64882714 0.65871686 0.6604865 0.32199007 0.5125742 0.50217277 0.7541033 1.0977921 0.25857377 0.64952487 0.39232817 0.6937881 0.4327731 0.75350994 0.18113391 0.49964434 0.97980404 0.2647172
0.94388855 -0.013804758 0.015582806 0.39020798 0.78601706 0.7862863 0.85490376 0.12515295 0.09284019 0.6016728 0.032312986 0.15603587 0.8855225 0.2119789 0.61358154 0.9348584 0.2598353 0.92856956 0.9201344 0.58545345
0.56352645 0.38015667 1.0027406 0.9092714 1.0234443 0.45686066 0.43266514 0.81344104 0.5590906 1.0076151 0.36798108 0.70253706 0.6328922 1.029762 0.1651924 0.9902753 0.12859005 0.8014364 0.46861258 0.27716693
0.82623374 0.1973639 0.9252519 1.0228511 0.32161582 0.89826846 0.64596087 0.79911244 0.57655555 0.38266632 0.6561021 1.006446 0.44344842 1.060696 0.5396509 0.2880539 0.22046201 0.814991 0.4749362 0.5700156
0.1708488 0.9524373 0.7746109 0.68165624 0.74139404 1.0182524 0.88779795 0.24931897 0.82962066 0.27753368 0.5099707 0.9088022 0.18654801 0.51867694 0.93046945 0.49475428 0.5555934 1.0458739 0.4894343 0.6717168
0.60882616 0.20222543 0.9428808 0.63478756 0.91443616 0.6948983 0.62397814 0.46209317 0.5755493 0.25269118 0.5604594 0.8910178 0.4162618 0.41875514 0.32866645 0.21533445 0.37336743 0.9651856 0.8583764 0.59738195
0.36216727 0.6083282 0.16226225 0.66460127 0.5775512 0.90394056 0.7404258 0.51156574 0.9074454 0.95693237 0.5405076 0.8495605 0.8870948 0.3577242 0.86413115 0.2775592 0.5274157 0.7981752 0.84757125 0.5201427
0.46038195 0.8997999 0.46790233 0.8465655 0.826276 0.7182038 0.6138754 0.6657657 0.32882544 0.6935813 1.0113776 0.34739518 0.73296607 0.33687824 1.0412294 0.2286746 0.3968514 0.97112733 1.0389988 0.1229308
0.46049368 0.68805754 0.63591754 0.74677324 0.25560626 0.178325 0.58168465 0.22920421 0.12168425 0.9641345 0.72092223 0.8353237 0.8779333 0.6605843 0.9260247 0.6038253 0.57208985 0.6506369 0.593185 0.17693439
0.09443607 0.42352596 0.980139 0.3996527 0.61274 0.17668298 0.09872711 0.96386206 0.38102025 0.70574194 0.6246315 0.930087 0.17689031 0.93228185 0.63060194 0.88053155 0.418662 0.063802235 0.46336436 0.19462395
0.6430447 0.24158992 0.45418543 0.95287293 0.3629929 0.18456613 0.48332202 0.6623489 0.53509843 0.6235004 0.2262916 0.87048984 0.59777725 0.5686425 0.6211144 0.70112 0.68608326 0.87640107 0.38961056 0.942527
0.24654151 0.19218887 0.84912443 0.80212706 0.27833125 0.3540064 0.4772857 1.041969 0.59374386 0.5742628 0.7219817 0.58476573 0.63512194 0.4880384 0.5595991 0.73186374 1.0250442 0.63806844 0.38962334 0.19192344
0.3912596 0.7574992 0.30443195 0.16158389 0.4323741 0.71569014 0.8818762 1.0131588 0.6215965 1.0771909 0.27049723 0.5941407 0.14099868 0.15379211 0.81666046 0.690803 0.7209819 0.6876379 0.59845364 0.6007581
0.8593719 0.42294946 0.8821712 0.8035216 0.74271226 0.8094642 0.69844866 0.6355748 0.5018433 0.6487626 0.13813394 0.8481567 0.30377734 0.51872504 0.14368077 0.49260092 0.9144797 0.04920894 0.96474856 0.13586544
0.891681 0.63390195 0.8580528 0.23377325 0.99835384 0.65708303 0.40256485 0.8747096 1.122749 0.38549876 0.370431 0.9312605 0.338837 0.38293606 0.22916989 0.83232266 0.31111032 1.1346215 0.81389606 0.39399585
0.70644987 0.4217086 0.9319034 0.17012301 1.0383139 0.6112112 0.42212033 0.62026465 0.5192653 0.5561944 0.44374412 0.72916555 0.63774306 0.80821854 0.99243325 0.18120852 0.88835895 0.848059 0.72530794 0.44277984
0.24540995 0.969765 0.83832383 0.9555564 0.29410648 0.9159642 0.16112795 0.539211 0.23303327 0.9407257 0.45037362 1.0588838 0.8609517 0.46081927 0.4780964 0.27644655 0.24207313 0.40191874 0.83019435 0.47441095
