0.43198448 0.72274244 0.21451883 0.31537327 0.065040134 0.32770663 0.59555906 0.3324786 0.9489874 0.4771605 0.68502325 0.5380436 0.07784717 0.14504564 0.11347138 0.25348 0.46468672 0.5502558 0.40412524 0.8705849
0.19763248 0.09803981 0.83204585 0.64319444 0.59922415 0.67148674 -0.016914975 -0.033297278 -0.13687056 0.15999691 0.36817327 0.22759546 -0.13612217 0.30670533 -0.068414845 0.6009569 0.009071548 0.6547901 0.7896435 -0.11193819
0.6855504 0.5563897 0.4472656 0.67617923 0.07680213 0.90374327 0.47834116 0.7252652 0.57433945 0.39131105 0.5940131 0.7566076 0.5691353 0.25025448 0.32781076 0.1655803 0.8618313 0.84180516 0.016618473 0.37364697
0.3712639 0.1016661 0.58787537 0.8426481 0.35497856 0.5714559 0.762827 0.8012719 0.53651 0.24607834 0.95571434 0.4679236 0.62057954 0.7732305 0.20622793 0.859193 0.67196614 0.13035432 0.7115382 0.94195575
0.1897335 0.9306644 0.32497534 0.34422445 0.78869015 0.9126021 0.272464 0.13315886 0.147963 0.9923213 0.836047 0.29612634 0.49296266 0.2525822 0.75838256 0.09497927 0.8377483 0.22251695 0.23856573 0.981042
0.61149013 0.66661835 0.73356354 0.03573332 0.07782967 0.7953132 0.6233107 0.43424135 0.45661926 0.6486178 0.6698332 0.89880234 0.3428341 0.039118197 0.27395546 0.49765852 0.69144136 0.172481 0.74039406 0.89557546
0.5125499 0.88341826 0.021588765 0.620678 0.53611636 0.06286828 0.70544314 0.41687736 0.5157553 0.55064684 0.7707019 0.5064705 0.7840177 0.20557852 0.31832758 0.72286063 0.62266827 0.67859364 0.58750117 0.16569172
1.0147328 1.0718818 0.8821933 0.20616835 0.36087015 0.434264 0.57259065 1.0455132 0.43221506 0.5919357 0.25153705 0.1115029 0.5295205 0.7827297 0.8232436 0.6431311 0.13658209 0.35663763 0.2619612 0.8760298
0.4456242 0.7726512 0.27040786 0.9667995 0.861624 0.46522647 0.55035216 0.2896066 0.6352523 0.76055294 0.32982054 0.35202467 1.000044 0.26722062 0.110238925 0.35560802 0.6945323 0.31289443 0.058699723 0.47634095
0.18394555 0.4600291 0.8348764 0.9005642 0.46829554 0.3243023 0.48299858 0.5541544 0.6879901 0.7481635 0.39858285 0.30736127 0.5465284 0.19183828 0.5283071 0.79375654 0.04363631 0.70288783 0.70145726 0.080838285
0.7164963 0.83590996 0.3029649 0.61538166 0.05981188 0.049024653 0.317096 0.36137235 0.64775974 0.664286 0.5151576 0.70089364 0.17613333 0.19574293 0.7078239 0.06640796 0.7959411 0.47059077 0.9202368 0.7562402
0.41284975 0.5496268 0.09597465 0.4174996 0.56434166 0.67441934 0.44379678 0.4147839 0.7456097 0.13984874 0.7153184 0.49948972 0.879096 0.98647034 0.70649433 0.6816593 0.66621274 0.07830499 0.925278 0.94908357
0.5806815 0.33480582 0.4671512 0.2589802 0.7044733 0.7784044 0.60573304 0.24225849 0.93072164 0.31630972 0.7781788 0.68530005 0.98034006 0.80401874 0.1478862 1.0526607 1.077067 1.0774752 0.4510103 0.42082214
1.009072 0.93346757 0.1605215 0.16614075 0.3260706 0.2084321 0.33412185 0.6428947 0.74207175 0.35742262 0.6754357 0.2828281 0.36314788 0.25647908 0.23109028 0.17027989 0.9075063 0.23853815 0.3786432 0.4632827
0.45382297 0.02887632 0.6705073 0.19085427 0.41346604 0.17518678 0.8127276 0.3600022 0.044027418 0.1394 0.63357407 0.24967672 0.748644 -0.05276774 0.6671063 0.6399464 0.30357355 0.4625282 0.4157603 0.06789719
0.6788624 0.38900265 0.05279487 -0.040576484 0.877483 0.7426629 0.42898142 0.14562477 0.6616822 0.4400837 0.3553251 0.35634872 0.7349911 0.24975678 0.25993168 0.7863115 0.2662303 0.615366 0.01656265 0.6025583
0.29668856 0.2699913 0.003266265 0.37910017 0.3467472 -0.14261764 0.6663486 0.2199649 0.28452137 -0.036979325 0.32993716 0.5340954 0.023857817 0.7353576 0.010689507 0.55483556 0.030050276 -0.076338224 0.7287584 0.44741446
0.49124387 0.45243722 1.0264564 0.566105 0.2725354 0.8698134 1.1158521 0.8751749 0.2064637 1.0149887 0.8127104 0.9213056 0.2363526 1.0570638 1.132135 0.27410695 0.2825138 0.4474187 0.20460507 0.42666212
0.8575392 0.75602484 0.6743807 0.4525815 0.42398545 0.32756242 0.1623964 0.23765661 1.0301235 0.22669211 0.5952321 0.41927367 1.0905495 0.28583258 0.92866164 0.884744 0.45623514 0.33352908 0.34873077 0.8270485
0.99283814 0.7201473 0.8448767 0.4024821 0.13753256 0.3754504 0.9520727 1.06494 0.7009371 0.8239298 0.95305884 1.0686567 0.5067277 0.2553535 0.14152482 0.27572617 0.116778605 0.35800213 0.8521354 0.13243453
0.284972 0.015313519 0.29569858 0.31229386 0.27117166 0.43683627 0.44449633 0.6269143 0.6391175 0.8921672 0.7892666 0.78288376 0.66282624 0.1296265 0.8186871 0.3607722 0.45203397 0.8305551 0.59432805 0.6152669
0.6500802 0.65628654 0.16315816 0.8520648 0.8404919 0.8131502 0.4017094 0.6345657 0.32900473 0.43478894 0.69608945 0.35010728 0.4708408 0.4533937 0.21703787 0.59019506 0.22531357 0.1225627 0.5064118 0.6889334
0.4677277 0.5945074 0.86043006 0.98740584 0.8449766 0.608355 0.30425575 0.34449425 0.2166455 0.75375086 0.22879258 0.285753 0.21917403 0.31818533 0.25423184 0.43098092 0.46235916 0.6853676 0.8008524 0.437259
0.60562974 0.16879763 0.6814683 0.4653608 0.7654133 0.3461328 0.2529318 0.19397202 0.6891374 0.32122806 0.8288684 0.39931968 0.73341113 0.9244976 0.9188779 0.29288036 0.19973949 0.86663663 0.17557172 0.1648613
0.07541029 1.0125564 0.3006886 0.21662395 0.86734915 0.23040318 0.46330115 0.1804675 0.44762766 0.9443547 0.8220042 0.3214291 0.06859303 0.4281211 0.6567206 0.30543596 0.6744623 0.84566504 0.42133763 0.91132724
