0.9291591 0.71653473 0.29390234 0.96645004 0.7925103 0.5538612 0.7812076 0.5153962 0.2634514 0.9502588 0.7786221 0.3305942 0.2230018 0.5450946 0.81925124 0.32911116 0.20979288 0.4275343 0.45205867 0.8422763
0.4931018 0.7717382 0.1196378 0.7339953 0.75371605 0.046105545 0.039605524 0.011837555 0.14503823 0.8051586 0.045513213 0.51770633 0.7425051 0.83794194 0.4760198 0.8452454 0.62850064 0.7814305 0.5173336 0.6279814
0.7255461 0.7007622 0.2834299 0.6610008 -0.020267662 -0.0028360775 0.10490741 0.57110727 0.39838263 0.8952764 0.7963596 0.70099825 0.57143885 0.4890392 0.66389585 0.40007755 0.32833475 0.63053346 0.7201476 0.6354734
0.8425334 -0.053357944 0.75833696 0.44594568 0.3508638 0.17397119 0.87696 0.40130997 0.5092741 0.6726257 0.34147736 0.33417833 0.8523826 0.34113947 0.17230192 0.5733031 0.3874699 0.89012516 0.53728133 0.5593042
0.6003898 0.8067972 0.32235903 0.9296379 0.8586981 0.7660439 0.11346697 0.68992645 0.21298656 0.1565012 0.7450855 0.2896285 0.74645436 0.8952298 0.44266346 0.9171788 0.32546303 0.68168753 0.27345738 0.6875636
0.8861757 0.6922706 0.56832725 0.45132184 0.5780628 0.22434446 0.7850255 0.21800643 0.42128673 0.49506015 0.9416437 0.53955716 0.7246593 1.0637515 0.8653861 0.24225648 0.27643448 0.96476644 0.5445441 0.18906023
0.5618459 0.825666 0.20544147 0.6249447 0.34137762 1.0037231 0.64761454 0.43322766 0.891429 0.14778617 0.8836366 0.87562007 0.32097113 0.20979317 0.57631946 0.39774173 0.856045 0.41335377 0.35192612 1.0527531
1.0417733 0.6435917 0.81107247 0.86614585 0.8406832 1.0124302 0.24636701 0.20556226 0.33737892 0.1403934 0.24477391 0.55210567 0.12716657 0.41425806 0.57779956 0.73769283 0.2618916 0.35143614 0.39132896 0.35017782
0.76111704 0.45633376 0.6784368 0.23646578 0.6213273 0.5384174 -0.023561686 0.27923816 0.11555659 0.1628883 0.45726684 0.2222398 0.79475796 0.011160613 0.63020104 0.8068457 0.4526613 0.6654621 0.2333235 0.5094838
0.16703317 0.5466868 0.1813896 0.78687024 0.37818265 0.7699059 0.7003829 0.7282974 0.99865633 0.4469965 0.1444701 0.7173064 0.5238219 0.6387781 0.5056188 0.6333363 0.7893275 0.6763834 0.59409785 0.66687804
0.4029274 0.9846276 0.30981907 0.32535875 0.7578765 0.76921695 0.30778277 0.62327707 0.466802 1.0368264 0.501027 0.81338966 0.3854015 0.6105834 0.45133197 1.0981038 0.2805491 0.7959225 0.9591012 0.9469737
0.39526406 0.61759025 0.56310076 0.11526021 0.15706159 0.27673975 0.1480985 0.9201217 0.60075164 0.7839482 0.3117929 0.71287686 0.18660527 0.45117643 0.60633826 0.6679213 0.8146818 0.21524554 0.97174895 0.61907405
0.2868208 0.49223006 1.0330651 0.5976247 0.8564712 0.8587206 0.7377066 0.6824297 0.47784138 0.612749 1.0978712 0.99639636 0.20433708 0.64163107 0.675258 0.46616584 0.20022088 0.6678729 0.35263193 0.8146755
0.44143608 0.71300733 0.6055865 0.7809625 0.4284662 0.6058067 0.6118502 0.6313881 0.84153014 0.5537148 0.55323464 0.8687676 0.5382839 1.045185 0.36637604 0.23453327 0.54066074 0.22239563 0.57596344 0.39528668
0.40442538 0.55802816 0.55710864 0.34791926 -0.03383836 0.8491998 0.07956175 0.41665775 0.11985512 0.770104 0.4765253 0.48019937 0.12665701 0.61644363 0.9017728 0.8565652 0.59891427 0.59288234 0.5013575 0.80660504
0.56385934 0.98161215 0.34153146 0.8232992 0.36985704 0.37121233 0.7935834 0.92090166 0.5617396 0.9206606 0.33907488 0.17721593 0.24851894 0.64164644 0.18339548 0.7219546 0.6435356 0.17622407 1.069993 0.75036025
0.21220648 0.51967293 0.9321989 0.33042592 0.4029325 0.52074915 0.18089864 0.5155216 0.42631927 0.82159376 1.0518961 1.003522 0.23525292 0.17757957 0.91844517 0.75301635 0.7016863 0.21473159 0.65834385 0.93163586
0.4056775 0.36573672 0.92522717 0.42215806 0.9518416 0.13528334 0.7748376 0.25109434 0.9435377 0.33638743 0.3019829 0.8586916 0.39500105 0.11478313 0.7033248 0.75014156 0.7674746 0.20846623 0.12759477 0.5335747
0.37454912 0.9917072 0.33384904 0.2756995 0.7614173 0.5530801 0.38572535 0.3485025 0.35525087 0.14249691 0.23243861 0.43902722 0.2941634 0.9605673 0.9262984 0.3956172 0.4644447 0.4672664 0.56120366 0.62080216
0.5808529 1.0592469 0.3312004 0.84724903 0.84320116 0.9741159 0.442621 0.15661798 0.6741609 0.20746401 0.43095168 0.5408364 0.25865102 0.7183115 0.98311925 0.29801628 0.37235397 0.43684968 0.33162084 1.0143472
0.43125334 0.20484117 0.32624137 0.049861602 0.6946897 0.18527879 0.28054756 0.9805946 0.5686168 0.60115874 0.8629349 0.63385224 0.19468254 0.2579588 0.6234597 0.8115494 0.45288068 0.9753714 0.49553677 0.32406527
0.7150189 0.27177966 0.29824245 0.6124392 0.30587232 0.8350035 0.69028556 0.79142064 0.20174891 0.8509438 0.9933047 0.49334532 0.55998695 0.24225311 0.80683166 0.3742734 0.45980486 0.82280195 0.5514771 0.46622205
0.9408671 0.5893736 0.6093089 0.6894554 1.0741664 0.35828927 0.67972606 0.51082397 0.15703925 0.2620095 0.6950177 0.54619753 0.9769913 0.12368445 0.27196687 0.42840585 0.33727044 0.411468 0.67222685 0.9816225
0.7051271 0.49311057 0.44346696 0.3038659 0.7741553 0.9787187 0.3477825 0.6889137 0.90421754 0.29614457 0.62593013 0.35033432 0.8158007 0.45622918 0.8014549 0.92272484 0.21060266 0.9682109 1.001269 0.73306733
0.049250096 0.2636603 0.6667531 0.27908438 0.19963746 0.41414908 0.59101504 0.77006 0.15481326 0.6075776 0.5256839 0.54839504 0.5376505 0.22035481 0.45643297 0.7285096 0.44042453 0.531761 0.016039582 0.73645335
