0.42536318 0.8362976 0.45361513 0.17549218 0.11323176 0.5752449 0.48265624 0.9215665 0.6773973 1.0173557 0.6841583 0.6494264 0.34427658 0.60406405 0.37360024 0.8203827 0.75559413 0.8759107 0.37873495 0.5503744
0.07232067 0.82976586 0.30772406 0.2382316 0.9201826 0.8353701 0.9332816 0.9758034 0.43276942 0.13225515 0.61376786 0.51375896 0.41513082 0.13694824 0.6992803 0.3849695 0.9947724 0.59915847 0.19136883 0.051503863
0.44574457 0.21401395 0.6038623 0.703366 0.5188348 0.47711194 0.31333104 0.1966604 0.9412085 0.68621796 0.9997773 0.4252339 0.80156696 0.2675473 0.79700106 0.61189914 0.7061808 0.2724775 0.5277549 1.0848923
0.29326367 0.88387007 0.6355595 0.94330835 0.76976305 0.5717152 0.50979006 0.29710048 0.17165758 0.5671507 0.47054833 0.18706015 0.86930233 0.7957634 0.8006159 0.20798834 0.7049262 1.0089641 0.38828325 0.4525484
0.3333214 0.33350483 0.76680475 0.5515104 0.3226829 0.8214867 0.9965717 0.17163952 0.7783234 0.6309369 0.16555153 0.19447163 0.49963686 0.85665655 0.6812191 0.62353134 0.21123108 0.9177086 0.34093815 0.09004134
0.4930618 0.8192437 0.09887071 0.1914366 0.35462582 0.52280027 0.84248006 0.43980375 0.5644186 0.43468034 0.73642147 0.8635831 0.72453374 0.32478648 0.58842653 0.7065933 0.17166974 0.8431086 0.08491964 0.14879017
0.5578899 0.090168305 0.45541453 0.8498674 0.072144285 0.89409095 0.27986366 0.10762989 0.2310185 0.34064248 0.90891063 0.4349126 0.9454478 0.77733374 0.19346184 0.24665128 0.24492186 0.79761827 0.7413743 0.82458436
0.3590537 0.19802092 0.72695774 0.6290612 0.5080754 0.044222746 0.62240326 0.23595692 0.2485748 0.42450678 0.6327423 0.6172672 0.57870865 0.4633374 0.37422648 0.11968757 0.3995951 0.13274458 0.7061263 0.5424819
0.34988493 0.20600374 0.851953 0.6912374 0.77551335 0.8070907 0.65058446 0.45127502 0.23194496 0.75767165 0.18970706 0.9524609 0.36342144 0.22856624 0.81021374 0.956003 0.5415057 0.43716842 0.2907267 1.0375049
0.23569985 0.9459454 0.0005721867 0.6174627 0.776188 0.35452992 0.10769717 0.86010575 0.5673155 0.36693433 0.57283187 -0.006463242 0.77281064 0.5503975 0.63877726 0.45153564 0.37890658 0.5904756 0.92879164 0.28796634
0.5117501 0.40253317 0.6955913 0.8288421 0.2935875 0.6169827 0.18898669 0.95958704 0.83616304 0.17452066 0.48019028 0.42630228 0.18251447 0.1634185 0.59509856 0.49802625 0.5012737 0.7487472 0.658989 0.48259002
0.615759 1.1365458 0.38479844 0.20180678 0.74467164 0.40984356 0.43400222 0.336297 0.5186243 0.7182558 0.3707079 0.90007323 0.8432153 0.3760518 1.1273141 0.21696335 0.7177522 0.63588846 0.5793038 0.3254551
0.9023832 0.5179591 0.38311005 0.24627964 0.94400966 0.69824713 0.078648254 0.6144756 0.36989257 0.1041299 0.26751718 0.27689338 0.21573497 0.291977 0.41412172 0.27377424 0.23166315 0.69039065 0.9318802 0.15418257
0.5188322 0.5170577 0.5177776 0.96326107 0.2711027 0.21334311 0.47783536 0.19308847 0.1274624 0.43452165 0.74062145 0.83874136 0.74275136 0.15472072 0.5824542 0.976239 0.5918509 0.15786827 0.34640908 0.7541672
0.83462805 0.41236305 0.925756 0.62561053 0.17125615 0.8043361 0.67587596 0.38173237 0.10226853 0.13299799 0.61842626 0.28173384 0.20254855 0.51130795 0.31220853 0.8269429 0.15061492 0.7438598 0.93448544 0.52535325
-0.01692686 0.054659013 -0.043167163 0.217469 0.21631773 0.4639686 0.359022 0.66236943 -0.08671052 0.004350696 0.21400592 0.14868015 -0.13629426 0.445525 0.7046953 0.507409 0.6305755 0.42198855 0.71753037 0.28426144
0.91580635 0.79133254 0.48177886 0.30566087 0.7749343 0.8815603 0.9487036 0.60552466 0.50004834 0.61339206 0.72509617 0.35313174 0.9099568 0.5487594 0.23707196 0.13263546 0.8501597 0.48038834 0.24198742 0.10200816
0.17195158 0.74536765 0.27993625 0.25971717 0.43316615 0.44567123 0.44177857 0.42735493 0.3501824 0.7998689 0.9476424 0.98766714 0.9616615 0.8596881 0.09584626 0.14654025 0.17398706 0.9228203 0.14398652 0.51519644
-0.07719911 -0.03458411 0.50361675 0.5310797 0.55832255 0.5419006 0.22627957 0.5612311 0.5607393 -0.013272123 -0.04148236 0.63692796 0.7058801 0.545617 -0.13231489 0.73733604 0.16570637 0.26252642 0.6875232 0.44444194
0.6565216 0.37687626 0.10741108 0.014370396 0.56202185 0.6925712 0.32426292 0.7795796 0.8273991 0.6571015 0.1380574 0.6232596 0.02165498 0.66588795 0.7701282 0.18355416 0.06628262 0.16196536 0.07855678 0.7706869
0.33405855 0.46671253 0.74440366 0.5222417 0.2615654 0.0067671197 0.60033065 0.83727044 0.4442775 0.7490872 0.6071282 0.06155009 0.73060507 0.19748825 0.1242529 0.17828047 0.6673433 0.39630502 0.2690378 0.61632574
0.88462704 0.23706603 0.2062943 0.5612724 0.57539946 0.6312434 0.64440066 0.42174074 0.2655719 0.760595 0.54504746 0.24302885 0.88658166 0.110882096 0.8902892 -0.063937515 0.6186951 0.8566958 0.82322717 -0.0073973583
0.15332812 0.13203181 0.20344242 0.16333106 0.9267835 0.4843458 0.44938797 0.886037 0.2276332 0.63457 0.690987 0.8482711 0.7329918 0.71594274 0.5456941 0.9607411 0.25233552 0.909031 0.17513643 0.16075182
0.299355 0.23931715 0.7876768 0.2415873 0.012060006 -0.08407122 0.2605896 0.25184163 0.08321801 0.7849186 0.43265325 0.38685453 0.8706144 0.572443 0.33169115 0.39831614 -0.04601482 0.56931704 0.2682757 0.7115728
0.23221749 0.3884619 0.14648992 -0.015406653 0.74235463 0.6125949 0.7947139 0.041522473 0.7139217 0.8859776 0.5743961 0.7094005 0.6155885 0.79379916 0.06787237 0.35345963 0.64458495 0.069395825 -0.0015621029 0.289488
