0.45486993 0.6011084 0.87518317 0.69014394 0.57206595 0.47019404 0.10597673 0.24602833 0.58845353 0.84130764 0.7446245 0.72507286 0.5727445 0.15324223 0.82536274 0.09040666 0.23391266 0.6470272 0.49308547 0.19069038
0.41699666 0.5129378 0.028926214 0.016205423 0.15965834 0.5340764 0.8982983 0.862216 0.7632526 0.8477097 0.2565424 0.12072084 0.8675246 0.37940717 0.5258437 0.8747026 0.23672622 0.15431868 0.94039696 0.6458004
0.44912666 0.2520122 0.6805836 0.50353193 0.3768542 -0.120813705 0.39183423 0.6475193 0.12774047 -0.080713145 -0.013305522 0.72018385 0.6812094 0.5484129 0.702719 0.0068157804 0.5152939 0.21331769 0.04081111 0.6743713
0.8912652 0.9285894 0.44519022 0.2914352 0.2704773 0.43358734 0.22226585 0.81357485 0.4604245 0.4664259 0.71288204 0.6094475 0.4202401 0.46677765 0.44564223 0.14834982 0.3903757 0.2708224 0.71602553 0.4674969
0.41026753 1.051368 0.5760684 1.0267282 0.7212385 0.23146884 0.57490134 0.26926488 0.47369885 0.22261205 0.29219288 0.24569274 0.4528279 0.90087885 0.38225198 0.97632486 0.67155296 0.6258876 0.2913901 0.98889095
0.63680696 0.7520232 0.31618515 0.5310252 0.63587004 0.32827416 1.0704519 0.4931741 0.68689823 0.22234973 0.53476983 1.0539294 0.27627832 0.23583235 0.37609434 0.31397438 0.8730929 0.936766 0.8632521 0.37380207
0.4207989 0.30081683 0.52688324 1.0009773 0.63110924 0.16068392 0.13716298 0.44091523 0.50271183 0.3020424 0.79298735 0.394731 0.7540818 1.0059313 0.67461735 0.5186206 0.15484439 0.5053844 0.5695645 0.34012595
0.25402218 0.13889892 0.37055102 0.7017582 0.76354164 0.24396093 0.60788393 0.62625647 0.77576846 1.0278482 1.0305253 0.86749256 0.26726657 0.7167674 0.99093956 0.081823215 0.7258755 0.540382 0.70417184 0.18530653
0.09954401 0.3232148 0.3879587 0.60502726 0.6138374 0.22522564 0.11723154 0.9635128 0.9913008 0.07455412 0.4778917 0.71718174 0.042413108 0.7676492 0.8610021 0.88459885 0.33879042 0.7942378 0.86275744 0.07947063
0.4425916 0.021469178 0.31548724 0.59875196 -0.019795 0.30613354 0.7364066 -0.02367443 0.04243881 0.41888463 0.7393351 0.65088373 0.57624775 0.51298153 0.41572785 0.37416744 0.5090348 -0.12501186 -0.06258783 0.7217185
0.7393686 0.38408542 0.6247312 0.8025678 0.37639096 0.7656695 0.09383438 0.6890507 0.5013642 0.659487 1.0107789 0.93723804 0.18938848 0.5359491 0.64997154 0.9545417 0.80023885 0.32097435 0.10794957 0.2544139
0.887726 0.13330027 0.1842271 0.8879934 0.4012903 0.9186931 0.1680945 0.34483004 0.87346995 0.9066833 0.3252008 0.042359523 0.5799944 0.82320887 0.08027099 0.7931406 0.93637383 0.1186941 0.62294346 0.18671139
0.8963486 0.43044558 0.5903949 0.42003825 0.71721613 0.088337675 0.3532869 0.9612299 0.7943617 0.6448741 0.110992625 0.46069315 0.3386811 0.27084008 0.63716394 0.52711517 0.9451298 0.7761228 0.6326776 0.8715788
0.36789703 0.29742643 0.55857 0.3492025 0.50044894 0.6349373 0.5135414 0.5711429 0.69765985 0.26584587 0.22406335 0.39474732 0.34487927 0.43018007 0.71902215 0.3310802 0.11967828 0.3112624 0.6420454 0.4914079
0.55093414 0.18804768 0.11038883 0.43079957 0.5560663 0.5557232 0.48312074 0.34791362 0.70703846 0.7260047 1.000044 0.14464056 0.31140816 0.9012391 0.94156384 0.24710156 0.41298294 0.5541992 0.20359737 0.81082094
0.5356579 0.3924658 0.411711 0.6774671 0.14591727 0.76276594 0.2652678 0.6101457 0.07130497 0.2284521 0.78427094 0.76328135 0.25404966 -0.0020246014 0.6594962 0.6957 0.08904472 0.12128737 0.61801887 0.6181132
0.25616124 0.19980267 0.7991715 0.29559356 0.8202691 0.13142094 0.7828386 0.04868667 0.58706045 0.1313789 0.8012502 0.8744686 0.036664728 0.056518506 0.18413346 0.5112918 0.24017987 0.77934754 0.0870843 0.9861007
0.733148 0.9099968 0.79686767 0.38125697 0.45304248 0.09288815 0.41612658 0.27413997 0.086829565 0.52585983 0.63151395 0.8275985 0.5259736 0.7931767 0.47863394 0.6534629 0.3457291 0.29590622 0.09096812 0.8196793
0.8545571 0.7686489 -0.08335242 -0.08138533 -0.032019276 0.7109529 0.4247044 -0.04462617 -0.02653454 -0.07396541 0.6600956 0.58900166 0.20351765 0.016004875 0.8148866 -0.03794214 0.75587106 0.8300526 0.59573716 0.41653818
0.56522256 0.5686443 0.5251079 0.27163997 0.46786466 0.12913084 0.45928845 0.9633724 0.8139338 0.69414973 0.27113205 0.54962987 0.5810642 0.72114515 0.9591595 0.7779351 1.0103872 0.09905945 0.32580656 0.6553985
0.2565981 0.94420564 0.2717915 1.1115139 1.0023966 0.90804505 0.948232 0.97263545 0.42756006 0.6181704 0.21138927 0.23405464 0.5636507 0.25317565 0.33203498 0.77124417 0.25561076 0.32682195 0.41326922 0.5051988
0.38087648 0.5817324 0.19645411 0.9385933 0.6679458 0.30770904 0.378167 0.5328838 0.30056593 1.0224247 0.4622451 0.9937041 0.33469042 0.5245812 0.2212184 0.3591583 0.94473606 0.77841145 0.7025345 0.85962003
1.0240929 0.50353724 0.91798794 0.53068477 0.42916155 0.82637274 0.23138124 0.46935302 0.38703078 0.41700962 1.0561576 0.78362256 0.41000044 0.2379275 0.4425989 0.371224 0.7759151 0.68055314 0.6462655 0.27867687
0.48462984 0.46390638 0.6486683 0.15829517 0.12984832 0.26747692 0.4423561 0.5280274 0.2391541 0.8058583 0.2980914 0.62777835 0.32951868 0.18463384 0.54171944 0.49722582 0.7872364 0.75652385 0.12144164 0.4182945
0.69718635 0.030058824 0.2424976 0.48112857 0.42469826 0.7384459 0.13058433 0.8405322 0.38658157 0.5532941 0.3317547 0.54951936 0.4852066 0.31230193 0.7716841 0.72123414 -0.005086701 0.5117735 0.084502265 0.39740333
