0.8702668 0.17279041 0.53366536 0.5393285 0.957983 0.79522824 0.9548473 0.20552519 0.6853411 0.2846052 0.24665633 0.14145137 0.9120348 0.9695011 0.78245574 0.40284336 0.79939806 0.22776994 0.120691165 0.8276781
0.97997916 0.50213236 0.9543964 0.29264176 1.1399039 0.7302119 0.31536546 1.004842 0.4490803 1.0536478 0.49943691 0.55088794 0.6286838 0.95716095 0.67738193 0.37668446 0.5161089 0.31477183 0.37491602 0.38305175
0.92342764 0.500267 0.46931562 0.22473724 0.40652996 0.24695265 0.84524655 0.9023707 0.4418085 0.5511721 0.84156805 0.12098154 0.71503407 0.5029187 0.12458761 0.07559951 0.1154643 0.89119655 0.7435339 0.6378738
0.80936146 0.43204966 0.25161257 0.15584771 0.23320897 0.43208086 0.7355797 0.59116423 0.12909287 0.8055645 0.9377248 0.18066457 0.3974884 0.4173459 0.85228604 0.31115764 0.5407077 0.7267738 0.3351383 0.8602112
0.3854169 0.4125836 0.25910628 0.49174482 0.7990267 0.42701086 0.09187328 0.15579462 0.3920355 0.60422426 0.4841277 0.74089307 0.28255 0.7432751 0.8219465 0.35421917 0.24303617 0.81300235 0.84431714 0.5861108
0.44960228 0.48980603 0.3726936 0.48659465 0.7035856 0.27684626 0.6189534 0.62071234 0.3607593 0.5235335 0.93214184 0.5413752 0.5058305 0.842361 0.96705365 0.3759894 0.6428334 0.13234992 0.7959648 0.7909319
0.6968757 0.772675 0.12628438 0.8801405 0.83311963 0.74382323 0.95923245 0.52524525 0.46143764 0.12668858 0.35155597 0.18838997 0.40252984 0.9393548 0.16926847 0.9796317 0.51732373 0.382221 0.45083377 0.9410253
0.8555639 0.4331786 0.12989722 0.15097462 0.47011194 0.4069209 0.5136205 0.20986305 0.3569472 0.59568805 0.07701922 0.12113703 0.45353997 0.067156516 0.6377909 0.6559002 0.6261081 0.45468077 0.34471133 0.84698564
0.9362327 0.69684154 0.053680357 0.6344672 0.6869688 0.6508291 0.65192276 0.6890785 0.8650558 0.6385976 0.7139028 0.50495726 0.26113743 0.78160185 0.67102957 0.41658452 0.3543184 0.20468467 0.9108418 0.25829113
0.64019805 0.21751694 0.804434 0.25000438 0.6351817 0.58800864 0.06145931 0.87520397 0.49042135 0.6606877 0.9390692 0.70930886 0.537822 0.45925605 0.30713794 0.8926019 0.57508713 0.4048706 0.9602579 0.543061
0.34327638 0.4717762 0.2672309 0.67614233 0.2954397 0.4076039 0.6203716 0.349805 0.7499124 1.0275115 0.94117063 0.32908887 0.9244906 0.5801094 0.9733183 0.5088713 0.4507441 0.46844402 0.3797476 0.721367
0.28819162 0.5538525 0.6953766 -0.025224438 0.15621842 0.2736251 0.3307752 0.67751354 0.47474104 0.34234738 0.15442573 0.6179041 0.7613523 0.82194716 0.13826622 0.7915183 0.10905035 0.12758422 0.11166882 -0.10502158
0.8110969 0.6731558 0.07145713 0.51564103 0.76483727 0.5198159 0.6623545 0.71374595 0.68736756 0.331025 0.1703091 0.5658051 0.96086985 0.46236828 0.9428524 0.9019074 0.31161988 0.3565478 0.71218824 0.45633614
0.90902424 0.7155645 0.8367664 0.40107933 0.3108929 0.8552222 0.1996868 0.25460666 0.38264945 0.94724005 0.83710074 0.11852182 0.41781086 0.34075794 0.795857 0.63862014 0.78324944 0.51796746 0.30939952 0.9106038
0.62409955 0.58124065 0.57026756 0.08394501 0.8168218 0.23183921 0.28714624 0.5236494 0.30732366 0.23724258 0.016081411 0.93078935 0.0321519 0.8983138 0.03422767 0.15576695 0.8932726 0.7215357 0.28585178 0.39134786
0.78665394 0.23483232 0.71306646 0.5469976 0.85500544 0.8810091 0.5337277 0.56364024 0.5555598 0.14998099 0.6387556 0.03682879 0.8145991 0.49357024 0.54820144 0.47723895 0.111814946 0.57088065 0.35027763 0.23796655
0.25612167 0.28543815 0.24075411 0.52148694 0.31127605 0.6724582 0.28491807 0.696171 0.28818014 0.9011374 0.6575306 0.39524284 0.36688873 0.13368347 0.9489499 0.7998398 0.87942195 0.119606085 0.51170903 0.6555283
0.27289504 1.1167289 0.29669365 0.5742688 0.897288 0.7337323 0.27245012 0.72489697 1.1335906 0.7435863 1.1992325 1.0808508 0.32284954 0.454765 0.989229 0.35632458 0.3175688 0.24780495 0.5528508 0.50543576
-0.09315405 0.22021887 -0.071398325 0.6311218 0.55839866 0.06502111 0.038784996 0.33093494 0.7667689 0.61531633 0.041554153 0.19135918 0.80167395 0.28988746 0.62617576 0.42709136 0.73793805 0.4537392 0.022376103 0.5310119
0.89967734 0.06741197 0.8537254 0.30123278 0.43866956 0.012375446 0.010879375 0.8258911 0.6499651 0.48366553 0.6649819 0.9215376 0.14628482 0.33090997 0.6956463 0.49487406 0.65120447 0.6621307 0.43091378 0.5684378
1.0460303 0.76300365 0.91180384 0.17083575 0.46090743 0.1584961 0.94020003 0.33299083 0.14555079 0.2530639 0.2555658 0.4434961 0.56021434 0.6800244 0.9283145 0.70377773 0.91416943 0.57386184 0.23980126 0.9609531
0.4413408 0.56919247 0.07741101 0.19369353 0.82497245 -0.10560552 -0.03507913 0.2175384 0.7837247 0.7250317 -0.04905402 0.57176304 0.79414 0.72053576 0.68809885 0.5073478 0.8303715 0.8272315 0.09466231 0.13231461
0.048123974 0.3764783 0.44306925 0.12058793 0.044051506 0.09105027 0.5459523 0.87315744 0.88522637 0.4188498 0.59096754 0.85438406 0.46558493 0.8517159 0.27092275 0.40131524 0.24476223 0.7438211 0.54583645 0.028847655
0.96588784 0.5521755 0.9711044 0.46497247 0.5613506 0.27589598 0.3214228 0.8692487 0.56111395 0.6986426 0.29311714 0.3925997 0.37980685 0.65914834 0.4616315 0.5408765 0.94925886 0.21824123 0.9575121 0.58611345
0.7783307 0.4991915 0.20233843 0.95245177 0.4090548 0.40340513 0.737242 0.2724666 0.38588896 0.97104734 0.6883221 0.46655774 0.7876903 0.48579222 0.09618809 0.18215062 0.85989577 0.86932623 0.5965061 0.7594137
