0.9116967 0.4757009 0.2936643 0.82411784 0.58795017 0.213272 0.3041023 0.7756244 0.9696132 1.0524694 0.99970603 0.90579265 0.8092133 0.101463564 0.45429215 0.33117017 0.7378185 0.75613624 0.5138133 0.80986637
0.3805765 0.32382023 0.5083951 0.32118642 0.87871736 0.91464466 0.28669488 0.92336684 0.73714656 0.6859364 0.18610226 0.8634204 0.889501 0.60683864 0.3353611 0.5470475 0.3943662 0.55186206 0.4735721 0.5588202
0.6087187 0.83243775 0.3956401 0.88732696 0.51930195 0.7976843 0.18262877 0.91093725 0.9918929 0.07987835 0.7356195 0.6629058 0.41899753 0.40985534 0.64965355 0.5634622 0.24863037 0.76920843 0.75933737 0.07349502
0.41165736 0.89429295 0.5735362 0.32052255 1.1363484 0.8530991 0.6085922 0.51314664 0.985629 0.3342846 0.58861756 0.64343524 0.28547266 0.29945028 1.2063409 0.8604424 0.78342664 0.528858 0.5687048 0.31465822
1.0881057 0.3853281 0.71767753 0.39731264 0.72297466 1.0009158 0.65264994 0.2337274 0.71768576 0.34486017 1.0796238 0.20086184 0.82085675 0.48692706 0.8274086 0.86322206 0.20955488 0.7904671 0.57005495 0.65237886
-0.06361852 0.7075778 0.6476573 0.30572587 -0.14305533 0.6732227 0.38326445 0.6561968 0.67387986 0.8096385 0.009509185 0.09051534 0.626988 0.2216291 0.60064226 0.8034296 -0.04733862 0.7217683 0.7272539 0.14978337
0.1912483 0.65562975 0.5481824 0.3642166 0.6763203 0.6441814 0.86424756 0.7524606 0.8753662 0.7661069 0.15024024 0.5370888 0.7497685 1.0459797 0.36841142 0.39223602 0.8301278 0.35435143 0.9837775 1.0383825
0.6407191 0.4432082 0.8323667 1.112629 0.17694609 0.48252708 0.65980697 0.26190847 1.0015253 0.37288037 0.25402936 0.8622396 0.76126385 0.5821966 0.972044 0.19209397 0.771614 0.78959763 0.9366376 0.7358262
0.4120971 0.1212808 0.83935934 0.7736716 0.7424908 0.98124695 0.6834564 0.081834115 0.36039817 0.5244217 0.15124573 0.7817776 0.4404651 0.82089156 0.3187652 0.1826537 0.6894753 0.8249959 0.0684597 0.35582137
0.407676 0.9005129 0.59049344 0.44804382 0.4141517 0.37161288 0.32417327 0.79978377 0.42934743 0.12827685 0.62076616 0.553677 0.520983 0.5007389 0.6262192 0.20853369 0.5637117 0.43593967 0.6216853 0.52354497
0.46450573 0.069758005 0.009883838 -0.0373383 0.1559987 0.7597215 0.83833146 0.6691461 0.4903533 0.72125345 0.6104002 0.49954137 0.029208183 -0.027618775 0.76154786 0.47220343 0.6531489 0.0794136 0.6892767 0.6976587
0.9094076 0.7231433 0.29677114 0.6311632 0.59820396 0.90628684 0.03794594 0.38811228 0.16332117 0.2898724 0.74427295 0.81700003 0.798043 0.35023144 0.43815184 0.6030556 0.3652677 0.37646246 0.07166093 0.64804786
0.26345244 0.7481678 0.4297157 0.8740755 0.46970737 0.7796365 0.26704404 0.09977704 0.7067707 0.6682012 0.9130677 0.41012433 0.36667156 0.71557873 0.42403203 0.56945604 0.5465633 0.6678046 0.6486488 0.71845555
0.7622043 0.44304234 1.0406079 0.6400229 0.6652321 0.4391844 0.8822938 1.0643871 1.0693203 0.35888082 0.8721931 0.1869181 0.28671083 0.43845263 0.36979416 0.7086573 0.15024978 0.31776613 1.0184045 0.96423024
0.21019079 0.6844133 0.62243915 0.025898864 0.27402538 0.07977518 0.8305067 0.09432763 0.45433363 0.59582037 0.19828331 0.40413272 0.18815494 0.87765634 0.030929167 0.56935316 0.6460915 0.58083 0.50302273 0.65387017
0.51334214 0.5117183 0.5974179 0.8776623 0.68273646 0.63069946 0.7832912 0.20264767 0.8305516 0.88889825 0.43284345 0.82592136 0.88300985 0.19559748 0.9983418 0.15007623 0.73796284 0.8413456 0.5095985 0.6981463
0.2643525 0.6445535 0.42100677 0.7962173 0.76145905 0.20290613 0.81268704 0.9736472 0.7854245 0.7603061 0.95989263 0.20993838 0.17971185 0.5318788 0.095284805 0.29783395 0.12983067 0.061003078 0.32546747 0.9168695
0.7714876 -0.123913705 0.46371326 -0.016963013 0.60704213 0.7357043 0.5010564 0.79973245 0.7809606 0.004895651 0.55264485 0.008850949 0.33201736 0.73402345 0.6835639 0.4312915 0.017580114 0.6686184 0.05505374 0.7899257
1.2045465 0.29737735 0.43480116 0.6962744 0.5616333 0.6776826 0.9205123 0.89862853 0.30216506 0.55947995 0.57423484 0.3656268 1.0710955 0.31604713 0.53326565 1.1274676 0.904578 0.5405971 0.27695927 0.42431894
0.15602936 0.59006923 0.5988105 0.40956235 0.32402244 0.8022773 0.33514774 0.8036596 1.0061861 0.9917435 0.6367863 0.23570195 0.15559715 0.4036597 0.871989 0.3833587 1.0623677 0.9907019 0.3374479 0.4698852
0.7964302 0.70300215 0.15801275 0.14008504 -0.048020188 0.07032797 0.6154246 0.7895704 0.32456416 0.20339477 0.48216844 0.449088 0.17517915 0.48313677 0.48778555 0.6772464 0.8243463 0.7564417 0.44624388 0.3007264
0.86594623 0.21327893 0.3812993 0.87919873 0.5523769 0.14138973 0.21067528 0.39195186 0.8096696 0.49299216 0.33112907 0.9606897 0.73911417 0.47436574 0.2662173 0.52726907 0.3276662 0.7860958 0.14073573 0.5175108
0.7767332 0.5182153 0.49276718 0.66767126 0.30169192 -0.029496042 0.8209301 0.091601536 0.65993303 0.033031378 0.908409 0.72708446 0.006789626 0.045525853 0.20863803 0.6404291 0.8648139 0.37063408 0.055383652 0.7420901
1.00901 0.6342695 0.32175237 0.25869784 0.48370954 1.0129997 0.49546337 0.1937489 0.66966784 1.0250114 0.23936053 0.13946278 0.4594246 0.89365315 0.43809724 0.2645856 1.0462878 0.47871643 0.319601 1.0979725
0.88033134 0.20012476 0.023022374 0.49922734 0.96673 0.62184536 0.58399934 0.5984347 0.82279223 0.7655113 0.24559698 0.53313106 0.6601479 0.5813957 0.20244199 0.41230077 0.58707184 0.4415536 0.5869868 -0.013842997
