1.8065289 -0.17975122 1.2049102 0.59448457 2.4203572 0.08284316 0.7054754 1.0093004 0.9223349 0.71115005
1.1117718 0.4435322 0.5804241 1.3759401 1.05652 -0.114819854 1.3180307 0.8660692 0.1637339 1.3596565
1.6948938 1.1906147 1.8118525 0.94590193 0.7970852 0.8292641 -0.28820536 -0.031055061 0.7081841 0.3809125
0.89171094 0.46300903 0.6598572 0.629688 0.48334312 0.49027216 0.6523833 0.57116115 0.8308464 0.547947
0.15505284 1.266458 1.1914185 0.93409044 1.2034687 -0.0006658563 0.5556961 1.2111157 0.91829073 1.2545553
1.2576632 -0.13315776 1.3173858 -0.30559534 1.8333226 1.2582312 0.06912519 2.5529149 0.93323797 0.8292726
1.1529006 1.047004 0.37587512 1.4674929 0.28818905 0.86204845 1.132363 0.77884024 1.102341 -0.14946891
1.0319198 0.96673024 0.77171504 0.6616913 0.20118834 1.070152 0.46034166 0.72715425 0.689418 0.6431856
0.9642122 1.7378176 0.4005293 0.76957786 1.3064495 -0.064475246 0.7511076 0.6858033 1.957681 0.7174524
0.9003106 0.86768353 1.2572948 1.0677484 -0.2675091 1.2016293 0.28950435 1.278585 0.3046071 1.1418856
-0.5547512 0.6119877 0.5681896 1.0390819 0.69883966 1.2186615 1.7569914 0.8371916 0.7035257 1.2892463
0.373438 -0.27958173 1.5496587 0.95751685 1.1125946 0.41572005 1.4138784 1.3074632 0.14908819 1.1631417
0.3453797 1.1795425 0.43791848 2.1862648 0.5295086 1.3988967 1.2330279 1.1348953 0.7001378 0.060069617
0.7718893 0.3087673 0.25190705 1.4036902 0.8984785 1.631362 0.020634003 0.9591419 0.79562414 1.3346913
-0.17758664 1.7870338 -0.71012527 0.97504574 0.41396615 2.0315366 1.0559372 0.5725765 1.2779199 1.8419968
0.67095524 0.6542973 1.8316766 1.4469472 0.014661954 0.879791 0.19400442 0.9336835 1.252048 0.80738354
0.81018776 0.26439804 1.2784381 1.3319095 0.38366264 1.5238538 1.6778805 0.8472738 0.03800449 -0.24635068
1.5091774 0.46355492 1.0808715 1.5305943 -0.2347066 -0.037324402 1.2295358 1.1972811 0.6237139 1.3446388
0.6955685 0.29556906 -0.20513731 -0.33549953 1.2610155 2.82934 0.24153568 0.94362867 1.5188813 1.233334
1.5559837 -0.049816344 1.6382762 1.6202753 1.4746274 -0.19896615 0.005345962 2.1511571 0.74628466 -0.00074730214
1.413674 0.37109622 1.8839612 0.38258034 1.1139243 0.7846089 1.47196 1.5247577 0.51248795 -0.0013040836
1.0759275 1.2251221 0.44532213 1.2424737 0.840163 -0.1852639 1.7042141 0.6555127 0.0065144794 2.1248288
0.12994936 1.3072796 1.72071 0.89688075 2.2396057 0.48706847 -0.2622323 1.2390565 -0.10353966 1.3932892
0.79617995 0.6164266 0.9230865 1.9170351 0.13453276 0.85220087 0.039227117 1.4092467 0.8683461 1.236326
0.69143 1.1501517 0.3353307 0.7933706 0.35776716 1.8172735 0.16553086 0.92548954 0.8798493 0.7877997
