0.8762139 0.1638753 0.68107206 0.84283054 0.09028752 0.82091385 0.20516413 0.346024 0.053511485 0.7906249 0.29207176 0.84766716 0.85944647 0.81783766 0.47052625 0.70312536 0.9604856 0.36371556 0.97290486 0.3694736
0.47193125 0.29660848 0.08338735 0.80668575 0.29193154 0.19514045 0.66436875 0.9195859 0.58718324 0.905918 0.6659839 0.2970642 0.7405492 0.13292736 0.75914335 0.8405574 0.93084097 0.10601501 0.29906136 0.16295788
0.7344725 0.16540782 0.9010253 0.1272067 1.0006448 0.9376181 0.26235795 0.2807712 0.8947853 0.42223078 0.27690905 0.8749263 0.27014467 0.9439212 0.19766529 0.3934119 0.9843977 1.0050246 0.53163636 0.13488588
0.83299184 0.8104868 -0.0028065438 0.16400282 0.19340864 0.19487949 0.75551474 0.6089757 0.54138035 0.43575877 0.22280028 0.14593238 0.53308797 0.51853687 0.22454715 0.66981196 0.10813821 0.0074328166 0.8832272 0.7223927
0.9116761 0.21782605 0.7754737 0.5007 1.0012168 0.4160802 0.21742442 0.6015894 0.17800386 0.5407992 0.2687362 0.98778385 0.06798858 0.44994035 0.47772175 0.668432 0.22626309 0.23076598 0.60099924 0.6415781
0.20760587 0.60951024 0.81664604 0.45279926 0.645011 0.2793554 0.48644307 0.25636128 0.6528229 0.30196586 1.0681516 0.42832026 0.79894966 0.26857325 0.7207194 0.73339367 0.7971989 0.2996903 0.5607471 1.1004498
0.34896627 0.54062706 0.9735682 0.5298197 0.45822915 0.55555576 0.6190155 0.7000902 0.46986634 0.2919249 0.708103 0.9108198 1.0045726 0.9333524 0.7825899 0.11729087 0.70246524 0.44525126 0.109151535 0.27294895
0.52550495 0.29436523 0.6073507 0.852241 0.24706364 0.32021758 0.43540594 0.7983916 0.92441237 0.7997075 1.0632995 0.3556275 0.37443507 0.37141648 0.26417264 0.35716397 0.63890094 0.96106136 0.8296748 0.41651443
0.94175935 0.65943325 0.54759055 0.37835452 0.9820429 0.21189581 0.65215933 0.32174307 0.44078332 0.25933418 0.55525154 0.21772121 0.55718005 0.96553254 0.8673325 0.7118644 0.8957416 0.81864005 0.1898542 0.32236186
0.42981917 0.7178464 0.5180595 0.92778784 0.885999 0.8214062 1.0208154 0.41158938 0.5643108 0.14228478 0.9856635 0.23064989 0.6676526 0.28040382 0.27807978 0.4703948 0.47912654 0.96553284 0.4322615 0.24816144
0.47510573 0.1772396 0.23003577 0.64033085 0.8441075 0.54264736 0.96199554 0.95559686 0.2775725 0.45350724 0.29178926 0.17139596 0.35923132 0.45266682 0.16610157 0.20761162 0.39881265 0.7269364 0.009099074 0.28248993
0.8957156 0.240783 0.14603807 0.12584648 0.12977974 0.014844041 0.2825254 0.3528336 0.085518464 0.37309393 0.42008904 0.5846329 0.27226844 0.41655347 0.31486687 0.47301024 0.6439882 0.53192 0.24755105 0.6161607
0.91548866 0.88632303 0.68765205 0.56366664 0.73324347 0.7673938 0.7833341 0.5710483 -0.011351487 0.19628191 0.907428 0.08636736 0.82554245 0.3654108 0.8460263 0.30547094 0.6106992 0.27968603 0.32512897 0.6416649
0.16516595 1.0018864 0.91049194 0.60246724 0.79368883 0.59468013 0.5111026 0.9031323 0.25332513 0.5553204 0.5807566 1.0509219 0.35093722 0.24685815 0.890652 0.9087374 0.5289529 0.21525957 1.0073382 0.6974845
0.82533985 0.09505075 0.50739443 0.8001461 -0.03502051 0.679509 0.66198844 0.26751417 0.3275768 0.7946439 0.76695824 0.872301 0.047956977 0.83449197 0.5128395 0.6018544 0.29668 0.7097277 0.2412428 0.22590867
0.72633916 0.54825914 0.4022585 0.5087256 0.3127455 0.6523015 0.4894798 0.2001166 0.49233273 0.11107366 0.9594809 0.17918663 0.438177 0.80353606 0.4557424 0.505556 0.2661985 0.72164637 0.70029795 0.4745721
0.6264943 0.9281833 0.22131939 0.30157468 0.41122633 0.62247825 0.92950875 0.41034076 0.49644244 0.6364871 0.85335994 0.7139747 0.8768794 0.25877252 0.3461789 0.62542933 0.3416623 0.15592925 0.831221 0.80579656
0.5857925 0.6748232 0.9336626 0.3158717 0.53424466 0.1688367 0.6433444 0.4104492 0.22916287 0.28835547 0.9861398 0.7826148 0.7428053 0.27575085 0.879044 0.81385285 0.690443 0.5357441 0.5730572 0.36270472
0.95801514 0.60124767 0.8447152 0.3627292 0.24935146 0.590364 0.1632873 0.39176157 0.20860055 0.6148441 0.5159576 0.7089928 0.6670986 0.95030504 0.63570666 0.20592493 0.4089921 0.077646784 0.57051826 0.4321313
0.1068326 0.7816724 0.23390093 0.53680634 0.6542688 0.51010394 0.81927496 0.3690789 0.07458316 0.56182104 0.09942645 0.7681224 0.21687682 0.6277659 0.7283211 0.6188728 0.6412341 0.9386714 0.05729439 0.8373979
-0.20996894 0.34134477 0.64887667 0.6685085 0.3950586 0.54760474 0.22374843 0.1259632 0.5167433 0.4863859 0.49752894 0.24196051 0.21780269 0.44634187 0.2130604 0.53483254 0.2011574 -0.059571937 -0.13917024 -0.086798
0.31880262 0.13955809 0.026356598 0.62422955 0.7827151 0.5457692 0.063942224 0.8693867 0.7312791 0.21685107 0.7138924 0.85424745 0.19379595 0.153164 0.8531185 0.48783633 -0.038996514 0.45271796 0.066416346 0.47639456
0.17349799 0.46822667 0.19405833 0.9244908 0.62852854 0.86133593 0.69959277 0.70075446 0.7517587 0.33806685 0.10182231 0.2870966 0.21311603 0.123134345 0.72253346 0.711412 0.40822747 0.66031015 0.0818416 0.86554164
0.60335517 0.35159594 0.34287298 -0.003453577 0.855149 0.19221178 0.08385089 0.13411364 0.5966306 0.7982538 0.17334446 0.8341586 0.7370063 0.81749785 0.42578828 0.7739311 0.7832154 0.6929106 0.39421618 0.5270799
0.75319815 0.5535154 0.8693134 0.38911226 0.38194662 0.5288245 0.59520864 0.6743834 -0.040350694 -0.04632596 0.116983876 0.0960414 -0.062437065 0.7412953 0.7384859 0.6985639 0.52278155 0.32613426 0.8103267 0.057727847
