0.46835202 0.8599779 0.9829227 0.17469259 0.8626994 0.505654 0.7811896 0.27792484 0.15453142 0.46536064 0.20459983 0.71453214 0.21957274 0.41462007 0.49593148 0.46149954 0.24367425 0.6636373 1.0426449 0.23257245
0.6760985 0.026380658 0.45078784 0.60983485 0.6843286 0.5526486 0.55423576 0.42948276 0.70668626 -0.03430984 0.8809706 0.18987757 0.4334377 0.35733673 0.5120506 0.79520524 0.6907749 0.18630981 0.8008859 0.3988042
0.93173075 0.7762656 0.8360105 0.8555381 0.49119675 0.32155105 0.48088303 0.93563294 0.72668046 0.8701441 0.92875284 0.96512514 0.13005887 0.9188955 0.054362703 0.6785002 0.49517637 0.66926676 0.019602235 0.5932167
0.2845215 -0.03723593 0.49995238 -0.013427835 0.14629896 0.43948594 0.41949633 0.58634335 0.8700388 0.74438673 0.7576009 0.8575654 0.17749989 0.54345477 0.14048794 0.6548202 0.67723876 0.50437814 0.23684408 0.2837307
0.5768356 0.08059951 0.5358372 0.68269503 0.89699554 0.9486882 0.13427241 0.7721507 0.9399574 0.46148986 0.9117781 0.9785582 0.2494246 0.6098447 0.58970076 0.8055899 0.5119923 0.5019172 0.12115857 0.31142762
0.56035495 0.40213475 0.67294186 0.73497146 0.5161188 0.35596 0.8091723 0.24001174 0.1438604 0.838538 0.6104435 0.9043655 0.37655848 1.0684798 0.2786127 0.43154588 0.7177284 0.49010867 0.17665666 1.0441475
0.3025665 0.30367514 0.36974505 0.3264436 0.8578261 0.38336647 0.90025437 0.17581004 0.8871761 0.259294 0.5641549 0.7074321 0.5302364 0.211115 0.55022657 0.21241845 0.33332515 0.953503 0.72702634 0.50155264
0.7035053 0.1708696 0.8093805 0.20908394 0.2752959 0.5300565 0.86826265 0.75194 0.75679255 1.0047275 0.8180291 0.16307892 0.3958073 0.07611461 0.85662717 1.009278 0.055702146 0.83912706 0.84943104 0.561167
0.4045057 0.710255 0.22806345 0.92842275 0.6192356 0.6298207 0.2394976 0.7396299 0.8619644 0.064489506 0.7372971 0.0717493 0.6016161 0.89109206 0.8275464 0.09742904 0.6514778 0.18522139 0.37091428 0.16044864
0.9122343 0.77416825 0.4089899 0.7472673 0.59825665 0.16344118 0.8701882 0.09772186 0.08700089 0.72935647 0.41642535 0.62186176 0.3678755 0.48851648 0.54659635 0.06407513 0.2611861 0.14239119 0.7863009 0.9448319
0.73215574 0.631805 0.25754586 0.8083608 0.2853784 0.43486342 0.26552996 0.95823646 0.15687291 0.4946983 0.83126706 0.22778453 0.5564345 1.0410776 0.23659775 0.5338934 0.6461101 0.2131057 0.41529542 0.40822622
0.13683522 0.75732017 0.68403107 0.5004818 0.35394603 0.54316777 0.47809657 0.1021421 0.46625632 0.89625853 0.94595325 0.7587918 0.5800542 0.07039295 0.25673273 0.55840033 0.23777689 1.006328 0.2611004 0.6074412
0.3872222 0.0833645 0.75227857 0.31464475 0.69015104 0.693459 0.06590597 0.43134063 0.40189987 0.067855075 0.68097925 0.39687327 0.41789022 0.4172121 0.59551483 0.2992323 0.76262826 0.30052325 0.8084074 0.27400866
1.0684111 0.6186238 0.17921549 0.6630477 0.94490683 0.3317709 0.17023191 0.6397278 0.20106903 0.7562062 0.32226336 0.587648 0.7769314 0.7311021 0.32963687 0.4021211 0.9502393 1.089915 0.3337656 0.27764145
0.39319763 0.05275194 0.8364476 0.86454487 0.5474455 0.8779587 0.5020273 0.2037552 0.39175755 0.009481714 -0.006295266 0.4248492 0.9446764 0.025319742 0.52979803 0.76889986 0.09742476 0.16328138 0.27997857 0.7396722
0.6782802 0.4650355 0.6431115 0.73381233 0.45569018 0.20764567 0.16513748 0.14398727 0.36338255 0.50256324 0.56668425 0.51543224 0.63097733 0.3693025 0.26633826 0.7956926 0.30469427 0.98323524 0.75089806 0.7366871
0.7081278 0.36203867 0.29860902 -0.10845132 0.62737507 0.5699311 0.7740602 0.67193186 0.32374987 0.72456646 -0.14434628 0.60268337 0.57415074 0.52041143 0.7647035 0.6553484 -0.035765026 0.7221874 0.7589106 0.54655755
0.85744673 0.32658687 0.20421718 0.5420592 0.7208315 0.64632183 0.15013488 0.14220963 0.98368233 0.32320783 1.0112907 0.2606955 0.6345596 0.86158425 0.4499381 0.4301602 0.5822302 0.21524844 0.5891572 0.33239874
0.836136 0.7603483 -0.020056773 0.8213638 0.0021482492 0.75239664 0.36721945 0.36077166 -0.057354666 0.12820601 0.7273972 0.21154593 0.7701152 0.52954555 0.8012601 0.2069436 0.806578 0.041970056 0.49095798 0.17498758
-0.039269727 0.37147716 -0.03985183 0.193926 -0.0791651 0.094184086 0.14085855 0.5626729 0.0036721434 0.64806765 0.5309996 -0.038623594 0.73998076 0.8313907 0.29856342 0.7544939 0.8339718 0.8296033 0.43865252 0.31787366
0.6389407 0.45886683 0.386199 -0.14299214 0.5926377 0.49134073 0.24436511 0.59460926 0.3087113 0.5448611 0.02208108 0.29427135 0.44389746 0.1691699 0.26687953 0.5350236 0.0149355745 -0.14396386 -0.18215598 0.42839304
0.4287661 0.78357553 0.88068646 0.9455789 0.3433089 0.125784 0.30562872 0.46659914 0.51504314 0.31549662 0.77346736 0.71161634 0.93316716 0.5921166 0.38072783 0.6167947 0.2735726 0.8457852 0.6487024 0.7360708
0.5011871 0.9278847 0.70239645 0.11873023 0.46190435 0.2850818 0.13601547 0.9330788 1.0159609 0.50243014 0.38681573 0.1360156 0.7810407 0.63447505 0.9169264 0.41743493 0.8235182 0.5617662 0.80107987 0.39407814
0.233592 0.5005417 0.85604775 0.82193255 0.3961964 0.8059279 0.5198336 0.661734 0.723666 0.020369822 0.7940438 0.7185875 0.15480897 0.5642552 0.68617076 0.05806639 0.47219467 0.30187118 0.49028608 0.38551676
-0.17142214 0.53441715 0.5756055 0.31537402 0.42404166 0.3384668 0.35514054 0.53315586 -0.021388255 0.23479903 0.67315537 0.46740544 0.099580616 0.364446 0.7106375 0.5439627 0.6573016 -0.04709919 -0.06746777 0.7358713
