1.4070418 1.7484051 0.3458862 1.2675757 0.65165997 0.8072543 1.0122386 0.76178217 0.8529136 1.1585039
0.78169346 0.70237845 0.92383784 1.1623509 0.8577378 1.0072504 0.89643914 1.0616416 0.5955099 1.2520303
0.03204066 0.3708972 0.1728151 0.06634641 0.39760146 -0.18687467 0.09543868 0.2111279 0.14199044 0.19232224
-0.15203837 0.15719211 0.039537642 0.1393922 0.22281158 0.32143658 0.2190017 0.10983069 0.2799983 0.025638146
0.5134899 0.030384671 -0.12443704 -0.042328365 0.018411016 0.309622 0.24683993 0.28680593 0.03623702 0.23606095
0.16361532 0.22502059 0.10654819 0.15264185 0.18775778 0.006238912 0.11185973 0.1903706 0.19234714 0.06778873
0.049997125 0.16655165 0.42847538 0.15413314 -0.039436955 0.05575178 0.17959811 0.34427258 0.0961375 -0.038107105
0.24036619 0.24699292 0.054643754 0.19702394 0.45824906 0.05161741 -0.0037932214 0.112071194 0.12526384 -0.07373694
-0.1379178 -0.018934632 0.4789823 0.5383806 0.07153893 0.22712025 0.22315101 0.04612093 -0.13283758 0.06399924
0.111568 -0.09515979 0.2362626 0.011127977 0.33709234 0.5169776 0.12452386 0.12708002 0.10306617 -0.004218966
0.19225453 0.09735441 0.044533256 -0.018675135 0.22733046 -0.035184216 0.17755541 0.2263987 0.45257327 0.08999585
0.859997 0.7102561 1.0930157 0.28601828 0.34309512 0.83512086 1.1724429 0.9840535 0.6149427 0.7458955
1.1743866 0.88685536 1.2261848 1.1130078 1.0656128 1.0077432 1.0657669 1.1803504 1.1019943 0.92424977
1.5460837 0.40278977 0.9295659 0.7790926 0.95790416 0.82452065 0.591997 1.1228253 0.9988724 1.1217017
1.3364829 1.21314 0.73515314 0.85984516 1.4389253 1.3647418 0.38821453 0.8307488 0.78986067 0.89351034
0.9709391 0.9987356 0.922309 1.3225517 0.8951656 1.0500611 1.2482418 1.2864336 0.9213288 0.9863022
1.0659046 0.9508857 0.6414295 0.26341355 1.0886934 -0.040012714 0.7150938 1.0926107 0.8899363 1.4672667
0.52526176 0.73815495 0.3705878 0.8287379 0.45577654 1.3288374 1.0133045 0.47866613 0.5489881 0.72375315
1.370381 1.0254824 1.5420961 1.5127947 0.815795 0.93187404 0.6617635 0.6490735 0.93111515 0.7616321
0.6489667 1.1772449 0.63567096 0.85097474 1.1178021 1.1336522 1.0456395 1.5517097 0.91213965 1.2806879
0.5093724 0.917769 1.219625 1.1829801 1.0204552 1.068877 1.169872 0.9945672 0.932595 1.1030205
0.856432 1.1146591 0.9615425 0.9868979 1.1714938 1.4289026 0.95442295 0.90775627 0.79372 1.029307
1.4787012 0.9679009 0.9879426 0.80823195 0.80049086 0.8669082 1.1165556 1.2037346 0.95954746 1.1529173
1.1653599 0.5989737 1.4113849 1.0057496 0.9741367 1.2024487 1.1453825 0.5088224 0.88630664 1.4226567
0.7691138 1.0777045 0.9237139 1.1857548 1.4029031 0.3958323 0.6511213 1.0075225 1.1131088 1.1129432
