0.3390379 0.7572003 0.06373812 0.75395113 0.78595465 0.9090658 0.23270057 0.8534195 0.27165163 0.37593165 0.85787123 0.8036294 0.5673442 0.056591086 0.9996245 0.96702915 0.3519665 0.4848682 0.21285309 0.88940454
0.98782486 0.5353 0.7037075 0.16596264 0.5571052 0.1522673 0.4743082 1.0387783 1.0821888 1.0734359 0.53093445 0.870287 0.3033257 0.7411361 0.5973325 0.67622536 0.52477413 1.0369148 0.23012385 0.60432005
0.28533435 0.061103776 0.07481739 0.572837 0.096738115 0.37390578 0.6422585 0.2504564 0.4394449 0.6895139 0.3672461 0.6656596 0.8843787 0.8636988 0.71973217 0.10419894 0.2867355 0.6883755 0.3849775 0.08843987
0.60974956 0.5246838 0.6695383 0.117230594 0.89930993 0.96655995 0.35465473 0.6347562 0.8904868 0.42096332 0.83098054 0.7416403 0.707106 0.30696565 0.92791843 0.55115414 0.7553642 0.17945597 0.018662006 0.45054117
0.5663149 0.024846015 0.3846375 0.016166631 0.07582245 0.92667824 0.6556917 0.9589695 0.117311954 0.73487467 0.37976757 0.8401888 0.7410945 0.91142136 0.92005205 0.9631245 0.7783039 0.462437 0.83141965 0.18106134
0.42961633 0.5885905 0.37781727 0.4425347 0.4656215 1.0590082 0.74114835 0.7447155 0.67472714 0.66715556 0.22029744 0.61172366 0.18678634 0.5474894 0.93687284 0.6442636 0.6844556 0.2447009 0.5484406 0.6879362
0.50822556 0.93781596 0.27893817 0.12525292 0.95987165 0.0895777 0.44744137 0.89738345 0.79470444 0.7958322 0.59102136 0.31754285 0.32418227 0.55422026 0.2486964 0.9006229 0.15273692 0.110459946 0.30922619 0.6721524
0.44375464 0.4778916 0.44140375 0.92173886 0.9088261 0.8484114 1.0511062 0.56243587 0.77467996 0.2272238 0.45477208 0.5785974 0.66736364 0.47449556 0.49267462 0.3331042 0.39943627 0.48854154 0.7421972 0.29769516
1.1338919 0.9720401 0.6493361 0.29425997 0.4853006 0.24915566 1.1660382 0.22402053 0.53097963 0.67817694 0.908792 0.6460555 0.70130324 0.66477543 0.5598554 0.8940921 0.48378292 0.80720204 0.4511514 0.24347426
0.66544 0.6161331 0.13324705 1.0561277 0.56000656 0.51625067 0.709029 0.5936123 0.13024595 0.82915634 1.0457804 0.8382716 0.29670674 0.5116134 0.66830105 0.34170532 0.12630084 0.8089924 0.61086845 0.37521845
0.683817 0.49885347 0.64651483 0.03800661 0.3931634 0.5844229 0.26839602 0.7926463 0.47020027 0.5783801 0.54528916 0.0459512 0.369553 0.47276622 0.69740754 0.9063834 0.5181668 0.19670953 0.78470945 0.58941156
0.12926023 0.26879707 0.15593192 0.7283509 0.21087599 1.0006746 0.45365238 0.5266326 0.8650659 0.87199295 0.26688516 0.26054654 0.40943393 0.81865275 0.78949267 0.95473677 0.8281353 0.19698352 0.385436 0.13627614
0.25687194 1.0279384 0.19743483 0.7941064 0.7499552 0.20256943 0.4220055 1.0074518 0.09043667 0.7999145 0.4177929 0.6482423 0.9272254 0.9871562 0.88786864 0.18761487 0.6329217 0.3458112 0.1360873 0.6779215
0.794895 0.595984 0.53502005 0.67374235 0.5904247 0.553098 1.0002187 0.39498985 0.5254887 0.4341279 0.9905487 1.0101902 0.29594743 1.0294513 0.7910144 0.4240408 0.93945044 0.7981317 0.24178536 0.144434
0.4826131 0.75766987 0.5293869 0.9505266 0.41658863 0.52621806 0.43571836 0.6392548 0.6791053 0.46790975 0.19366556 0.33880103 0.692328 1.0848494 0.9849417 0.9245826 1.0656266 0.47599944 0.30846557 0.8317065
0.56089395 0.7229679 0.7995719 0.7414106 0.29827574 0.5246715 0.965909 0.11528408 0.122331016 0.3524887 0.63855636 0.5620152 0.123870455 0.47670236 0.9090916 0.6532047 0.4774742 0.2919981 0.31367126 0.6506367
1.0523452 0.5099471 0.95816797 0.7396028 0.8353654 0.5897567 0.9429394 0.14134303 0.22755621 1.0009652 0.22602579 0.4020048 0.6144257 1.0649285 0.4630878 0.34665993 0.2973867 0.17885949 0.5810196 0.28371164
0.52823687 0.5649703 0.65985394 0.40629694 0.26738572 0.4353462 0.3277532 0.54886913 0.628036 0.41399768 0.8476988 0.33747855 0.88670695 0.7635073 1.0513065 0.18599176 0.61378175 0.96449965 0.21561335 0.9189095
0.71478605 0.20338136 0.17095584 0.48349747 0.5675512 0.5842288 0.21401803 0.7600057 0.6513725 0.24954912 0.89125305 0.8173301 0.4338773 0.07646388 0.6768671 0.38023975 0.83909744 0.8145083 0.09163554 0.56596273
0.7517007 0.7623262 0.49637154 -0.023027787 0.18687856 0.6044973 0.22467187 0.5349858 -0.069768794 0.79132247 0.651975 0.21610822 0.09381676 -0.11353326 0.56916225 0.8513494 0.24329159 0.66925186 0.5782376 0.49578953
0.6662666 0.40090168 1.0033957 0.5665281 0.33356452 0.63126683 0.40179694 0.23855215 0.7523231 0.2804913 0.8042592 0.20387071 1.1168981 0.4797202 0.91793114 0.5549851 1.1432654 0.40417236 0.44367734 0.24721038
0.16770948 0.5375712 0.38623658 0.52097607 0.50498325 1.056253 1.0946923 0.7154958 0.83199674 0.85943776 0.3829145 0.3172279 0.80573463 0.86485845 0.47272196 0.28151676 0.7565514 0.5334883 1.040896 0.79071087
0.32060558 0.22855389 0.27676803 0.80396044 0.8629964 0.4320239 0.7595035 0.33364096 0.481907 0.8144403 0.2871976 0.4097312 0.75215906 0.341718 0.82014674 0.6381664 0.43838835 0.5053788 0.097832575 0.5963313
0.3321272 1.0096107 0.779912 0.48598915 0.3642264 0.22670701 1.0377978 0.21171267 0.5490711 0.8714862 0.95645154 0.22896169 1.0983957 0.21861202 0.97759473 0.42411175 0.81476116 0.7337791 0.7229085 0.6606393
0.9904215 0.4809587 0.888561 0.22227697 0.25048596 0.62668854 0.9914823 0.60851794 0.7748384 0.94779795 0.797289 0.20812586 0.6192462 0.07996141 0.44740808 0.6502631 0.59887505 0.9569341 0.25633687 0.11460378
