0.3108488 0.051483728 0.783387 0.3073651 0.836301 0.582656 0.29359648 0.26593053 0.32368773 0.9023985 0.9058394 0.30837902 0.33757794 0.9152877 0.16061151 0.119950935 0.63500416 0.5380894 0.014054602 0.089218
0.8256846 0.19928439 0.59455293 0.6763705 0.6896042 0.5309037 0.13201773 0.6822509 0.3000016 0.80830276 0.70251584 0.66118234 0.11047117 0.70753294 0.00056658674 0.019577606 0.7291465 0.87246287 0.678673 0.12157143
1.0318748 0.20940846 0.9621238 0.15959507 0.38366592 0.23407474 0.83608216 0.5369837 0.3506077 0.31205538 0.52206326 0.86009204 0.5509839 0.369927 0.6486863 0.8199322 0.97103816 1.00265 0.19898546 0.58066773
0.50497824 0.7353661 0.56148064 0.5375908 0.4683786 0.16908035 0.9354538 0.60708296 0.93645966 0.97187346 0.5834654 0.93231565 0.47322354 0.95797545 0.21228151 0.79201925 0.27836636 0.6998425 0.07140775 0.20074648
0.80933213 0.4938073 0.7211399 0.25668243 0.63729614 0.18862952 0.35418853 0.15546165 0.11410486 0.22124116 0.8822366 0.08198177 0.65453386 0.21635541 0.2669518 0.95774674 0.64363885 0.4764107 0.23896892 0.13894433
0.8986667 0.098536216 0.8635423 0.30038223 0.7871103 0.6797712 0.930424 0.58365494 0.007733815 0.1380264 0.03061625 0.53666997 0.5888611 0.21789113 0.7369486 0.32405 0.8630469 0.90570575 0.53349274 0.13979097
0.6447111 0.8291433 0.2663951 0.5381354 0.8647595 0.8448615 0.90141296 0.91884327 0.6991386 0.07190136 0.3834314 0.7542574 0.05783265 0.0768476 0.22016662 0.918885 0.83188283 0.38407412 0.46996778 0.91524315
0.20006506 1.1385369 0.47428805 0.38967508 0.50563747 0.9121145 0.26003328 0.23233025 0.88135445 0.8221434 1.0845462 1.0319709 0.28719625 0.87327623 0.36491114 0.40799657 0.54187536 0.19066614 0.43851015 0.33018136
0.9742483 0.18399493 0.9525289 0.6623219 0.43811414 0.7040625 0.1609633 0.511321 0.32834643 0.2221963 0.19966851 0.6921842 0.6054636 0.9053119 0.31119496 0.29843223 0.32124946 0.7021474 0.34883794 0.5835806
0.2904855 0.50710297 0.32908493 0.17307018 1.0329713 0.19369242 0.6747462 0.653346 0.12931563 0.15778868 0.9008954 0.9636263 0.40317324 0.3986221 0.43404433 0.7125619 0.3307709 0.4528362 0.645982 0.6867292
0.14610164 0.7860125 0.18177596 0.19179608 0.9672375 0.6767565 0.20691873 0.40821287 1.0502793 0.23430109 1.0052388 1.0397223 0.8848833 1.0575337 0.99783665 0.34752497 0.80516666 0.29289094 0.9410113 0.39980143
0.89992356 0.16018672 0.4715776 0.15795952 0.1606121 0.059902955 0.15340516 0.86444473 0.64163977 0.4566574 0.77411294 0.88088065 0.39442992 0.26454237 0.54773426 0.004629872 0.887925 0.21496496 0.33149558 0.2852152
0.027997876 0.6875517 0.060602654 0.8692096 0.29151413 0.40792498 0.17698064 0.1356172 0.7264197 0.29749176 0.68737334 0.90425307 0.7260084 0.36835286 0.59861034 0.11219196 0.2805711 0.88436645 0.055543277 0.24618894
0.25679556 0.89530355 0.04117041 0.69849217 0.862697 0.38927373 0.73259705 0.28817588 0.66700846 0.4958304 0.8811441 0.5578396 0.66625905 0.025636237 0.8955413 0.95302665 0.929585 0.7846717 0.7248578 0.9000294
0.70011485 0.39770836 0.92831874 0.07915351 0.9000294 0.4881732 0.23223333 0.26065943 0.19211453 0.74417514 0.23703335 0.5434422 0.60049593 0.15916331 0.27970263 0.26752087 0.10924989 0.62292373 0.15788555 0.9290981
0.6232038 0.05949562 0.20001765 0.88732594 0.80064875 0.8145361 0.8791607 0.70787424 0.5894751 0.06756416 0.717263 0.9081995 0.57272035 0.7304589 0.6021096 0.83748657 0.76826745 0.9810237 0.57730013 0.45710695
0.8479415 0.66586465 0.3530045 0.27586138 0.84024096 0.5212838 0.66463363 0.09596086 0.8206139 -0.016497929 0.69429123 -0.047045715 0.7328586 0.8444057 0.5252497 0.65929466 0.47132525 0.25998586 0.009238089 0.6971485
0.6505021 0.16060604 0.17617129 0.7674915 0.22446445 0.7667894 0.6952215 0.7001911 0.17531224 0.40541312 0.7052705 0.10441926 0.28312793 0.7815984 0.078577116 0.5131305 0.37232786 0.068161145 0.41237813 0.63425994
0.33007088 0.07310802 0.00068351324 0.7619691 0.45303914 0.8668236 0.70035785 0.07691578 0.670587 0.6467804 0.735221 -0.0387884 0.2925146 0.77917135 0.59403425 0.2005706 0.6436155 0.2244337 0.18468979 0.5497754
0.060107894 0.39420372 0.19577387 0.3426639 0.12293743 0.45308805 0.67555016 0.40820333 0.5789672 0.8759816 0.7699 0.4910737 0.62957186 0.8082586 0.75443107 0.072586074 0.23690692 0.32423264 0.81297386 0.9476586
0.32740682 0.2233482 0.69786525 0.589871 0.78842425 0.39917156 0.7591676 0.1464944 0.5948805 0.44263563 0.29927677 0.13920163 0.24222809 0.20231488 0.47075647 0.5391765 0.75541013 0.40601984 0.8960013 0.8877149
0.073602915 0.42935768 0.8520474 0.7262168 0.6675629 0.31128737 0.09873402 0.44614145 0.10173626 0.76595455 0.7262317 0.27414727 0.18145561 0.48345882 0.57087207 0.265616 0.6772341 0.3422958 0.9614697 0.8806883
0.78781074 0.109845266 0.73939466 0.2743085 0.6946788 0.35657668 0.8579677 0.9944197 0.9257845 0.1236024 0.69133687 0.23088029 0.4335972 0.14136417 0.9304606 0.36235845 0.90682876 0.39705577 0.24840534 0.05003911
0.57959354 0.72994614 0.6621722 0.38073456 0.5217547 0.97875494 0.72738427 1.009497 0.75107557 1.0329188 0.7885784 0.15498778 0.990271 0.15519361 0.8449063 0.41078377 0.82526743 0.31229126 0.30563927 0.56825256
0.8299057 0.3503756 0.2861694 0.1232292 0.29309613 0.9584019 0.9442311 0.32381102 0.09139955 0.37666193 0.5524188 0.58613443 0.8976004 0.23837464 0.95299274 0.8580214 0.7881831 0.15199977 0.10121089 0.48736542
