1.6973352 0.6162174 0.9831841 1.7369593 0.5404459 0.39903423 0.40297112 0.47798946 0.8512281 0.47715923
0.23560703 0.61465436 0.5388812 1.8062239 0.20151377 0.32504544 1.63717 0.37918255 1.1529993 1.3425117
0.64368826 1.299867 0.99854016 0.6280262 0.039378066 0.5707973 0.4446551 0.57283604 0.23256318 0.545087
0.8069246 0.24345872 1.8701999 0.45815602 0.81010216 1.2754648 0.81786096 0.5860056 0.22800718 0.7698588
1.0324209 0.6135379 1.0813442 -0.16468966 0.8014677 1.2589626 -0.07049047 1.3475811 0.8690002 1.1533812
1.4828049 1.347406 0.13979387 0.05713482 1.4444953 0.79204124 0.8268846 -0.14833733 0.56094414 2.5438497
0.74838823 0.3296724 0.99086577 0.89792675 0.9836669 0.9689751 1.2251807 1.1386591 0.31641167 0.59173304
1.1251591 -0.0654176 1.005467 0.9509498 0.5211135 0.7546306 1.39936 1.5283885 2.2120411 -0.103613056
0.3753832 0.77274686 0.88562065 0.8183449 0.36925393 0.7769909 0.82650554 0.85048586 0.43036056 0.8329319
0.87326795 0.62666935 0.68453914 0.3455925 0.42222345 0.5805426 0.45134303 0.54272085 0.67109525 1.1142666
0.31757906 1.4355869 0.014472248 0.6805687 0.75842464 1.11221 0.69682664 1.0058155 1.4193269 0.89020044
0.13203064 0.13246986 0.13839005 0.13989642 0.13245316 0.14140135 0.14129059 0.13881439 0.13249692 0.14017434
-1.4781083 1.5526791 1.841135 0.9264644 1.0232171 0.20628376 0.13095655 1.619335 1.8357404 1.4600403
0.17079847 1.3845834 0.53215563 0.7396239 0.86246246 0.74078697 0.41494676 0.6951875 0.47092107 1.0070322
0.19726439 0.48037198 1.4137709 0.30593264 0.7784038 1.0616931 -0.051913295 1.444158 1.0432631 1.4564714
0.21114162 1.350824 0.1365765 2.0368128 0.5361939 1.2065467 -0.33544025 1.3826894 1.229299 0.20163162
0.6471848 1.2010468 1.6205821 0.94849426 -0.9360841 0.70308936 0.37047976 1.4651687 2.1024735 1.1236285
-0.30073497 0.09319247 1.1101075 1.3383424 2.2409608 0.5418024 0.9193408 0.8101938 2.1619303 0.53641355
1.8714484 1.6481192 0.45815068 0.04941101 0.56460506 0.9616436 0.86227906 1.1402383 0.47825783 -0.10965623
1.2395977 1.4878516 0.7371245 1.1754812 0.44926038 0.39843968 0.51045954 0.16063121 0.8450871 1.0272264
1.3907033 -0.3944433 1.0486164 0.6213953 0.901467 1.7587285 -0.1620667 1.69461 0.8332285 1.5606234
0.9271954 0.6457062 0.1442349 0.38939673 1.8293139 0.8379428 0.4930064 0.626708 1.1519171 1.2226783
0.43883073 0.811251 1.7114077 0.7809893 0.20031436 1.1288531 0.77614963 1.1629683 0.8544395 0.5079729
1.2233648 -0.00037216474 1.3064448 1.3088181 1.4766891 0.97276694 1.4375741 0.0048558824 1.2784921 0.072172076
0.76053035 0.86299336 0.6033988 0.07713873 0.7068979 0.58328205 0.21215114 0.64298844 0.6232951 0.9448574
