0.94505817 0.46623078 0.21552038 0.21127962 0.23280923 1.0010082 0.94357395 1.0565447 0.64268243 0.16784625 0.97179866 0.16100134 0.6697219 0.29848796 0.5438312 0.8076778 0.9071072 0.29159227 0.75470626 0.13292275
0.8671868 0.909148 0.2958328 0.9941056 0.5998634 0.29587677 0.2736199 1.0301849 0.2827047 0.41406256 0.8035604 0.5003399 1.0410302 0.9777483 0.16430856 0.3152203 0.18441172 0.36013213 0.832407 0.49486163
0.9136516 0.27854183 0.7927478 0.3530608 0.43015844 0.27871123 0.19269918 0.7350135 0.18582296 0.96230835 0.5092777 0.5603873 0.9143034 1.063032 0.87391335 0.9241241 0.4534328 0.16404526 0.5422949 0.21938632
0.59201056 0.48100498 0.77595186 0.32646567 0.2821995 0.09583404 0.19312786 0.15584446 1.0196187 0.19132623 0.4645757 0.9992257 0.32829973 0.5573633 0.5348913 0.7814703 0.48267648 0.84189963 0.94048995 0.10324716
0.053590555 0.051263534 0.2977618 0.8308715 0.472535 0.9247236 0.7603808 0.13027877 0.5747796 0.6699487 0.23542306 0.37684065 0.5347602 0.21358 0.25784916 0.14234874 0.80209965 0.13923879 0.93600726 0.29079267
0.46364892 0.6413731 0.25289768 0.09512091 0.48357064 0.2314424 0.04985492 0.8705133 0.057701707 0.08841258 0.36992425 0.53595585 0.10326995 0.048187535 0.30601472 0.87415916 0.8427944 0.31378776 0.15748173 0.5615438
1.0196409 0.33489835 0.677445 0.1564793 0.9163464 0.9924968 0.8526861 0.65777296 1.0057172 0.5247291 0.2613721 0.84319454 0.95819795 0.5698036 0.07501043 0.17758597 0.38069975 0.8718803 0.30655855 0.10934201
0.9879969 0.21344282 0.9838993 0.3710546 0.44207472 0.26392132 0.139573 0.30593184 0.6574528 0.15241776 0.4098623 0.95070875 0.095866434 0.5533224 0.16763347 0.06417224 0.49126667 0.73817366 0.18204217 0.59752214
0.8240172 0.48388034 0.98399675 0.19393526 0.17224911 0.5173891 0.18192795 0.24858764 0.22365259 1.0272661 0.36335143 0.55729073 0.727559 1.0939442 0.44724333 0.41086078 0.84163684 0.58752006 0.6856441 0.87120384
0.6565045 0.10961931 0.2988108 0.7820584 0.7842748 0.08437464 0.69366056 1.0057782 0.65466875 0.74860436 0.5787263 0.5218728 0.3795384 0.31440103 0.8542713 0.24557808 0.1265368 0.8884564 0.9843999 0.57347786
0.87145096 0.5813647 0.9655593 0.9199064 0.23231183 0.40063435 0.2668058 0.1196394 0.71253204 0.5346726 0.60871893 0.9708946 0.7279475 0.19219947 0.9485056 0.13007799 0.17190467 0.5609025 0.909392 0.7439187
0.412143 0.44546443 0.83526814 0.27986217 0.49432153 0.24392942 0.97998655 0.5196763 0.27314436 0.24124533 0.39750075 1.1085794 0.45844457 0.5080357 0.5041261 0.60064733 0.9307127 0.48180088 0.994558 0.5954965
-0.074871965 0.2776987 0.022793159 0.39636186 0.7812085 0.48744398 0.58680916 0.33558664 0.56969714 0.2610632 0.31894532 0.088293366 0.36832756 0.8216243 0.44187644 0.7391387 0.3487394 0.64842397 0.5766873 0.5422454
0.30750388 -0.037730776 0.1850352 0.7552854 0.4195995 0.25269008 0.7670255 0.55631155 0.38596398 0.6081821 0.13718487 0.7363248 0.38816133 0.4072775 0.2531312 0.5938671 0.44489893 0.8440012 0.5821897 -0.030150369
0.5857316 0.77123004 0.37485084 0.8207757 0.11501601 0.26600713 0.62044543 0.043964196 0.48233894 0.831818 0.4528047 0.37732354 0.7212667 0.73990583 0.5948938 0.050588906 -0.10190146 0.5677345 0.4286931 -0.05386363
1.0137279 1.0338479 0.80381995 1.0741581 0.19937779 0.68465054 0.2814341 0.26940244 0.97706735 0.4436663 0.4490932 0.4665844 0.49205154 0.40209952 0.93416613 0.9528192 0.34960172 0.82502556 0.5273189 0.4990268
0.35442582 0.5819234 0.53190553 0.9613702 0.9807475 0.26250488 0.8980431 0.3726784 0.29004082 0.9293268 0.18680406 0.52239794 0.1304758 0.48358372 0.735218 0.9083031 0.52527153 0.23967332 0.94919723 0.66835773
0.44914582 0.9290263 0.7467441 0.8660147 0.15777785 0.6352822 0.42480904 0.78772473 0.095424674 0.8750772 0.50923896 0.57045954 0.7607837 0.42482072 0.8746174 0.82226115 0.049415726 0.6338697 0.042817257 0.92009974
0.15642586 0.49444622 0.12792833 0.3841035 0.8302964 0.8655775 0.2553289 0.20894264 1.0132111 0.27446365 0.085964 0.9425006 0.40963018 0.72125727 0.19214348 0.5857062 0.4986555 0.6299652 0.3917104 0.9743656
0.8656551 0.28528172 0.07622695 0.6079854 0.51645935 0.24064669 0.78882146 0.45652655 0.04920316 0.66591865 0.5762765 0.6134727 0.094790846 0.09975787 0.87922263 0.8877062 0.26330346 0.28491244 0.037565205 0.2752134
0.73874444 0.58571917 0.4084314 0.6573862 0.64363354 0.38358596 0.7341827 0.71231455 0.6166825 0.017597169 -0.03130193 0.57697767 0.46876466 0.24934936 0.09439229 0.44985893 0.35797364 0.7013962 0.027801052 0.36555782
0.040394317 -0.12543811 0.06093529 0.44746393 0.40646544 0.107651375 0.26205766 -0.09209546 -0.11790542 0.0628889 0.79094285 0.42457163 0.36379585 0.12306606 0.3545208 0.43127367 -0.09416826 0.63334084 0.11677748 0.21499042
0.100227036 0.24990018 0.4270526 0.787187 0.46328315 0.6193859 0.48832148 -0.058723487 0.054261435 0.54345804 0.8204265 0.4242706 0.31311655 0.41945487 0.8525544 0.32650682 0.01884098 0.12599167 0.66281575 0.88297004
0.28698766 0.51378995 0.26073173 0.8775249 0.68494755 0.5144553 0.4934137 0.9259673 0.656147 0.5526146 0.5512456 0.73074615 0.86919916 0.15017985 0.4339999 0.9236858 0.41169545 0.4441477 0.19610131 0.8742656
0.873569 0.1677305 0.30574742 0.37282264 0.4948847 1.0372844 0.44648173 0.46213213 0.63895655 0.95441663 0.93215936 0.087828375 0.53359306 0.2182015 0.978273 0.2074003 0.6960156 0.6116033 0.7788977 0.5053752
