0.7311946 0.21050422 0.70323324 0.4986397 0.84138125 0.18749124 0.65500146 0.874052 0.2241273 0.2267338 0.110983424 0.10754025 0.0791556 0.22113022 0.2881577 0.6675799 0.9785498 0.09209498 0.18896806 0.7097955
0.97952163 0.54559886 0.29606006 0.96766096 0.09617507 0.046450783 0.39680776 0.17672679 0.26288518 0.9763605 0.36454126 0.75231427 0.7794939 0.8058939 0.68249685 0.9689621 0.49044895 0.60765415 0.9363967 0.22125095
0.7531086 0.32713133 0.8768505 0.4313358 0.8040556 0.7650753 0.39054626 0.87429094 0.3057057 0.8965275 0.73366874 0.17354184 0.88009095 0.84700626 0.02348088 0.2523806 0.80927813 0.25288928 0.24433161 0.6047914
0.2075013 0.5951539 0.79512364 0.38172606 0.5144608 0.7595477 0.14926037 0.2747694 0.26439482 0.71026266 0.5868301 0.0769864 0.9518671 0.36599725 0.8457905 0.91595954 0.04568148 0.5737374 0.56034696 0.52499163
0.36533037 0.21458995 0.8716639 0.2526733 0.82401204 -0.009584399 0.8023794 0.24748878 0.28156197 0.63551706 0.004351445 0.769583 0.4628305 0.0033437228 0.42983198 0.80782247 0.6445966 -0.058835585 0.7769847 0.17009471
0.4072217 0.36117712 0.8219099 -0.10538065 -0.05528831 0.04455689 0.84502894 0.036681063 0.09088686 0.2587214 0.50727826 -0.005264473 0.5522623 -0.040130306 0.58005595 0.7321001 0.28730816 0.771796 0.5857073 0.7404926
0.5926158 0.52340525 0.9863322 0.3525585 0.7527636 0.4743882 0.6424994 0.5674544 0.24180576 0.64330435 0.3163946 0.48635262 0.8311584 0.8516865 0.17005764 0.73054594 0.80686086 0.7889504 0.61538905 0.15388379
0.8256626 0.20206982 0.64632785 0.32299328 0.51811266 0.7641854 0.77832997 0.7513601 0.13286771 0.6389569 0.23299041 0.46606046 0.40785432 0.21276076 -0.047042325 0.35115898 0.36028454 0.689783 0.58730066 0.082772
0.38718972 0.274142 0.6139181 0.648537 1.0302706 0.39441457 0.54355854 1.0678974 0.19770803 0.862455 0.5858675 0.63398993 0.65172607 1.0888358 0.6441199 0.55426776 0.2018301 0.5631339 0.27251485 0.25641465
0.8900299 0.99970156 0.87742746 0.8272773 0.25877115 0.19406873 0.6139716 0.18184069 0.18009812 1.0546064 1.069338 0.3380952 0.4186483 1.0244311 0.27608883 1.0157628 0.20154487 0.74119425 0.8802177 0.6259343
0.64820397 0.965648 0.067943595 0.39229816 0.28920525 0.86799204 0.22624978 0.9421583 0.16748555 0.33111796 0.93953437 0.08735914 0.19104484 0.84994483 0.24826168 0.63892937 0.11712158 0.79032534 0.74919647 0.70422274
0.92537194 0.75034386 0.91864884 0.83364046 0.38631752 0.6181931 0.7411258 0.59984404 0.26797754 0.17950922 0.41547564 0.9796922 0.22339214 0.21553403 0.18239367 0.38067612 0.6788928 0.76864994 0.7106774 0.6403047
0.16465719 0.42944527 0.73953557 0.18733883 0.76739645 -0.071174026 0.33818755 0.33455992 0.66700584 0.6446165 0.5056762 0.6537372 0.16104023 0.74437016 0.41340685 0.6782265 0.0031462822 0.73381823 0.6197839 -0.11078249
0.20778982 0.3689464 -0.14924204 0.5700864 -0.1762438 -0.08573606 0.6762512 0.7044031 0.44834918 0.20972171 0.6108296 -0.068206765 -0.17134485 0.14741796 0.65463716 0.4162769 0.1997994 0.68292457 0.2138933 0.40941948
0.2101494 1.004321 0.3704167 0.8809402 0.7600213 0.1817901 0.58169925 0.45958507 0.8780922 0.429962 0.97018886 0.79486996 0.908528 0.41142428 0.82671934 0.5197716 0.2641638 0.27895427 0.33223388 0.52892804
0.33055627 -0.06365971 0.72185963 0.2735719 0.12353551 0.10975109 0.5065053 0.7729606 0.22795503 -0.01280316 -0.03138212 -0.09438549 -0.018855516 0.6629032 -0.08683364 0.5861265 0.42588532 0.63150936 0.77765465 0.036139943
0.8042733 0.35074416 0.16797097 0.5989501 0.22069752 0.48568016 0.34290656 0.13333336 0.9373964 0.7297811 0.73473436 1.0017232 0.8562823 0.49292412 0.42279008 0.76133037 0.14234221 0.66614 0.15527375 0.1817401
0.54602367 0.4075314 0.43072838 0.77402276 0.31138068 0.9711376 0.58444417 0.28441146 0.24869928 0.19362155 0.7539269 0.6949169 0.54271793 0.3340765 0.26286227 1.1320596 0.96142375 0.645207 0.76171774 0.6841548
0.64330226 0.48220345 0.7669939 0.18510309 0.5888804 0.5533005 -0.032808334 0.31221637 0.009933216 0.1840962 0.34799838 0.24607772 0.16386048 0.86987716 0.74101484 0.5450816 0.60212183 0.6438735 0.6288419 0.2506306
0.8852417 0.23085484 0.53293145 0.92521894 0.63934666 0.22626413 0.7180383 0.2286537 0.67361414 -0.024789656 0.5425069 0.6575827 0.7758568 0.8049888 0.9384307 0.08277822 0.321067 0.087290235 0.5993271 0.09591059
0.60231954 0.4910841 0.4168108 0.5113146 0.7823038 0.63743794 0.80670184 0.68032646 0.5470077 0.27456427 0.45269287 0.6850697 0.7814456 -0.051022455 -0.053300634 -0.027004892 0.15491669 0.5210334 0.07538474 0.5584493
0.7581866 0.30278727 0.5424439 0.29376116 0.49944666 0.8890438 0.5963026 0.5380073 0.22494467 0.20754866 0.42140228 0.17623529 0.6080682 0.60899687 0.62341744 0.83807313 0.26131564 0.29237178 0.28721428 0.86059
0.23562934 0.36635196 0.8656941 0.31339163 0.2726406 0.9629829 0.9064481 0.49950907 0.5397393 0.5921871 1.0887376 0.30817536 0.6202685 0.8306251 0.55308104 0.97348857 0.57134014 0.16897377 0.6607857 0.27211186
0.5836746 0.10119803 0.94799834 0.90709615 0.15695488 0.2813221 0.32200235 0.48904198 0.6246413 0.6734659 0.277788 0.84685814 0.6519555 0.29443023 0.5166922 0.7995322 0.045610044 0.6497496 0.100400664 0.93346214
1.0532722 0.333569 0.8177653 0.7359482 0.6923062 0.45842645 0.6893824 0.7617638 0.2212103 0.5228559 0.20795374 0.31353712 0.22705445 0.40893775 0.9963032 0.54664314 0.84281826 1.0278456 0.13343328 0.62532115
