0.99027985 0.29547745 0.7027646 0.2709699 1.0465451 0.45816314 0.15125267 0.8994714 0.9685072 1.0343916 0.11755903 0.5942114 0.15137908 0.42513067 0.43298113 0.5768343 0.7992964 0.830698 1.0107317 0.9362738
0.6364154 0.7722668 0.83218676 0.54937005 0.28920865 0.46167308 0.5372242 0.3198128 0.6504242 -0.009786351 0.13561717 0.52429956 0.567365 0.8455154 0.39066285 0.029643001 0.80571955 0.25525114 0.0960185 0.048249763
0.8920697 0.13540447 0.36878365 0.48884574 0.9120347 0.57442963 1.0119783 0.39446878 0.905315 0.33025518 0.9167146 0.08495351 0.7367096 0.8468585 0.5685788 0.42616764 0.4283069 0.10448559 0.5073087 0.8998552
0.8151552 0.14082967 0.5778008 0.39864108 0.89668953 0.26778442 0.4548598 1.0097973 0.22696061 0.6319248 0.53987175 0.8816217 0.3070344 0.69077003 0.7031133 0.46032038 0.75705874 0.11608321 0.6586511 1.019414
0.7024496 0.80910116 0.7996753 0.44444227 0.23979372 0.6513154 0.75493735 0.5707599 0.6436426 0.83067966 0.7357771 0.79520184 0.44459236 0.05754543 0.3613843 0.073592804 -0.047830768 0.2914486 0.16080117 0.8198104
-0.074928455 0.019475888 0.19054851 0.7485322 0.56011444 0.60435134 0.601307 0.7863381 0.3230123 0.59147245 0.41129884 0.2763176 0.8162619 0.106987976 -0.09369912 0.22944114 0.65144324 0.35937643 0.15082724 0.12647228
0.12491193 0.36927617 0.45260835 0.92489773 0.46263918 0.7513052 0.9024608 0.7509025 0.970537 0.32293567 0.85669214 0.8819879 0.19240104 0.21643375 0.90715766 0.037312366 0.5876603 0.23822203 0.8103388 0.688082
1.0075381 0.7387542 0.57132727 0.19897927 0.5286044 0.8084663 0.8473622 0.41699356 0.72212607 0.60655147 0.18686813 0.18530926 0.68764955 0.9729581 0.7680794 0.5692875 1.0100116 0.44125837 1.1075302 0.39704764
0.15976113 0.71662074 0.92886806 0.48338634 1.0074799 0.92733634 0.8836852 0.30910695 0.3589719 0.42157966 0.8286122 0.43917903 0.25317547 0.98703223 0.51028705 0.86517984 0.16031662 0.5615033 0.31797284 0.24689436
0.29494184 0.13624746 0.7786094 0.39089692 0.49215487 0.2953886 0.8512971 0.9473811 0.34706718 0.4771158 0.84884214 0.8632432 1.0044569 0.97083795 0.6186328 0.40324906 0.88402057 0.8620274 0.67939407 0.69457144
0.3289854 0.8073238 0.79457045 0.96774656 0.82701576 0.9020735 0.7111548 0.27587825 0.4948282 0.3514028 0.368386 0.06326616 0.936517 0.2111353 0.7301914 0.18159811 0.9113602 0.31751394 0.98558146 0.17558163
0.6112129 0.50979125 0.38909107 0.88444924 0.4253586 0.4668185 0.31347486 0.4936053 0.84360486 0.33206892 0.6676846 1.025903 0.09873121 0.59582317 0.55911833 0.5212031 0.1482635 0.25161248 0.93244094 0.13712797
0.5044197 0.8022589 0.30354854 0.26381892 1.0159286 1.0531163 0.751672 0.5158159 0.8933136 0.48350504 1.0597064 0.78313154 0.95906466 0.48846158 0.71862835 0.44974068 0.27762347 0.19955862 0.9889458 0.27567735
0.7153767 0.24570833 0.7536715 0.78007036 0.83940357 0.5688264 0.79184544 0.6758554 0.88966036 0.31946725 0.905774 0.4039785 0.051614117 0.79964155 0.68263507 0.14913443 0.90720046 0.6418737 0.1731726 0.29925165
0.44047305 0.84143883 0.82270575 0.5187939 0.51352686 0.9306016 0.16175322 0.8288788 0.617884 0.12432805 0.10189509 0.52092695 0.258109 0.74530035 0.667204 0.15190026 0.56583804 0.6145143 0.23992781 0.6091603
0.9392023 0.2519926 0.80044836 0.52868176 0.8726212 0.25624156 0.97219825 0.96981347 0.96224093 0.7394194 0.5466962 0.8837278 0.39166674 0.59445477 0.13028643 0.2807204 1.0716583 0.38764194 0.5168006 0.69214284
0.29043204 0.9653839 0.94417024 0.4396488 0.60019994 0.8545263 0.84270257 0.90379447 0.29603028 0.2642704 0.22899951 0.6093686 1.0080227 0.11079442 0.33623302 0.9474804 0.89731044 0.9529227 0.9390324 0.40621123
1.0769053 0.48418766 0.78682023 0.3298056 0.19839887 0.5038756 0.6357228 0.23650625 0.6888289 1.0787824 0.7424174 0.7543277 0.6881261 0.19767255 0.87254965 0.3950358 0.9014891 0.3858343 0.23799257 0.42870003
0.83569807 0.2617045 0.021088349 0.48938334 0.7799714 0.45867455 0.5718963 0.14544027 0.3250276 0.814085 0.26350272 0.25070179 0.80017316 0.33000323 0.5530107 0.42080653 0.7240886 0.7165272 0.7380929 0.7281988
0.24924727 0.71322685 0.4361452 0.86600703 0.045831773 0.09236583 0.9010109 0.44448364 0.06578009 0.28221834 0.94419837 0.30400363 0.08683206 0.6655625 0.8305196 0.62830275 0.7698367 0.9644422 0.1756947 0.76406616
0.90886676 0.8040322 0.57697386 0.090492584 0.30061582 0.19641334 0.124293014 0.6218747 0.19759858 0.78914595 0.8745164 0.3063786 0.59650755 0.72712934 0.26233593 0.83849037 0.11671336 0.70739204 0.59455115 0.57710457
0.92277014 0.49036556 0.5886608 0.41792384 0.1723044 0.99636966 0.430221 0.53282136 0.39903167 0.9378789 0.09833161 0.16978565 0.8819068 0.22591357 0.63795793 0.49917293 0.25583866 0.15248522 0.893276 0.3522765
0.789791 1.0732216 0.53758264 0.4260591 0.68333375 0.4219788 0.7478781 0.47127274 1.0290403 0.67279047 0.30990386 0.97272164 0.8200511 0.21902683 0.8930741 0.29453114 1.1175126 0.25677904 0.5462203 0.4117039
0.87659097 0.41019747 0.8265115 0.42241246 0.34169796 0.6411542 0.9511221 0.16020985 0.776847 0.9304848 0.075989924 0.83688724 0.019468173 0.66912854 0.41766122 0.771798 0.112635635 0.43576092 0.08581541 0.19622178
0.047885716 0.83746463 0.80574584 0.24292466 0.8459993 0.81503594 0.6950266 0.6682879 0.703871 0.79146177 0.7321544 0.88293874 0.091534786 0.80327815 0.13515346 0.6019752 0.54985327 0.51307255 0.44383854 0.42105457
