0.87771356 0.37506923 0.5821095 0.2757101 0.1650543 0.29839033 0.35773194 0.6089693 0.65683794 1.0192672 0.6080112 0.4016753 0.9580089 0.5126324 0.6193382 0.38531598 0.24543844 0.84858954 0.76634824 0.6610128
0.47576413 0.6465701 0.41851085 0.35658872 0.25413018 1.1713789 0.50356245 0.52821046 0.3799423 1.0389408 0.31705973 0.6865942 0.86366075 0.4311904 0.39445627 0.74110055 0.9464398 0.8722846 0.79222226 0.84985626
0.6634513 0.18661888 0.28819948 1.0177064 0.8946762 1.0106726 1.0386771 0.24216716 0.21162683 0.608139 0.5871863 0.4544436 0.4043794 0.8676232 0.38179862 0.5652284 0.13732979 1.0328023 0.18817155 0.74993056
0.8376386 0.28126633 0.3166503 0.88052016 0.489549 0.47721437 0.4663482 0.8314144 0.7642582 0.33967528 1.1439061 0.58558846 0.91027313 1.2172302 0.3868481 0.9785657 0.41873208 0.5195168 0.39461538 0.5097406
0.23302573 0.04585809 0.5358077 0.84721035 0.29638502 0.78422505 0.5090492 0.20187156 0.3306158 0.715807 0.20920722 0.80916417 0.9882796 0.73469085 0.5704807 0.9218038 0.32082587 0.9387087 0.8986585 0.5247472
0.64038986 0.73186874 -0.20293085 0.6117951 -0.016301 -0.10834368 0.24925625 0.16194023 0.6769607 -0.20769458 0.6087948 0.5247399 -0.092715584 0.5346976 -0.0963496 0.4927022 0.61922765 0.5992156 -0.04453275 0.3742149
0.5021876 0.35823104 0.9508728 0.30551603 0.3961705 0.54589367 0.021723226 0.051784106 0.9655918 0.87062746 0.8365632 0.5851901 0.71073395 0.049428493 0.19519614 0.8260412 0.4265426 0.27894956 0.8311969 0.47442228
0.32846528 0.07440584 0.87911683 0.6414649 0.1524531 0.743154 0.5375794 0.5658931 0.9437831 0.15625925 0.5502478 0.040600877 0.836905 0.665115 0.92794704 0.66307545 0.47846043 0.85606384 0.50624955 0.69798124
0.54424375 0.044655647 0.09350059 0.6207747 0.7005188 0.82086927 0.151906 0.67935497 0.23402493 0.5298144 0.8336109 0.13437179 0.14779697 0.26928267 0.14588825 0.28509903 0.7569878 0.65245616 0.7301015 0.22173445
0.5872126 0.09056021 0.035304975 0.16186272 0.52116674 0.17616123 0.038561527 0.780412 0.8183326 0.33080885 0.88831776 0.5299663 0.033695284 0.34535778 0.24885873 0.8353316 0.41632065 0.3712581 0.09783033 0.10983385
0.4301374 0.9006112 0.626002 0.8508959 0.43317991 0.17110784 0.4077139 0.34772027 0.38338605 0.45914415 0.8467808 0.8215606 0.34132433 0.15666923 0.6172031 0.4396163 0.70615983 0.13531111 0.8992695 0.12794869
0.5124819 0.25409713 0.4445298 0.78975254 0.16207506 0.8622889 0.123987995 0.5784712 0.8768281 -0.019329714 0.28985876 0.3607169 0.4187355 0.6214922 0.11328058 0.3651613 0.013651882 0.51725495 0.82360345 0.52312106
0.8009329 0.33149767 0.44532323 0.08366461 0.012800448 0.33647346 0.19736816 -0.0058564716 0.30107516 0.5050915 0.5031177 0.11527398 0.14566536 0.80273515 0.8431242 0.82384604 0.19434075 0.85462916 0.4080617 0.88995576
0.45663828 0.26061496 0.84007156 0.46773854 0.5462087 0.6377553 0.9744577 0.7614874 0.25743407 0.3101361 0.5761832 0.41822648 0.59498876 0.56325674 0.86957484 0.20057386 1.121286 0.5316431 0.6203911 0.5309717
0.45775458 0.8063359 0.565455 0.9603134 0.27027375 0.5608929 0.9663942 0.3163194 0.9368827 1.0772778 0.3387871 0.5104693 0.6278174 0.2624301 0.54386944 0.97040796 0.16097283 0.23665886 0.17282793 0.7118446
0.71965814 0.7459659 0.21844591 0.7071447 0.16923237 0.83256 0.1872109 0.75023884 0.35550332 0.4968852 0.6369424 0.5012879 0.5277014 0.90586525 0.34453762 0.49656355 0.60965854 0.39900142 0.243783 0.4343424
0.5229545 0.41469064 0.86221755 0.68480843 0.4933386 0.08382636 0.73061544 0.36935616 0.016511226 0.900436 0.51398146 0.19700265 0.5792776 0.29062852 0.9580207 0.09834581 0.16078287 0.4941314 0.19792682 0.2611768
0.21188323 0.3286304 0.018808637 0.48745248 0.7607582 0.015477936 0.60039556 0.16253547 0.21056463 0.8498899 0.5160672 0.83422667 0.7105478 0.1882913 0.84330666 0.8333366 -0.005439991 0.77017444 0.22200073 0.09638161
0.70512813 0.1676927 0.42415586 0.028046232 0.8313749 0.37517166 0.55507493 0.7144056 0.94935536 0.40717655 0.4010606 0.30102995 0.011080474 0.62232935 0.19763552 0.8577306 0.24353683 0.38442656 0.3754644 0.16290592
0.22202541 0.8258814 0.38249037 0.539135 0.1513603 0.5588695 0.5359652 0.3013632 0.75349176 0.9968618 0.94129777 0.9498482 0.5715217 0.954215 0.15283944 0.30874193 0.56509197 0.3029265 0.48084474 1.0668616
0.5987471 0.77720743 0.7343895 0.13244496 0.92606115 0.21372314 1.0261457 0.30058756 0.14878199 0.86779064 0.6141612 0.80468196 0.7637402 0.6860342 0.17885554 0.15392797 0.548226 1.029129 0.59912413 0.361252
0.91424686 0.83183056 0.1097553 0.41200432 0.31314024 0.37215835 0.4251351 1.0079929 0.18353263 0.99888456 0.41624472 0.5643846 0.90877527 0.569053 0.6805392 0.51596284 1.001027 0.19256878 0.05881691 0.8875123
1.0952238 1.0588124 0.63228136 0.2326375 0.22960427 0.586603 0.73902315 0.62433463 0.41913024 0.24048792 0.38153952 0.42038277 0.9428032 0.47962788 1.0179526 0.26776445 1.1372725 0.98579043 0.6200004 0.6104859
0.058909833 0.10070743 0.14770567 0.024976835 0.5539103 0.013729344 0.88335794 0.6462383 0.28091452 0.7752376 0.4094385 0.61706096 0.85303915 0.18569404 0.7917617 0.5458429 0.1652582 0.15207611 0.90732026 0.5898104
0.24172734 0.31332794 1.005914 0.14828065 0.7098685 0.7533826 0.44271058 0.31112948 0.31160498 1.0093709 0.42519844 0.8462372 0.8340627 0.57371235 0.2244998 0.28023916 0.42443687 0.81486034 0.15449168 0.15897018
