0.8660195 1.0205293 0.27083126 0.1663239 0.7686445 0.116322584 0.23021461 0.31326592 0.85074663 0.4056031 0.801411 0.5731894 0.7020514 0.90468717 0.6307206 0.6426679 0.21249317 0.67459095 0.91989386 0.25340426
0.89635354 0.19689496 0.8320155 0.81868327 0.22946821 0.17392032 0.9838743 0.108132504 0.20572034 0.5027879 0.7827351 0.8335084 0.81290513 0.7997054 0.5488226 0.14592245 0.6842229 0.8764375 0.11077949 0.8961938
0.8380096 0.2818979 0.14064404 0.3766235 0.7181592 0.25557938 0.7400746 0.24875882 0.899801 0.36666703 0.6129715 0.7964717 0.20461366 0.20256688 0.21818344 0.7019111 0.008745799 0.13867484 0.27280718 0.75737673
0.5726815 0.2598925 0.13348599 0.5318784 0.62138927 0.75113714 0.73233557 0.87784207 0.219045 0.033868775 0.4958731 0.6109761 0.84878993 0.8241748 0.7363202 0.58810836 0.006842343 0.3861842 0.5928203 0.12293318
0.69971806 0.7709587 0.87517005 0.30254748 0.34587702 0.0050869067 0.57591206 0.4216884 0.2943736 0.8302508 0.88120407 0.39943242 0.071284875 0.79277945 0.7216436 0.16135812 0.885937 0.087004535 0.30990118 0.79970145
0.441096 0.51434195 0.40629008 0.5202122 0.62779474 0.35554278 0.13183603 0.96301377 0.9346254 0.3558489 0.99742764 0.068561226 0.53208816 0.17090987 0.24187474 0.9788333 0.12671927 0.1722741 0.22564675 0.084550686
0.31827265 0.574854 0.304398 0.36347353 0.58631724 0.8079874 1.0454211 0.40103897 0.60635555 0.22221711 1.1528852 0.7854316 0.76544553 0.42084742 0.45146996 1.1334755 0.8381082 0.20354953 1.0737468 0.6246913
0.9149894 0.042590626 0.083378464 0.2776298 0.43320224 0.186257 0.90428275 0.107161105 0.30947846 0.8948628 0.012293622 0.61489636 0.37198076 0.5780952 0.6724031 0.07218889 0.82082415 0.8095881 0.41222346 0.007016131
0.24247503 0.7273404 0.8513276 0.32590872 1.0242407 0.4695818 0.2208611 0.5214333 0.37488163 0.1717463 0.21258204 0.51615924 0.32377595 1.1045654 0.78509897 0.42730927 0.7297356 0.6008146 1.0144985 0.5994797
0.4530683 0.3979839 0.09118129 0.9207575 0.37660578 0.6503267 0.47908676 0.5248062 0.19145557 0.58648986 0.9010149 0.91524047 0.98715204 0.06171519 0.29123402 0.22279508 0.67792153 0.47760078 0.5899669 0.13211967
0.3748268 1.0776228 0.2611592 0.81385547 0.3548935 0.58292055 0.7416656 0.17275257 0.3697407 0.9489046 0.2649403 0.47048602 1.0938151 0.17120558 0.5800054 1.0992601 0.76298195 0.2626296 0.2525215 0.926772
0.7869132 0.6241823 0.5989444 0.25406682 0.3885924 0.554595 -0.048122298 0.08660812 0.5805671 0.7954458 0.7856442 0.005003547 0.5389592 0.29115435 0.21068065 0.31871077 0.4103365 0.5020676 0.635983 0.4593016
0.27954313 0.64857596 0.19011337 0.32127914 -0.03804781 0.00074228604 0.006039481 0.024591124 0.102238595 0.4564789 0.71314967 0.2141579 -0.0045990455 0.47635922 0.10933692 0.40771648 0.31812292 0.66150063 0.8905444 0.19860625
0.39626312 0.6944054 0.2278835 0.6487261 0.7640094 0.02945056 0.38240886 0.00820183 0.20146345 0.46715122 0.39613596 0.80500424 0.62775356 0.752664 0.6446604 0.54923683 0.69418293 0.33501843 0.8856143 0.52288544
0.84897697 -0.0002248039 -0.014797859 0.6017842 0.8028726 0.7700508 0.5715787 0.6819359 0.035652056 0.7468305 -0.022229807 0.7448335 -0.077037275 0.090556696 0.30761695 0.6188781 0.75137115 0.5868257 -0.082753226 0.76883394
0.62183076 0.19209813 0.43094245 0.4461063 0.48154834 0.43041354 0.45038518 0.42477667 0.38704476 0.35541275 0.9592273 0.84831023 0.7596853 0.25881213 0.36594513 0.39206573 0.2252595 0.7917259 0.49910226 0.8839429
-0.025765797 0.40679666 0.26738942 0.16543546 0.7595909 0.46800333 0.25248602 0.8901164 0.054561242 0.2971877 0.8867988 0.87622726 0.6190382 0.175034 0.52335894 0.35404322 0.72838897 0.9180622 0.91964775 0.7277428
0.70312756 0.3083886 0.6801066 0.65908086 0.24126227 -0.12584141 0.61304337 0.56297517 0.5737558 0.14264005 0.68697464 0.6869908 0.21075797 0.3498675 0.11022909 0.12912075 0.5195597 0.6661421 0.5894585 0.21957028
0.89896977 0.4916084 0.7052623 0.09403164 0.48613188 0.1598952 0.89727145 0.7163364 0.9219761 0.6503842 0.6184015 0.54499656 0.52855045 0.9305792 0.7460087 0.8228377 0.21601507 0.6388341 0.29017562 0.08769025
0.4503182 0.18945733 0.26578245 -0.059346728 0.60201395 -0.049887914 0.09422239 0.26999968 0.5637759 0.4997776 0.8103548 0.78718317 0.70262843 0.7181834 0.7088662 0.7044755 0.59121054 0.40241787 0.38354623 0.006612896
0.7008808 0.29685393 0.06777951 0.8930687 0.0844306 0.58701086 0.32118228 0.08757988 0.04692812 0.859635 0.22177115 0.6285684 0.19085942 0.4692423 0.4837944 0.105218634 0.18506466 0.78154176 -0.03963774 0.24646823
0.5744059 0.16918059 0.23548557 0.8410005 0.81713605 0.3706661 0.87610227 0.6995807 0.44611067 0.18554106 1.0231642 0.9629096 0.18920502 0.7557102 0.4178798 0.963553 0.41824746 0.22026294 0.3480426 1.0820967
0.36929283 0.4774125 0.31677476 0.97221035 0.3365228 0.39846647 0.5285086 0.41237578 0.47366577 0.5102111 0.8242802 0.8656854 0.9296862 0.3963386 0.90081733 0.25801626 0.27935174 0.5192548 0.6449654 0.9603114
0.9455633 0.8061716 0.66873235 0.90899307 0.5107668 0.53836745 0.27765083 0.7055642 0.22633378 0.11015499 0.9529341 0.27415207 0.41256648 0.80657786 0.4257497 0.56481177 0.56369126 0.6981237 0.86263996 0.2642123
0.8529925 0.68823236 0.8857434 0.48987538 0.18384829 0.20845073 0.662066 1.0071373 0.45372796 0.18435025 0.5966781 0.985175 0.38935265 0.35983086 0.19857068 0.49001968 0.79960257 0.2038021 0.88078785 0.9447736
