0.5064387 0.57657963 0.66958785 0.3301303 0.9209141 0.19784403 0.28230587 0.7403818 0.2210865 0.72772723 0.49337304 0.2708867 0.4390058 1.0545563 0.8298156 0.74378645 0.48485747 0.587609 0.34849235 0.9127956
0.46741936 0.4707138 0.88815206 0.4526401 0.671258 0.9280929 0.7555787 0.7803799 0.16410482 0.46895477 0.14606269 0.19397311 0.57617044 0.6390737 0.45804095 0.29939064 0.88949776 0.5737356 0.4639537 1.0025331
0.71125233 0.3015381 0.3695418 1.0965904 0.29955563 0.46921155 0.66740495 0.7227737 0.9149571 0.43121794 0.69351035 1.0712824 0.17620708 0.45721483 0.21233255 0.4574386 0.43441847 1.0921472 0.31048217 0.8265584
0.74737424 0.18695074 0.7703321 0.1356224 0.8935243 0.1866075 0.6168991 0.103983164 0.89425683 0.57486135 0.86971045 0.55344236 0.58789486 0.5359573 0.95151794 0.24436572 0.19569255 0.43862215 0.07465011 0.5494651
0.7398563 0.149637 0.4244631 0.36533064 0.3760611 0.48667774 0.6690172 0.39947575 0.81904185 0.041041113 0.4768338 0.053840782 0.026811618 0.59891874 0.85530424 0.7206471 0.6465246 0.7155424 0.7813923 0.76790476
0.55420643 0.8662096 0.047222205 0.4259929 0.47697642 0.57871723 0.2885178 0.1279794 0.4234371 0.52924603 0.16436902 0.391611 0.21131812 0.27405456 0.5791724 0.27166665 0.6168726 0.47624907 0.57458675 0.8324667
0.51132184 0.2625172 0.66902965 0.5491749 0.08939163 0.37463576 0.31467757 0.7309208 0.60946625 0.6556119 -0.01822059 0.10447188 0.35311964 0.6226946 0.51445234 0.19311155 0.6915621 0.47961944 0.8314162 0.14408165
0.93879044 0.2671447 0.240452 0.39556703 0.34233215 0.7218588 0.38814348 0.8691327 0.92309964 0.37810597 0.59364504 1.0676752 0.41103533 0.46294433 0.97542113 0.6054577 0.6369416 0.51781607 0.3077144 0.49273396
0.88310736 0.5232115 0.33609954 0.45771915 0.5775772 0.20475215 0.814131 1.1094155 0.37861267 1.0817461 0.3594796 0.48124748 0.21559554 0.8696241 0.19780236 0.5270198 0.7345683 0.83487934 0.44848356 0.54335356
0.7713436 0.2163026 1.0790725 0.69340515 0.9392764 0.8011603 0.24431501 0.56008494 1.0722247 0.62001306 0.8031489 0.88524634 0.6716326 0.28777134 0.7552271 0.39821705 0.4643882 0.81905067 0.16045605 0.45878008
0.7477363 0.46270454 0.38708586 0.8038787 0.6954837 0.74362504 0.53346765 0.71641093 0.56029284 0.47672105 0.0140498625 0.2134945 0.14447543 0.76445425 0.35338384 0.7669938 0.5004672 0.76950383 0.19470832 0.30765614
0.9573105 0.5923596 0.8256583 0.3378573 0.6107065 0.2220521 0.6682637 0.8713976 0.8390854 0.8679987 0.5891586 0.6506556 0.13259372 0.7285888 0.830257 0.33418012 0.17671351 0.0607308 0.40492314 0.70179987
0.6406723 0.90688336 0.34398136 0.63614446 0.48440242 0.8217194 0.1716738 0.08646591 0.47865158 0.24851614 0.06394916 0.64237493 0.12394106 0.87041 0.49631226 -0.031802677 0.17001066 0.5298909 0.62365377 0.53381336
0.100512534 0.8098709 0.8098953 0.5552925 0.842492 0.20467703 0.3603719 0.36458713 0.30196095 0.7330222 0.16165407 0.04425198 0.88531476 0.7230726 0.6386129 0.17625394 -0.01785109 0.5444268 0.3615689 0.25355962
0.53196526 0.15901135 0.73070604 0.8968964 0.49105978 0.093382224 0.42532647 0.7875508 0.22150733 0.6132596 0.8402885 0.6989481 0.56919825 0.49838775 0.530396 0.40553856 0.4841252 0.17637092 0.56584734 0.5901422
0.72247064 0.3831785 0.7981583 0.3050529 0.94800293 0.24380952 0.89551675 0.9243631 0.022570394 0.38539866 0.65236336 0.6548102 0.5134341 0.012035561 0.010880766 0.5892234 0.93674225 0.053133793 0.25313625 0.89015853
0.7361027 0.34796906 0.70222336 0.25499225 0.23359823 0.6330906 0.6873576 0.13617474 0.2963618 0.550787 0.43249077 0.96230793 0.89690757 0.2615211 0.85950845 0.6147577 0.39056796 0.6872228 0.42220983 0.040065765
0.81471926 0.69567674 0.9882986 0.7020327 0.34022662 0.97496647 0.52011466 0.42748448 0.35810506 0.1810264 1.0225111 0.8823821 0.7349776 0.18397781 0.35291448 0.29921532 0.7415893 0.57621604 0.3975459 0.1894496
0.1329781 0.8816521 0.93442327 0.95663095 0.2669439 0.58526 0.65880245 0.21004455 0.6501338 0.14503594 0.102500014 0.97220063 0.9613734 0.5844725 0.74591535 0.7104404 0.1199597 0.9831549 0.54509497 0.31927854
0.8667422 0.13861476 0.13964316 0.5961484 1.0136936 0.82799757 0.7677055 1.0211853 0.7348203 0.6748297 1.0323001 0.77254677 0.7725317 0.30753264 0.16507809 0.6057945 0.5948174 0.8585729 0.54554915 0.25742096
0.7401011 0.8090673 0.73817533 0.10814797 0.6054288 0.5293316 0.21858267 0.98831064 0.06973941 0.5602623 0.34794196 0.22418842 0.19198234 0.6703008 0.35992888 0.6015134 0.8175981 0.3987639 0.6588765 0.39838308
0.58579326 1.0626379 0.25214213 0.24596646 0.5934119 0.59102386 0.14439802 0.9892355 0.8179457 0.7857135 0.5481503 0.20997022 0.75379854 1.0161879 0.19997993 0.9180804 0.16057488 0.77248555 0.36802176 0.5008346
0.16410948 0.21674852 0.18903919 0.33554804 0.9970207 0.12972412 0.2604882 0.6455194 0.6547536 0.56063867 0.83941513 0.85947996 0.6813808 0.9113583 0.80388457 0.16298524 0.11342322 0.7918077 0.6998805 0.28128648
0.6842638 0.1303329 0.34203857 0.9076677 0.8852218 0.52598965 0.9375473 0.76962596 1.0026602 0.517212 0.2750276 0.1353056 0.25367576 0.17754501 0.11318487 0.46828908 0.84694886 0.69098896 0.86530256 0.9649294
0.75704664 0.46237242 -0.1413118 0.7236146 -0.08263242 0.8077958 0.40339965 0.42740366 0.2138162 0.76330733 0.59091806 0.5969796 0.042548556 0.24015233 0.5064937 0.5310492 0.78103805 0.49555716 0.7524803 -0.083999306
