0.6064427 0.25811145 0.83107054 0.5278079 0.7981159 0.817281 0.3412949 0.59661627 0.7302938 0.43723524 0.33572787 0.40210867 0.73984265 0.68616784 0.864988 0.6451716 0.10660165 0.6332757 1.0178483 0.22879168
0.15134777 -0.068665385 0.8225832 -0.02838797 0.29916656 0.47955462 0.449322 0.47312853 0.84606826 0.8344534 0.65622133 0.6322267 0.20547603 0.62612057 0.6064899 0.40561366 0.11488507 0.18128948 0.63436913 0.5145833
0.7214006 0.09793112 0.16926625 0.23119363 0.23380628 0.13109195 0.7350611 0.9265894 0.28661725 0.999794 0.72877777 0.0955528 0.37093326 0.47495148 0.5672349 0.06260825 0.9629113 0.96821177 0.76582754 0.48254472
0.87365997 0.15766312 0.57471055 0.42019284 0.08825757 0.41472495 0.14882681 0.59875834 0.59999824 0.28150794 0.9578106 0.3270025 0.28565314 0.7968894 0.88466686 1.0183952 0.51673746 0.39799812 0.53654456 0.26818496
0.7673549 0.3466581 0.67775434 0.5161454 0.7625135 0.5555648 0.53341556 0.611217 0.54204255 0.38351476 0.08079847 0.8207733 0.2023136 0.1271098 0.07526579 0.4453275 0.7490683 0.18737851 0.6548627 0.87328076
0.584539 0.33314574 0.7022391 0.13392137 0.47381955 0.9972732 0.090417475 0.15310165 0.957897 0.660725 0.5193423 0.9179064 0.12708859 0.63491887 0.8476204 0.6058297 0.21681367 0.5686959 0.3403745 0.1398783
0.16349791 0.6416171 0.88851416 1.0630953 0.4713107 0.8364241 0.81937516 0.51942855 0.8090883 0.19832289 0.21000549 0.30660748 0.34063628 0.6772073 0.6529109 0.8188846 0.9635784 0.28017566 0.65188944 0.2982336
0.42219782 1.0616486 0.99193066 0.16579431 0.43332037 0.22339383 0.19095285 0.77278453 0.31796625 0.2980492 0.29747543 0.6259063 0.25138822 0.14109679 0.7226936 0.8098686 0.29320574 0.48182157 0.87960744 0.60431135
0.4646061 0.23743603 0.060645543 0.08800447 0.3601461 0.115163825 0.8574263 0.54341596 0.59726447 0.8780742 0.25431526 0.31534484 0.013690355 0.745374 0.5196801 0.24081974 0.19909927 0.5670033 0.8480129 0.6677011
0.18364282 0.47344333 0.11581607 0.6041341 0.37644196 0.722809 0.14401224 0.028266547 0.71732384 0.23176105 0.82480806 0.5572058 0.27057368 0.24782646 0.6995241 0.87368226 0.21994562 0.41903183 0.7326116 0.17299324
0.361304 0.5068896 0.389479 0.3972039 0.47754213 0.11326819 0.9435936 0.19172774 0.3378637 0.40166032 0.69051147 0.4277739 0.57219106 0.4223204 0.13850339 0.34615496 0.46402228 0.13617381 0.56451666 0.6446744
0.4479187 0.7316633 0.59392947 0.22644602 0.44783083 0.31006977 0.51773745 0.44979984 -0.09130521 -0.11601923 0.57026154 0.43823487 0.7607145 0.24972679 0.7031246 -0.10459087 0.28545558 0.78380907 0.13129473 -0.1113245
0.31970084 0.33666512 -0.059673022 0.42001843 0.6476964 -0.24372336 0.2970937 0.3475404 0.54454505 -0.23318005 0.6831848 0.07250026 0.4381277 0.30500275 0.20488687 0.5178064 0.56879246 0.13443467 0.09951532 0.3431326
0.12354235 0.5149479 0.30784985 0.23671836 0.4819707 0.08254514 0.19965367 0.86455256 0.29438487 0.8385506 0.9695103 0.36023897 0.34677646 0.5105073 0.4804359 0.760688 0.7466816 0.4325013 0.55723435 0.7655284
0.88661623 0.2264288 0.8227341 0.28456542 0.20338483 0.30473363 0.9921621 0.4258058 0.6391379 0.67980236 0.16871534 0.72795546 0.16071483 0.24305232 0.82764715 0.22572605 0.36011475 0.3971501 0.7653822 0.62179613
0.19904764 0.16755433 0.7278165 -0.012592759 0.5376413 0.33097032 0.0014396668 0.8937271 0.5690049 0.68105495 0.56868184 0.5039317 0.6297784 0.24997233 -0.036283657 0.62317705 0.6317064 0.47186223 0.0872928 0.8432333
0.70507914 0.43989223 0.8839373 0.23534752 0.9053445 0.87521285 0.69411546 0.54697096 0.44695985 0.09363977 0.089958064 0.6845459 0.4470569 0.82084805 0.6512339 0.60931575 0.051650744 0.37182498 0.07957031 0.3321597
0.20629029 0.4136684 0.35651562 0.40864217 0.8114428 0.68103516 0.75210804 0.043847308 0.21819276 -0.015494847 0.6935081 0.8102834 0.47165045 0.68198466 0.20376985 0.1335221 0.8540584 -0.08489448 0.47254044 0.40827736
0.5762036 0.6185946 0.32424492 0.24634255 0.29298124 -0.035930905 0.2549872 0.52059597 0.5407832 0.76540446 0.8323345 -0.045506295 0.28583965 0.40512776 0.50026256 0.5387059 0.48392612 0.6427959 0.46711597 0.61405563
0.13805129 0.9710567 0.63198364 0.7617571 0.6739856 0.53034025 0.78256154 0.6232918 0.9849827 0.6118022 0.55334353 0.2601521 0.64156586 0.61161584 0.69183373 0.12432851 0.26875043 0.73370516 0.4330573 0.48806086
0.33222103 0.61534435 0.40178633 -0.040447157 0.5179742 0.33609936 0.6656105 -0.11805191 0.09739309 0.14135484 0.51994306 0.37386337 0.06368383 -0.09761871 0.6333829 0.67971784 -0.08647829 0.08895282 0.5432469 0.39736757
0.1589984 0.6139894 0.8318892 0.7769228 0.3487778 0.6571179 0.5696498 0.79036033 0.52887577 0.7864428 0.6912033 0.20669857 0.47480816 0.21720196 0.3188382 1.0064445 0.087473996 0.6330913 0.46557277 0.12474656
0.6438836 0.74762046 0.34354752 0.44439718 0.8864122 0.15829416 0.06724554 0.895483 0.60637176 0.35401613 0.0041367966 0.20674223 0.1533042 0.2424169 0.90824914 0.3557575 0.1508846 0.00045319946 0.56283873 0.7695305
0.7246864 0.09531617 0.3749135 0.5707177 0.40173802 0.17441851 0.5425614 0.24392642 0.73426443 0.6844617 0.64489186 0.12003013 0.44944623 0.5587312 0.73624325 0.981085 0.11478372 0.90580237 0.7670906 0.12398544
0.17489323 0.8795928 0.21087103 0.08590696 0.6870829 0.55184454 0.20352638 0.7147801 0.9223685 0.3389039 0.41821384 0.7417722 0.950659 0.5482635 0.53287864 0.1519016 0.5366011 0.7081908 0.6354854 0.04719631
