-0.030822402 0.05939159 0.102854565 0.20966533 0.7653711 0.6600115 0.91113645 0.284054 0.23509474 0.04773445 0.23199207 0.8066142 -0.012167214 0.49388704 0.4787416 0.29569414 0.27816883 0.7579105 0.539023 0.118900456
0.18102054 0.6628525 0.70011795 0.68396324 0.053239584 0.58519244 0.74527735 0.24123904 0.44620505 0.22917959 -0.016531892 0.3150302 0.30662996 0.19349338 0.28649342 0.13312326 0.57696414 0.3575924 -0.0565959 0.5391402
0.14979662 0.31195787 0.20480214 0.40490726 0.6053258 0.32528508 0.27562463 -0.14236823 0.067550376 0.40349707 0.14289449 0.16247083 0.5964685 0.6950803 0.14528346 0.48764268 0.7191482 0.5417416 0.7604737 0.37738913
0.4817609 0.88743806 0.029655525 0.30498758 0.36442184 0.784698 0.24905503 0.53190774 0.7728529 0.22331637 -0.0020053003 0.26318234 0.5277122 0.28821006 0.1517223 0.9108212 0.75691056 0.685407 0.2596379 0.050968852
0.75283086 0.041635077 0.48247623 0.7684438 0.88344574 0.8974649 0.06292113 0.7404137 0.9120683 0.74055415 0.23333135 0.344045 0.9878748 0.46168423 0.9002764 0.64591485 0.93440104 0.17822756 0.51886415 0.042443685
0.83438057 0.52199835 0.10612818 0.19687742 0.7179965 0.8498752 0.6339575 0.18156709 0.22926944 0.20612437 0.8094461 0.42107475 0.8363598 0.13142015 0.26101896 0.47140175 0.9301648 0.67882514 0.9534486 0.21156232
-0.008005855 0.36945453 0.7986945 0.5322245 0.6161404 0.17258234 0.46497655 0.20646459 0.7281039 0.275171 0.81402326 0.34825924 0.46259513 0.6693062 0.8105067 -0.052485485 0.17924152 0.8135241 0.44352323 0.2617276
0.1718068 0.5595661 0.19611153 0.68802106 0.0731609 0.798225 0.83259374 0.6618839 0.74168175 0.85367167 0.5359038 0.51699156 0.2909673 0.42700836 0.7785647 0.7630867 0.641135 0.05009616 0.5402288 -0.032139488
0.63726693 1.0026097 0.6109817 0.5671079 0.17020732 0.36531988 0.59198 0.34475362 0.76755285 1.0233502 0.9084886 0.31132302 0.55742306 0.31611386 0.18994333 0.2600183 0.8846748 0.1990956 0.2046176 0.13837287
0.09103044 0.8146089 0.5020588 0.19264942 0.8814577 0.3059099 0.23960663 0.7731507 0.7899942 0.5272527 0.7988875 0.0071694865 0.54233783 0.41284826 0.38945168 0.90361536 0.5668006 0.5353214 0.9077767 -0.006409363
0.194322 0.92857045 0.9424728 0.12054074 0.12976119 0.36604735 0.03849107 0.27210855 0.26198402 0.9543806 0.49605185 0.45029938 0.79954815 0.7610834 0.5631316 0.38593882 0.8060275 0.51378477 0.6968612 0.23879826
0.9102265 0.24339066 0.25010088 0.065163895 0.35338295 0.6449419 0.7590272 0.40215546 0.61038315 0.09279082 0.7231298 0.13387883 0.59870744 0.67920625 0.58022326 0.54444635 0.6980434 0.5304002 0.2722689 0.86673874
0.11928882 0.848999 0.8208917 0.49848306 0.7266883 0.35375556 0.3177232 0.8518943 0.7814047 0.68736035 0.6255534 0.69023585 0.54245764 0.5366713 0.18536665 0.7727279 0.51075435 0.03900015 0.011439297 0.07573078
0.5637667 0.3444365 0.24051423 0.22364053 0.5858146 0.63115335 0.85680133 0.9129793 0.8051614 0.18235065 0.5909656 0.16421579 0.9014299 0.775037 0.18437117 0.35336748 0.53638905 0.07281644 0.8845587 0.15967721
0.9056228 0.33470184 0.4950892 0.23249869 0.14339298 0.8367965 0.75636107 0.4370476 0.9110111 0.46905747 0.7385707 0.9281214 0.15750736 0.17720893 0.9186859 0.7216285 0.299649 0.5934756 0.67681015 0.6933242
0.3567123 0.8414318 0.74016595 0.46643656 0.9333703 0.25469875 0.50364715 0.9745002 0.058245704 0.90199995 0.28491613 0.14725047 0.53780663 0.8946002 0.550837 0.8788727 0.19121186 0.9788694 0.11205723 0.8553893
0.8110289 0.5853597 0.18803287 0.45954505 0.29394284 0.6837917 0.8306052 0.307451 0.40043876 0.39501324 0.896304 0.42954567 0.1938526 0.272513 0.5082004 0.23546629 0.08460013 0.8137716 0.08782264 0.39012262
0.64960444 0.79121697 0.28188574 -0.12898932 0.47391048 0.74459684 0.37368542 0.17678966 -0.1488197 0.08305284 -0.113798484 0.7863497 0.5640238 -0.039409228 0.40018898 -0.14681563 0.13776544 0.2673 0.68965584 -0.13321614
0.22631066 0.7349848 0.6048231 -0.047540076 0.12271984 0.36746678 0.71168125 0.41126314 -0.07903404 0.4764557 0.74849653 0.80692923 0.36668727 0.67232466 0.43710238 0.72487104 0.5856433 0.24465625 0.07012773 0.30505052
0.37925485 0.045314755 0.7223343 -0.061568785 0.77912873 0.19361433 0.7234414 0.37703094 0.50977814 -0.14031017 0.8121304 -0.10892176 0.72419864 0.43996394 -0.078812055 0.666008 0.62579846 -0.09979707 0.59231037 0.14971581
0.59346855 0.72865444 0.22278225 0.21394515 0.76278144 0.8827755 0.46254078 0.18273105 0.62363553 -0.039520916 0.48112878 0.8564468 0.6116936 0.10354797 0.28779396 0.6215548 0.4968608 0.8065403 0.8360482 0.56979704
0.8940107 0.31371763 0.55076176 0.23109125 0.9111043 0.2988049 0.9241648 0.22550821 0.20997888 0.22132616 0.24492253 0.9661243 0.44706565 0.5195548 0.36035213 0.45058036 0.96453744 1.0637038 0.8101122 0.6086145
0.8353825 0.40773085 0.4115701 0.888265 0.5929473 0.17274114 0.28058913 0.43813983 0.42063168 0.5014355 0.2070782 0.62235063 0.6104657 0.9789748 0.73257244 0.7284562 0.985227 0.78457534 0.32102647 0.4839561
0.59507006 0.7300509 0.60835963 0.25013027 0.3762295 0.49472737 0.1596501 0.3172044 0.5083879 0.7132296 0.25767854 0.56198657 0.4288359 0.17804705 0.60968363 0.049952775 0.52767926 0.3401519 0.358453 0.7076547
0.9396716 0.6031489 0.6205993 0.520602 0.41660193 0.018458175 0.5378378 0.4987843 0.1680323 0.038786378 0.6796386 0.6870392 0.30637968 0.8382334 0.49979788 0.27108234 0.4341512 0.09562711 0.53604305 0.14604825
