0.31715366 0.92461973 0.83365 0.3382723 0.9040998 0.5985197 0.7823119 0.8984976 0.19299756 0.82288325 0.27095878 0.7301701 0.52420926 0.81320167 0.26306027 0.44920757 0.92523795 0.25112948 0.34303984 0.4103296
-0.102221005 0.21844682 0.59137523 0.008193116 0.6953694 0.39754543 0.41343418 0.7626515 0.67874056 0.80282515 0.7354465 0.13865994 0.30372536 0.15163143 0.4730667 0.24071765 -0.007686727 0.36358246 -0.09934147 0.582882
0.54734695 0.24938324 0.17464577 0.28451923 0.88857067 0.4435058 0.8872514 0.25000328 0.7774149 0.5367076 0.35877192 0.7216709 0.6942976 0.87911147 0.90946317 0.96102536 0.26633078 0.41220745 0.70762753 0.48624423
0.7852783 0.48398292 0.031181125 0.7106746 0.5369823 0.68813527 0.2650088 0.2452637 0.2657962 0.60202825 0.2600802 0.084344454 0.32727408 0.19318405 0.812372 0.9346075 0.8185623 0.65541184 0.5256929 0.82369024
0.6311154 0.4486015 0.27778986 0.32528594 0.50921273 0.33750707 0.38522416 0.3262702 0.65525186 0.9161367 0.63112783 0.39926383 0.23466188 0.36428472 0.5386385 0.36167684 0.30988702 0.5249856 0.8674455 0.93717325
0.7827396 0.7862737 0.84940785 0.51239747 -0.05138253 0.27234417 0.7901208 0.5198465 0.3327621 0.44675267 0.15670398 0.19395027 0.22657187 0.19452459 0.39557272 0.53671896 0.6041481 0.72937375 0.51917654 0.0055941967
0.5587957 0.73021924 0.13933462 0.9776951 0.4625107 0.96902573 0.6908597 1.0803692 0.75581706 0.47374842 0.1552036 0.31172374 0.6470596 0.21631707 0.79765546 0.46261135 0.71362984 0.66568035 0.39051616 0.2444619
0.9153544 0.37135285 0.9563179 0.74965584 0.27035096 0.713863 0.54310733 0.3657656 0.49010304 0.30969658 0.26341194 0.4925317 0.36437568 0.73356074 0.39858884 0.20474388 0.45135093 0.99524635 0.2711531 0.17366363
0.65522015 0.55693316 0.14036256 0.07559079 0.520832 0.85175186 0.26186407 0.4437185 0.23899575 0.44949213 0.053461354 0.14750735 0.09912531 0.55843043 0.51244223 0.37744305 0.7666612 0.17229411 0.47789747 0.039365638
0.22400069 0.29635593 0.5487912 0.55467737 0.7583207 0.27499208 0.83182454 0.05124279 0.75754195 0.03509981 0.101541154 0.5033699 0.5301611 0.46389276 0.3758579 0.8228361 0.37982488 -0.13033378 -0.049436964 0.021820923
0.02483797 0.6959828 0.09123783 0.6576317 0.42187092 0.2804889 0.7895061 0.19579078 0.0092624705 -0.03732821 0.15268908 -0.11598558 -0.12117744 0.54074043 0.4328024 -0.0078646885 0.053898003 0.43401304 0.6673552 0.51664627
0.97483367 0.2123237 0.98663896 0.21397342 0.9071362 0.70669246 0.34279546 0.099513724 0.8811383 0.23709898 0.38935173 0.54471505 0.5852652 0.8433302 0.79441816 0.7148845 0.32219115 0.61214244 0.6819929 0.2733443
0.92844325 0.6048796 0.58012164 0.13277817 0.97399235 0.103797056 0.17828904 0.7174194 0.42347065 0.45304447 0.8112318 0.686796 0.891334 0.7370825 0.42258754 0.5751128 0.9248067 0.35828987 0.06960054 0.97752076
0.5732473 0.75211346 0.38035423 0.425106 0.1399758 0.8352781 0.765773 0.9317917 -0.032124296 0.6637209 0.07303395 0.80873007 0.12155581 0.714285 0.4441051 -0.019205911 0.1602153 0.53681487 0.22280939 0.21768183
0.4455843 0.50403696 0.4925533 0.68538046 0.89305294 0.75439703 0.86295795 0.77015936 0.8893087 0.33140138 0.3190749 0.38360238 0.9335343 0.5701945 0.5005663 0.8221184 0.45185593 0.16901465 0.5077945 0.145681
0.007937388 0.5633368 0.58858097 0.29975975 0.37594795 0.6359961 0.7485355 0.34314093 0.05692876 0.6680665 0.034907743 0.44018817 0.102082245 0.18955244 0.14110129 0.56150854 0.6694721 0.100806676 0.018785644 0.5080567
0.35576138 0.12951396 0.24098739 0.628442 0.26874587 0.80619895 0.7980316 0.68601274 0.26384935 0.6031852 0.43081942 0.8496937 0.3370931 0.74886405 0.5689079 0.82265675 -0.011621463 0.14853458 0.40351093 0.7925876
0.39678833 0.7011702 0.19164635 0.33237895 0.5523502 0.057154976 0.83769256 0.54386425 0.41702116 0.7912373 0.30680874 0.07357104 0.6415334 0.182869 0.6870504 0.887851 0.3861132 0.6237739 0.8511692 0.5244588
0.18943381 0.54029256 0.75896156 0.5571821 0.7314421 0.6099138 0.36816695 0.58314145 0.74539447 0.74582356 -0.01001659 0.35689476 0.1720762 0.74300164 0.6800836 0.47238094 0.7793671 0.75522774 0.021880252 0.116852224
0.6626297 0.09097487 0.06349876 0.30245543 -0.03931305 0.43760812 0.58562386 0.79411596 0.8330462 0.45161694 0.39427447 0.30996388 0.11408574 0.68055683 0.2356988 0.8495109 0.8476846 0.52072173 0.38524598 0.20069757
0.7207452 0.58540297 0.19160178 0.46444896 0.25487503 0.13829938 0.57999164 0.775793 0.48646766 0.23647259 0.28293127 0.29517776 0.52770936 1.0832789 0.24866347 0.46787158 0.19768398 0.6694809 0.40641916 0.15735832
0.8151988 0.45549783 0.6721807 0.15300116 0.3388599 0.7709404 0.003316653 0.86184114 0.6131302 0.5545934 0.75737685 0.22380102 0.89387804 0.0871038 0.5205251 0.779165 0.01968653 0.14619778 0.6041917 0.7106663
0.26051882 0.28265604 0.90259707 -0.055803567 0.8115055 0.4803221 0.39205799 0.084499 0.5935685 0.6087865 0.21652396 0.7374392 0.5131248 0.7619815 0.3879763 -0.052990872 0.77647644 0.7770947 -0.033733845 0.19141631
0.06611834 0.42375314 0.836252 0.912312 0.45416862 0.97752637 0.26756632 0.15163818 0.08158502 0.1311027 0.29827088 0.43682134 0.31615606 0.28428537 0.57961494 0.6222476 0.83780414 0.29300147 0.16065775 0.30010015
0.4828875 0.6451652 0.6466473 0.8584359 0.68750274 0.3735623 0.4439698 0.07681882 0.90035284 0.97314394 0.7867948 0.7334466 0.75619465 0.20610826 0.33909994 0.11959485 0.41230497 0.7425719 0.31461453 0.99451435
