0.5144841 0.65529025 0.20610544 0.23355749 0.15852949 0.9596998 0.9306767 0.8516471 0.85108733 0.91789746 0.55323076 0.72088856 0.4835617 0.12027056 0.17604372 0.5467096 0.62421465 0.93650776 1.0096694 0.13060173
0.29085258 0.68428284 0.7172326 0.7644964 0.49059427 0.17584042 0.029182486 0.70236653 0.5975919 0.57314396 0.6562937 0.6459249 0.5120698 0.7531149 0.35211018 0.349273 0.3822506 0.64352167 0.8398933 0.04379613
0.3710258 0.81210655 0.2189773 0.17900355 0.9926976 0.1985639 0.21238096 0.4507929 0.1053985 0.99803805 0.64378566 0.91497976 0.15659402 0.75644666 0.26776862 0.34675062 0.92592776 0.42187846 0.7486535 0.4562538
0.8888788 0.80068624 0.027375955 0.2659285 0.6156832 0.6774002 0.58125335 0.1881896 0.67777354 0.4122204 0.12141967 0.2850424 0.9288783 0.78849995 0.0017134724 0.6007551 0.016069721 0.46815842 0.36989188 0.14274508
0.82083654 0.5718487 0.9020399 0.14452392 0.29071364 0.359926 0.3557285 0.22624326 0.44493163 0.82680655 0.62937033 0.82885593 0.04290732 0.13933097 0.010286396 0.3443808 0.2571726 0.31674024 0.83673024 0.44793043
0.40413052 0.21252342 0.9801125 0.8600002 0.28893882 0.54609346 0.37516487 0.5254475 0.5566184 0.50536764 0.2503581 0.80503666 0.33776343 0.8173364 0.30769116 0.77615434 0.82244754 0.252499 0.15963215 0.31224707
0.30303535 0.95605075 1.0843409 0.46486938 0.8401875 0.33395153 1.0271131 0.43553647 0.2537178 0.80278385 0.48613843 0.2703161 0.7686671 1.0741568 0.4754047 0.53899866 0.592751 0.24015261 0.90424454 0.9614315
0.08679847 0.64296466 0.7057439 0.80801874 0.5691548 0.5398883 0.0495545 0.19356324 0.95475435 0.9540597 0.8642173 0.73838085 0.45767692 0.9534044 0.40704718 0.31772643 0.7255672 0.92996544 0.29640773 0.15352486
0.660411 0.72161174 0.32960048 0.991417 1.0294346 0.55643165 1.0508595 0.8870514 0.9257767 0.28560507 0.22728857 0.18300745 0.42347705 0.26826534 0.3624211 0.17919536 1.0117159 0.26555204 0.31063122 0.748097
0.25055385 0.37320524 0.9030072 1.035001 0.15266927 0.52778107 0.9680272 1.0010285 0.3143995 0.20398842 0.4076514 0.95252407 0.2555239 0.3502403 0.3793061 0.6242225 0.15576597 0.8324201 0.8759367 0.80976194
0.64810747 0.7890015 0.41133738 0.67696536 0.04353983 0.46357998 0.36192527 0.6548447 0.73788744 0.88455915 0.41517884 0.8230323 0.9806044 0.9109797 0.8045251 0.13502513 0.23215966 0.3728079 0.8167913 0.19243614
0.92389 0.32150412 0.6119499 0.40530986 0.7222738 0.24810414 0.85348046 0.28603488 0.35972583 0.52955395 0.9989172 1.0144917 1.1203982 0.36622483 0.20932007 0.66744715 0.24786773 1.1141009 0.8393775 0.9771732
0.2913928 0.31489003 0.8817149 0.4253954 0.6527573 -0.019638108 0.51247185 0.6093239 0.12858276 0.88780296 0.066588536 0.8890173 0.5860443 0.8303751 0.8525365 0.5852117 0.89513975 0.5625952 0.9046363 0.54401946
0.71388966 0.30381417 0.97089326 0.24742101 1.008283 0.9931592 0.6999499 0.7052989 0.64351755 0.7325731 0.42975184 0.7155208 0.29109582 0.18265085 0.46043274 0.90933037 0.31697357 0.1165405 0.8299656 0.082536876
0.7852267 1.0002089 0.72214293 0.1403954 0.71475273 1.0046958 0.1348381 0.63824904 0.36431387 0.7766087 0.15504183 0.25070173 0.42726716 0.62063736 0.37455192 0.38299647 1.0079608 1.0018425 0.18663396 0.846882
0.9556327 0.82584816 0.71390486 0.37684935 0.5935673 0.74448645 0.19887275 0.6620324 0.743137 0.16480361 0.9789831 0.123050146 0.4102584 0.05202636 0.35231668 0.9804731 0.61736584 0.95335233 0.23179734 0.9357188
0.42790174 0.957603 0.2208621 0.38132507 0.21091115 0.5616113 0.3815389 0.23961197 0.49857944 0.7176256 0.27695253 0.88400877 1.0250186 0.30272314 1.0462252 0.3818183 0.81637996 0.86830604 0.32234037 1.0150657
0.8427038 0.3363356 0.025494765 0.3677972 0.6388708 0.8510667 0.743016 0.84866613 0.72995 0.26985046 0.29594144 0.44905543 0.46139878 0.22420774 0.33266896 0.6983002 0.8874673 0.5803417 0.15054822 0.21300158
0.608268 0.1974273 0.63436383 0.92522347 0.49773 0.4050143 0.6378675 0.91329265 0.33222905 0.43438277 0.2456455 0.79644746 0.41884762 0.7570834 0.89221126 0.6533589 -0.019032145 -0.0061535086 0.64691246 0.13945392
0.8052168 0.766142 1.0129639 0.053973876 0.89753836 0.9907468 0.66118276 0.40540984 1.0206218 0.13614202 0.6818552 0.9580061 0.22981636 0.39553046 0.4209885 0.55460435 0.16565907 0.82427603 0.36296532 0.122735485
0.80615914 0.7653522 0.40966892 0.7387631 0.48572093 0.61687505 0.94384915 0.68968415 0.66797644 0.32684663 0.24928352 0.8669432 0.30636832 0.24684907 0.4858495 0.36080414 0.40954614 1.1165555 0.7090617 0.15717556
0.39026168 0.66892624 0.5426085 0.9246029 0.3094445 0.3345403 0.8941669 0.79114765 0.21841541 0.71902597 0.7032223 0.58812565 0.5445423 0.37698978 0.5745316 0.21890987 0.4779951 0.83637255 0.82391506 0.4551718
0.76016027 0.23629773 0.43271562 0.23691227 0.11394016 0.027938949 0.44552857 0.6181695 0.7957083 0.7274298 0.4329664 0.7228732 0.025436953 0.70727795 0.516006 0.42411426 0.4347636 0.23944442 0.06673169 0.74578553
0.89327073 1.087785 0.22348593 0.4339451 0.7082387 0.909143 0.8796153 0.1325035 0.39259243 0.34599313 0.79253745 0.7219424 0.971721 0.9259721 0.20774668 0.24320589 0.35540804 0.56828195 0.1513602 0.48889264
0.6942672 0.80345184 0.6470752 0.40832055 0.43286985 0.65775067 0.861883 0.7996125 0.70989895 0.4224414 0.11250684 0.5284743 0.01694596 0.37513995 0.0785057 0.49311107 -0.027132308 0.029162906 0.5169767 0.18737039
