0.12733333 0.5888785 0.2147363 0.95500666 0.89382267 0.80250823 0.29100296 0.81973827 0.33719727 0.7320279 0.43844324 0.65536225 0.99583685 0.5913283 0.4812167 0.38863772 0.9546675 0.5635497 0.3215116 0.19779678
0.5968648 0.34536225 0.46495962 0.25079316 0.98116595 0.75904137 0.31588164 0.88390213 0.5751645 0.33506343 0.6037848 0.75438607 0.5227354 0.6637865 0.9803965 0.15700428 0.73835415 0.37431884 0.29741058 0.9058604
1.0258453 0.94418454 0.28314605 0.22614878 0.68672585 0.5961572 0.36593425 0.7621893 0.262649 0.2999905 0.391653 0.634658 0.628609 0.8963831 0.3893117 0.72438383 0.6236829 0.3882114 0.72792244 0.6145981
0.6256727 0.89204204 0.15661323 0.58361727 0.555698 0.54259676 0.2495068 0.61688954 0.21144135 0.81244904 0.5679111 0.37289804 0.7943665 0.53018075 0.8895405 0.2965479 0.03868473 0.5653539 0.63810235 0.19852903
0.65393823 0.97991854 0.29666963 0.53178215 0.9430343 0.9492855 0.7538111 0.23991352 0.16817759 0.6294017 1.0268012 0.37716487 0.98363173 0.21575703 0.5677469 0.8599578 0.5073267 0.4642392 0.10693027 0.22143474
0.77498966 0.6111821 0.9540904 0.45373327 0.6398446 0.477239 0.26140606 0.19534525 0.5975093 0.9861679 0.62643754 0.2802625 0.93329567 0.59939593 0.19303304 0.24607013 0.39375025 0.569704 0.43631804 1.0668544
0.5197291 0.81793714 0.94252044 0.5287832 0.6091361 0.7251877 0.15102737 0.8277924 0.22461376 0.2616992 0.09775435 0.79811007 0.9305163 0.8669861 0.618078 0.44907236 0.25155133 0.9949321 0.51108533 0.43801233
0.36109722 0.5850664 0.0966292 0.3269634 -0.07300485 0.34717935 0.35199884 0.31824213 0.74074936 0.78240275 0.3139674 0.10293232 0.58253366 0.51924896 0.6712489 0.19343387 0.30944926 -0.02596377 0.7684133 0.08996082
0.44557974 0.32134047 0.5378473 0.8328254 0.7944847 0.34613106 0.7183681 1.0961142 0.6549736 0.31708637 1.104931 0.7603586 0.5596901 0.49013078 0.2156918 0.16857295 0.49786147 0.68777364 0.31522378 0.7436343
0.2874556 0.5885878 0.2780735 -0.019687785 0.5740447 0.50291073 0.41654962 0.49339414 0.78988284 0.41757208 0.7749157 0.28835505 -0.012056701 0.7282151 0.55863905 0.56181103 0.22052753 0.6717147 0.53510416 0.01563125
0.5432701 0.27465788 0.8453832 0.26167443 0.49047327 0.57228225 0.22581635 0.65885866 0.5124742 0.89904916 0.93988687 0.6442089 0.2667814 0.8511675 0.8315038 0.4479052 0.9963104 0.654152 0.393525 0.29422843
0.62954485 0.689617 0.037416007 0.7142984 0.65532166 0.36856735 0.4089483 -0.066268355 0.47002676 0.0012145331 0.78461325 0.040865183 0.371433 0.72231734 0.24276286 0.13961573 0.8404597 0.016651485 0.7963112 0.7095356
-0.005507115 0.66208607 0.86837626 0.6138003 0.671527 0.21628255 0.27008492 0.17036001 0.29649824 0.86505425 0.77174664 0.42092577 0.6280693 0.16026478 0.33782664 0.40850925 0.017753672 0.8246425 0.2567263 0.25731775
0.70704454 0.18250617 0.18909752 0.16846736 1.0117769 0.64033157 0.62225163 0.43185404 0.8361218 0.49068096 0.6818091 1.0541577 0.31830072 0.9395419 0.9041254 0.6378662 0.51021403 0.4347912 0.55737185 0.26768953
0.38582557 0.26927638 0.4307121 0.9404301 0.8967623 0.16249946 0.4777027 0.6138006 0.68091255 0.71206135 0.105578594 0.86910367 0.4723601 0.83501273 0.26885462 0.16594046 0.12904221 0.10035857 0.50303066 0.85356873
0.010114778 0.84180015 0.69590473 0.17562406 0.61606956 0.83988124 0.30850407 0.4844706 0.72584546 0.32769254 0.64056176 0.8476036 0.09442164 0.8034377 0.72008437 0.44133407 0.81758904 0.6034024 0.4758606 0.8303218
0.18780588 0.3155353 0.2852753 0.5631396 0.5032354 0.14182465 0.7900132 0.37779322 0.7051644 0.9805023 0.18551172 0.71887267 0.27108246 0.664082 0.61020684 0.54014397 0.39890566 0.52447003 0.54837966 0.75544184
0.038586922 0.20365362 0.7053307 0.6464914 0.96543634 0.71859986 0.5667786 0.4181458 0.0942223 0.40135643 0.8543305 0.13318925 0.32944512 0.01824654 0.39756683 0.21631603 0.31011486 0.6598915 0.46076337 0.66366434
0.7681948 0.5417736 0.23766625 0.6334086 0.9576486 0.18376423 0.17339921 0.78700453 0.21936354 0.15281925 0.42856964 0.59052294 1.0499954 0.50229436 0.23885493 0.18925738 0.59084034 0.5329326 0.24676174 0.98934126
0.8340412 0.4143002 0.09639581 0.8201459 0.74817055 0.15165302 0.4551058 0.99001706 0.71827173 0.9993348 0.9016893 0.7524694 0.38674793 0.15006234 0.6926991 0.14392176 0.53480315 0.8969883 0.38356528 0.5704735
0.20051885 0.5322861 0.28008637 0.22438096 0.74689066 0.39514717 0.659441 0.538347 0.33827308 0.5269045 0.26357588 0.29506934 0.66241544 0.2520791 0.89834523 1.0058302 0.3556976 0.7071385 0.8480165 0.28992206
0.26383543 0.34940335 0.7614601 0.3732314 0.9785792 0.34530088 0.6880778 0.26354748 0.359776 0.30975085 0.5547951 0.8206378 1.077905 0.38803422 0.32799232 0.75422215 1.0721017 0.60948396 1.1385843 0.27185553
0.33386368 1.1943697 0.4557447 0.38937777 0.51164013 0.86528784 1.2184563 1.1186463 0.8619031 0.5163491 0.3605465 0.6303047 0.5652487 0.5604119 0.75605536 0.28500062 0.30338603 0.31259292 0.4896433 1.0785532
0.5768647 0.97536933 1.0333958 0.34498477 0.72809523 0.47324237 0.3595903 0.22376142 0.1758318 0.28652778 0.274061 0.47769007 0.43424997 0.859342 1.0275009 0.2929321 0.6256177 1.0636221 0.99999404 0.20436446
0.48092684 0.847659 0.61047536 0.13125278 0.46845448 0.8863974 0.5263142 0.029832043 0.47657603 0.90577376 0.038688928 0.56815034 0.0068990467 0.8468993 0.34269792 0.6396324 0.5833966 0.786851 0.4336316 0.5812313
