0.88847136 0.9937396 0.50297546 0.48147857 0.98582107 0.7219778 0.44512188 0.41616538 0.38221106 0.23219131 0.09422275 0.07629401 0.087804325 0.26363423 0.9427318 0.070911214 0.9640504 0.20554663 1.0083048 0.1913591
0.12458041 0.0891825 0.51919 0.4062316 0.87686133 0.4908111 0.639931 0.3018501 0.663737 0.7373298 0.66722035 0.22218542 0.5301364 0.13053285 0.34142727 0.7214266 0.16356692 0.15807998 0.22394432 0.82666177
0.56041867 0.30544078 0.097024955 0.30472025 0.6288789 0.35746932 -0.03630791 0.16146018 0.6755118 0.3228294 0.71449995 0.35973942 0.5028467 -0.0621668 0.74469703 0.4753489 0.6799535 -0.0125279445 -0.032185994 0.70531666
0.40019807 0.8594452 0.84851784 0.35641748 0.38980046 -0.027870186 0.8070945 0.37060872 0.3566587 -0.07942557 0.3765229 0.7398607 0.5949275 0.8831009 0.23540504 0.584801 0.02913885 0.23286696 0.57449234 0.19829603
0.8725858 0.6840318 0.93632126 0.6384028 0.24233718 0.09297437 0.554558 0.21802697 0.25085396 0.6498605 0.34073365 0.834091 0.5898092 0.36864328 0.7662555 0.954223 0.634473 0.22962198 0.7619324 0.6951773
0.59611744 0.2933953 0.6190952 0.7629657 0.3122891 0.86624557 0.0053284923 0.5458478 0.85359347 0.2791679 0.042547565 0.45932066 0.20457187 0.37221026 0.47750908 0.6026127 0.5733497 -0.06749846 0.5240201 0.27564135
0.55802506 0.06540803 0.5998366 0.42133147 0.5450776 0.4960853 0.08607937 0.55754405 0.6121105 0.60915726 0.5321183 0.1995753 0.23804873 0.78983855 0.12566453 0.27111435 0.5097572 0.3288239 0.81226677 0.33481625
0.82792526 0.8338757 0.8338529 0.6549382 0.60949564 0.009856383 0.28923792 0.76940686 0.5965533 0.803342 -0.007679749 0.7322527 0.58302116 0.4360304 0.66842335 0.6776505 -0.07544239 0.4796642 0.021145668 0.3053302
0.37589747 0.861231 0.28963718 0.31371385 0.5457803 0.48863044 0.8353165 0.74899024 0.72346663 0.6426304 0.939773 1.0716504 0.7536391 0.48006532 0.2606925 0.6747968 0.16270761 0.21336046 0.2558707 0.6608119
0.40646595 0.65407604 0.856124 0.016369008 0.7911318 0.35254776 0.6363704 0.19007504 0.54218686 0.15260628 0.0003039285 0.51737714 0.73651457 0.06552935 0.46138585 0.8730404 0.8160614 0.56076926 0.89706236 0.3763944
0.42073774 0.45430374 0.03432467 0.8396343 0.9323811 0.616826 0.11322387 0.6701002 0.5421908 0.74920046 0.9264515 0.78767526 0.32493442 0.7955065 0.4972486 0.3775168 0.23244728 0.72583795 0.46731058 0.93983346
0.4741631 0.2239974 0.41498816 0.6327746 0.6736154 0.5958872 0.8307744 0.6844426 0.2845225 0.7785331 0.26384205 -0.024831576 0.60173726 0.03775989 0.44659543 0.45959812 0.36275396 0.06175637 -0.058508553 0.853804
0.24583118 0.4758173 0.7612704 0.45073217 0.10976543 0.6929732 -0.09395428 0.3700087 0.2738596 0.43427873 0.5083491 0.42175376 0.4276331 -0.10537006 0.733474 0.59605885 -0.12127518 -0.06571239 0.4801372 0.7546174
0.21659708 1.0657083 0.92433196 0.79543954 0.14948682 0.40220094 0.8191508 0.7950781 1.037331 0.49839923 0.50190276 0.8353953 0.3562431 0.2766003 0.31285045 0.25468734 0.73462486 0.38560182 0.5256272 0.6113719
0.1472094 0.75418365 0.97190243 0.1223836 0.5523907 0.90125144 0.8135959 0.74171346 0.2647111 0.15362641 0.92095685 0.5415711 0.18774566 0.24973838 0.33563176 0.6456469 0.4638033 0.8976447 1.0490087 0.70305884
0.29449874 0.019115364 0.74933296 0.51102513 0.42265508 0.22229458 0.4680235 -0.041322425 0.5835531 0.73335105 0.4305798 0.4894324 0.3022105 0.14420046 0.24206787 0.053066038 0.10749481 0.4977349 0.45766345 0.7123132
0.51054645 0.13363628 0.7916741 0.5899697 0.38652104 0.28670847 -0.047726564 -0.017998813 0.84821975 0.66823214 0.7840255 0.039682843 0.4901961 0.017742544 -0.066586144 0.84575844 0.33961248 0.2836444 0.05154209 0.42275316
0.30487522 0.19559833 0.12742011 0.15194373 0.49817416 0.17147103 0.62920445 0.86342305 0.27284938 0.36546278 0.93203807 0.7758161 0.71080345 0.2804147 0.35679048 0.6696644 0.64952046 0.3070759 0.90260196 0.83267516
0.043898106 0.08480495 0.7910863 0.57275045 0.22216617 -0.044172417 0.03502218 0.16522816 0.22643764 0.015481401 0.67489 0.6697793 0.7914852 0.3015233 0.09955621 0.73164964 0.74140435 -0.034650255 0.7762923 0.54276365
0.8757246 0.2783669 0.7252108 0.5231514 0.4491425 0.21236144 0.5470065 0.37960523 0.131554 0.086615965 0.5800197 0.6755574 0.19700654 0.79534924 0.41616297 0.85609895 0.6600148 0.33623898 -0.014139036 0.17008518
0.48942146 0.4982153 0.8783821 0.2867051 0.80668277 0.3154672 0.44507205 0.6186614 0.50065947 0.21712121 0.4308335 0.42246115 0.3455965 0.66513145 0.1706905 0.6994041 0.042439003 0.8398375 0.80489415 0.572416
0.083634116 0.48121086 0.056509756 0.9214624 0.5401917 0.5250753 0.3815794 0.6230306 0.28576756 0.022133358 0.58512545 0.21628653 0.8542226 0.8139985 0.5223085 0.38883546 0.76459724 0.88717836 0.45762655 0.56522965
0.67857987 0.5593632 0.7788123 0.7841943 0.5204231 0.7408471 0.5104805 0.022371372 0.64374757 0.16620286 0.08559937 0.7961021 0.47269824 0.2797171 -0.02966289 0.5472858 0.5548956 0.14500523 0.45999038 0.07220372
0.29594117 0.60132885 0.93566895 0.15032983 0.92448205 0.09306897 0.4807878 0.6204927 0.9269662 0.36244577 0.48108602 0.58978045 0.028412297 0.43934396 0.2315258 0.78955907 0.5826773 0.73401016 0.23859899 0.55206364
0.43443096 0.25689518 0.5036624 0.51936066 0.43317237 0.5615609 0.6049333 0.5444992 0.95329285 0.276715 0.44025317 0.70279914 0.7731738 0.64988744 0.7834767 0.39856997 0.12593463 0.040086128 0.5174013 0.56512743
