0.787051 0.52432513 0.3064314 0.57844114 0.8037665 0.7198279 0.1890773 0.17975909 0.6064024 1.053516 0.8645772 0.7656028 0.19202134 0.59885126 0.41496998 0.72689664 0.17085607 0.776322 0.12227843 1.0188762
0.58878845 0.7561464 0.65334034 0.21391687 0.7078258 0.4907475 0.23973234 0.8344386 0.67187035 0.5227172 1.0617005 0.90731823 0.66729146 0.6007062 1.1394207 0.30956313 0.70858717 0.30143157 0.53423756 0.83558923
0.53486687 0.70104825 1.0150231 0.30662367 0.4710243 0.95837975 0.2638606 0.61156964 0.48388806 0.18066923 0.4746287 0.68096465 0.23658383 0.35950932 0.2151059 0.49766815 0.35274675 0.56101847 0.60512906 0.5000969
0.9430485 0.5654449 0.87412053 0.5746713 0.57845604 0.2982874 0.49660292 0.24697262 0.19096264 0.72696286 0.78542936 0.8845293 0.76454866 0.21234424 0.58311707 0.88758796 0.85250634 0.44559723 0.35320494 0.25176287
0.7909591 1.0253738 0.5994532 0.2250392 0.90595865 0.36363852 0.91908145 0.19258624 0.3760819 0.41698542 0.71739674 0.32189146 0.37221605 0.09526046 0.20842089 0.463531 0.8297563 0.794048 0.15652397 0.53659576
0.5980418 0.20808995 0.6844127 0.21332575 0.35389847 0.3572909 0.20089123 0.7907258 0.5060602 0.23231336 0.19358566 0.23330142 0.95403063 0.19454643 0.8933226 0.097447425 0.053385064 0.19331266 0.77853054 0.9711718
0.8836815 0.35817978 0.7893196 0.20121458 0.0977989 0.79190123 0.11253726 0.16497561 0.5154916 0.74677026 0.3450597 0.6953241 0.72097147 0.9312635 0.17260116 0.90057886 0.77279884 0.45149288 0.16929948 0.32407543
0.50995535 0.5351604 0.69505507 0.3425047 0.8229451 0.5706286 0.94374686 0.7531271 0.5838575 0.25152618 0.22060627 0.15046076 0.29958332 0.9276706 0.3038127 0.7453863 0.3412319 0.069146514 0.7693364 0.37417048
0.04501759 0.11045148 0.30219817 0.8984627 0.07470964 0.6886992 0.1984159 0.68688756 0.36873376 0.986714 0.24716485 0.81478184 0.8519923 0.6077169 0.4908058 0.4723643 0.6131232 0.44648477 0.46287796 0.5502562
0.8781808 0.29856163 0.4384533 0.84112585 0.89809775 1.0293878 0.7179884 0.3530639 0.40927348 0.23901036 0.7249474 0.70753384 0.2345698 0.32587135 0.40096614 0.3464949 0.9695285 0.6668652 0.5678281 0.4275006
0.085013956 0.36804342 0.11361423 0.77222735 0.45481694 0.340683 0.08151826 0.64453566 0.3831903 0.4313184 0.42682222 0.68614995 0.615231 0.6376323 0.37410164 0.1517645 0.74284804 0.73756516 0.088217184 0.6241772
0.4261258 0.3213957 0.2989647 0.38638675 0.3659867 0.8537614 0.25578392 0.4853662 0.1835179 0.8148212 0.2762509 0.8376155 0.8651711 0.98905337 0.8389712 0.35814315 0.29216784 0.14211525 0.5899684 0.5941263
0.9850633 0.050862763 0.23917837 0.47651294 0.4745963 0.82346064 0.64936954 0.88367134 0.27025896 0.756924 0.1720946 0.43238863 0.37033588 0.26048562 0.6480329 0.14629494 0.47761306 0.42242107 0.94703686 0.7076123
0.36583674 0.75815845 0.27315632 1.0338712 0.27873638 0.5741144 0.72290903 0.20048884 0.5328034 0.28188148 0.3263444 0.35510877 0.41541892 0.8414603 0.17859615 0.69137996 0.42762712 0.60277265 0.13735798 0.90126306
0.4364082 0.69992423 0.14053193 0.31460294 -0.050178226 0.5837329 -0.09334005 0.7251045 0.7863674 -0.13666558 0.12100971 -0.08025667 0.5497246 -0.039645266 0.60411555 0.059438936 -0.14434025 0.42783526 0.35861662 0.6979292
0.39635718 0.055792555 0.022676792 0.72394776 0.5847363 0.8351967 0.66303015 0.9027068 0.41596684 0.24772413 0.5120607 0.27820393 0.60218304 0.48935363 0.52377254 0.44212204 0.6882574 0.46706176 0.80459774 0.4228526
0.64153874 0.61253196 0.9346079 0.3181187 0.35537666 0.6575211 0.034110285 0.26635513 0.83939695 0.6316995 0.64295805 0.8001778 0.1341787 0.58457434 0.67058116 0.5592562 0.16908827 0.10775666 0.21590675 0.7802654
0.8949967 0.9288131 1.0438305 0.42282122 0.15282567 0.55417585 0.47224736 0.54942095 0.24790074 0.28798237 0.31777883 0.49142095 0.8266872 0.5150063 0.9651621 0.5975221 0.14572795 0.88847935 0.63792324 0.40100935
1.0247283 0.35777688 0.32213604 0.7586987 0.46001583 0.40004686 0.7785005 0.61206985 0.28121942 0.35778752 0.3703983 0.7685071 0.701999 0.8710632 0.7085915 0.7586446 0.30132443 0.891395 0.4482155 0.25283423
0.9599111 0.7634694 0.90871215 0.9251393 0.61824864 0.7028 0.21404001 0.48640984 0.8892794 0.105717055 0.93313426 0.26138523 0.6224203 0.7904867 0.24522434 0.64230597 0.08631118 0.035332404 0.43147957 0.7605006
0.12097228 0.9387752 0.3462766 0.515711 0.8621936 0.18142 0.4187423 0.19006497 0.31278208 0.6920508 0.36858183 1.0509224 0.7209778 0.34535992 0.8166652 1.0262533 0.27329534 0.45940584 1.0646323 0.89921683
0.6876516 0.7751465 0.6804465 0.31203875 0.60025096 0.35621762 0.712913 0.87607056 0.73611295 0.45225352 0.9658639 0.8434641 0.20210348 0.91437805 0.45116892 0.6372329 0.16752498 0.24106242 0.8938034 0.023705307
0.8940153 0.24338429 0.49941367 0.32520705 0.73829186 0.81715053 0.8437223 0.7824916 0.28417796 0.18932734 0.5118564 0.16269246 0.42048392 0.11358672 0.566602 0.77129424 0.5642499 0.23980856 0.17933089 0.7629304
0.8912802 0.89864296 0.09953226 0.8271354 0.51518464 0.69876635 0.19008169 0.12429738 0.4664711 0.09401454 0.5128777 0.021422392 0.81716543 0.5834041 0.540816 0.84591687 0.33444723 0.6437458 0.37927917 0.65895784
0.1582535 0.30307084 0.8799012 0.25995767 0.93559927 0.44005352 0.5599614 -0.0072983475 0.6286118 0.057047572 0.005425061 0.5698872 0.76976734 0.5033055 0.56349224 0.15979142 -0.009261673 0.9323183 0.42148268 0.39990175
