0.6330407 0.7418065 0.60969955 0.17845765 0.5227892 0.5082368 0.37162265 0.5537239 0.6588224 0.9210888 0.46229807 0.9257276 0.60421324 0.30223158 0.69023657 0.22000626 0.28159326 0.76203924 0.7099856 0.86536795
0.9971763 0.8253952 0.113230884 0.37942198 0.94586223 0.3760272 0.12984881 0.873632 0.9114119 0.58846784 0.7550456 0.81679916 0.40084133 0.1882047 0.76327777 0.7401982 0.26410785 0.16202183 0.66960925 0.63620615
0.0029185927 0.8777917 0.39722443 0.768808 0.4126913 0.48702064 0.54589707 0.53462845 0.6046194 0.63219756 0.82934874 0.48550114 0.60365725 0.69708747 0.4499153 0.26317966 0.96095407 0.25051382 0.64483327 0.86701477
0.4235556 0.3154609 0.16302054 0.6826288 -0.13057922 0.5171866 0.13809639 -0.039779138 0.07604067 0.18885978 0.1505563 0.39183357 -0.11817483 0.54106843 0.63240516 0.48296857 0.19387138 0.5754167 0.10593449 0.52810407
0.48983297 0.33995336 0.3965315 0.65122 0.7312716 0.5779659 0.16544299 0.47455946 0.6358538 0.93068564 0.9897504 0.3104992 0.17347687 0.4057364 0.84221095 1.0696951 0.4832127 0.5538412 0.355903 1.0266542
0.42619306 0.9218039 0.6655273 0.55626184 0.60773927 0.6407246 0.58688736 0.8049346 0.4897466 0.7082901 0.93517727 0.100279756 0.5205296 0.07165165 0.35014516 0.45097458 0.29150712 0.24145292 0.4420079 0.4639752
0.13653317 0.93625104 0.24999239 0.8251488 0.30835342 0.2322816 0.14838532 0.5050996 1.0503713 0.22907512 0.15414259 0.5858106 0.5700754 0.77264565 0.8212534 1.0128778 0.90862155 0.44142577 0.51716226 1.0187924
0.35506323 0.81103206 0.64008653 0.47844768 0.26113784 0.56774765 0.46130177 0.42309263 0.95080054 0.96300983 0.92284364 0.21987858 0.53410506 0.8323249 0.8705216 0.3343938 0.19819869 0.9884504 0.22998701 0.35409886
0.3124323 0.2759507 0.9470567 0.4592767 0.36160085 0.43759328 0.6567124 0.77554446 0.29710308 0.36999243 0.811801 0.63435966 0.7415803 0.29233682 0.8502967 0.8611035 1.0569255 0.49715275 0.49540332 0.40277869
0.5035328 0.7525627 0.75382566 0.7326538 0.17733477 0.107684664 0.20050442 0.55827254 0.4909234 0.6428733 0.6921261 0.9479547 0.06634621 0.6264432 0.0617362 0.4421856 0.906761 0.42265934 0.35395294 0.74674237
0.31994107 0.98871857 0.30510005 0.74323106 0.6520104 0.34946668 0.59422684 0.5509327 0.3459146 0.6258901 0.32887697 0.8832308 0.21523924 0.8022652 0.8349388 0.45912617 1.0390742 0.2624732 0.7600639 0.51298547
0.18366803 0.23793435 0.31038916 0.059242453 0.3571889 0.17978719 0.24656801 0.08120829 0.009555223 0.7547588 0.5920136 0.5417656 0.22291046 0.031746227 0.6009894 0.27937663 0.47582948 0.15258916 0.543841 -0.08552837
0.97414887 0.51001066 0.032207288 0.50810724 0.46847466 0.12741977 0.5984203 0.26895797 0.71181923 0.26478344 0.052053887 0.83926994 0.90579164 0.8523843 0.26355684 0.16934776 0.6647033 0.7799695 0.07962145 0.8391285
-0.08731129 0.71058804 0.3383849 0.7379438 0.35516238 0.45815605 0.013384895 0.4564621 -0.1297824 0.2675743 0.5346146 0.3365729 0.080423854 0.7625976 0.71332705 0.4538228 -0.00777715 0.14874694 0.23983961 0.71897626
0.16794455 0.89128304 0.7507012 0.6854152 0.64928144 0.7079205 0.26868483 0.49953035 0.6230511 0.8944959 0.6337425 0.6688973 0.25881302 0.46699554 0.59680647 0.1649042 0.5174211 0.8169465 0.71729964 0.34660777
0.4868694 0.28132266 0.28236678 0.57481605 0.3566161 0.5496329 0.8481575 1.0504959 0.46998516 0.2693583 0.20898788 0.8610028 0.72818995 1.1348988 0.67688507 0.7218729 0.9436029 0.91460687 0.7887647 0.46620932
0.99487305 0.7412053 0.7318613 0.6334917 0.5698263 0.22161487 0.9313009 0.72934586 0.31271568 0.34673554 0.5781846 0.51147264 0.29814386 0.63505495 0.6853904 0.22871986 0.2695748 0.48323455 0.8092847 0.85306615
0.634735 0.8333922 0.70716673 0.638303 0.93196446 0.10105447 0.77061707 0.92831665 0.8201523 0.6137216 0.84042037 0.6879981 0.07635943 0.45862672 0.6958183 0.52424973 0.88964075 0.26460567 0.7944314 0.54681075
0.21388008 0.68498576 0.49695355 0.15166166 0.004512185 -0.055146232 0.2128819 0.09856118 0.24814656 0.58866537 0.6485486 0.6468342 0.6287842 0.70767117 0.7538511 0.5878201 0.5574808 0.66181666 0.68092275 0.027088515
0.68441635 0.4837007 0.20554367 0.556448 0.041073397 0.042740915 0.11918161 0.02791669 0.81966233 0.95264024 0.4827262 0.79644006 0.5848074 0.73929846 0.79763734 0.47214723 0.80455554 0.2569872 0.6747958 0.31537673
0.8899545 0.09687529 0.52963257 0.84618855 0.7890134 0.87589765 0.6077947 0.8781394 0.77518344 0.5989405 0.25016308 0.48978704 0.7985185 0.8874308 0.7498279 0.004067295 0.04180065 0.46881703 0.39191315 0.38969517
0.8690082 0.76511323 0.6653355 0.32670888 0.48031253 0.42825624 0.95091045 0.86089295 0.9960885 0.9173892 0.45257673 0.84005105 0.6286463 0.50239855 0.38101283 0.462004 0.63273525 0.26416832 0.37396467 0.92310137
0.6769884 0.12802061 0.53628737 0.22595449 0.69089955 0.10971304 0.5295913 0.09526973 0.53716725 0.43304715 0.29039997 0.28080958 0.25611663 0.8578352 0.27329558 0.6137251 0.81208163 1.0045203 0.94718134 0.66962093
0.78093034 0.40997973 0.8201516 0.72786 0.78146917 0.9600172 0.7422574 0.42933905 0.4839195 0.7870981 0.85865635 0.8476175 0.5614013 0.8446057 0.60500044 0.3518526 0.1728799 0.23517431 0.5176951 0.85714555
0.61953276 0.7004435 0.16136386 0.92868936 0.39354545 1.0758483 0.86285025 0.66372615 0.2181224 0.3234381 0.1575857 1.0566682 0.36344445 0.90400225 0.17038319 0.32499292 0.8284021 0.22290462 0.6410549 0.9459176
