0.2036057 0.68336236 0.19676149 0.5654552 0.67809415 0.95202565 0.5394429 0.3067537 0.9479992 0.7800123 0.11305883 0.60523146 0.8190151 0.38588572 0.018791264 0.7808443 0.870941 0.6835594 0.81785053 0.4291502
0.31186038 0.14380638 0.42689744 0.2617168 0.28753504 0.42027074 0.42105946 0.8797993 0.6922248 0.3575608 0.603089 0.14582041 0.93114924 0.15436599 0.25080606 0.22796594 0.15052167 0.7682971 0.84874463 0.3721465
0.4061974 0.18680917 0.008154364 0.38853252 0.18598652 0.46508136 0.9141221 0.1799882 0.64617646 0.6425648 0.46223065 0.044669643 0.68214905 0.626971 0.30190384 0.49299756 0.25549233 0.077385925 0.18323553 0.109341025
0.4401467 0.69011563 0.53218 0.3081782 0.7323251 0.37989327 0.84932387 0.66242236 0.8422786 0.36677894 0.027257748 0.10619096 0.33351043 0.44968912 0.6155661 0.52455395 0.81192684 0.43493548 0.24998952 0.766682
0.53187764 0.32312343 0.7821595 0.5618936 0.66198325 0.19454949 0.6931896 0.8342298 0.8122154 0.5130399 0.4558666 0.38997427 0.88735354 0.11011194 0.7450876 0.42339832 0.7461251 0.5961577 0.2984418 0.8390518
0.3843583 0.16017823 0.21362016 0.5116019 0.84870064 0.79789585 0.61002624 0.102030955 0.62917525 0.66339576 0.32751936 0.7352582 0.1799041 0.55267054 0.2123366 0.9035545 0.80274224 0.086472586 0.7042078 0.7323745
0.87859064 0.6899462 0.13179813 0.48116162 0.0170487 0.65341574 0.4018358 0.87362856 0.072615094 0.8022441 0.27020222 0.34832713 0.54611653 0.44546095 0.47313246 0.5482178 0.6084623 0.8068633 0.5906962 0.5788257
0.14612095 0.378324 0.21638644 0.9037113 0.8774626 0.28531462 0.08979615 0.23650454 0.13378915 0.57599443 -0.023416026 0.20217215 0.02102473 0.18975641 0.19089137 0.21866325 0.8408614 0.63312876 0.7355056 0.40644148
0.619064 0.41710657 0.5963816 0.71277785 0.3115822 0.042349912 0.6461942 0.81316906 0.22196852 0.23290282 0.80051947 0.6478904 0.38910565 0.61700416 0.2624723 0.9718972 0.18498388 0.76050943 0.49608317 0.4300587
0.676072 0.08553296 0.6264649 0.58368564 0.4892407 0.23009688 0.26766306 0.80669785 0.48565832 0.66499823 0.03608065 0.6517573 0.8314406 0.124230325 0.36544764 0.05598558 0.5017638 0.48322633 0.19733097 0.61216533
0.45521984 0.670416 0.71506727 0.8230887 0.4004391 0.3083789 0.2718808 0.2846681 0.12406279 0.69977736 0.29769564 0.24385503 0.79044586 0.135543 0.8780381 0.39170477 0.73709494 0.80892015 0.67129153 0.32371342
0.9685952 0.9097559 0.67003155 0.30293128 0.83909285 0.71471536 1.0433719 0.21183588 0.7945333 0.8944557 0.45936042 0.71723527 0.59818995 1.0369183 0.20576735 0.2941097 0.2497255 1.0117143 0.26638934 0.5189052
0.9528466 0.92772365 0.57108694 0.18271013 0.32653818 0.39171982 0.25099367 0.24860093 0.39220268 0.27442658 0.36933267 0.5789228 0.3896047 1.0271871 0.78002495 0.49609482 0.7333977 0.8127745 0.65863985 0.90340304
0.86598206 0.28299454 0.9570467 0.30023298 0.2093228 0.7236563 0.98187023 0.27438357 0.4211562 0.18369468 0.12517089 0.87731427 0.5167057 0.40955368 1.0266069 0.12550858 0.14227483 0.74771035 0.1630203 0.97409433
0.52355516 0.21956581 0.91065454 0.2870928 0.66305375 0.16386333 0.852796 0.09765582 0.8117338 0.39249197 0.5497101 0.5571257 0.5210486 0.26903483 0.7618446 0.9502622 0.4773101 0.38547352 0.16809452 0.36828512
0.660659 0.6413278 0.20319627 0.047509383 0.23857297 0.15089236 0.42387348 0.87081116 0.3725091 0.25786218 0.7049214 0.5291 0.55071694 0.69585663 0.76412046 0.24028097 0.18716452 0.07771696 0.58419067 0.40761817
0.50825626 0.6050974 0.4821291 0.67883044 0.80984384 0.46143964 0.9550133 1.0219624 0.7742835 0.43706116 0.59200794 0.6351218 0.30166882 0.9007461 0.4819851 1.0357889 0.3160789 0.48454306 0.24459137 1.0286101
0.36714366 0.38696703 0.8277965 0.10389657 0.74717844 0.086974144 0.21191289 0.39613637 0.40991148 0.95477295 0.40032327 0.5858549 0.6252364 0.28855652 0.24531889 0.60876584 0.5988385 0.180496 0.033607315 0.6703118
0.10637383 0.20287699 0.382761 0.8032658 0.70187956 0.82366127 0.7819513 0.11153615 0.77349234 0.5511333 0.90357316 0.8888123 0.43246913 0.6130955 0.34892675 0.53716713 0.1989132 0.35733783 -0.0035792345 0.57305706
0.3998655 0.09222019 0.7391811 0.8601622 0.03360388 0.13781986 0.85199606 0.44746888 0.6372635 0.37140283 0.090593636 0.7349235 0.61394787 0.107283376 0.68843627 0.36876407 0.32541254 0.81306815 0.87039036 0.9228029
0.45746943 0.3169572 0.82617515 0.21972777 0.08920767 0.42188847 0.7685776 0.18401007 0.46498963 0.77944493 0.3847102 0.7647023 0.56390214 0.7568593 0.6082342 0.49496743 0.24414691 0.5628615 0.55585605 0.42667294
0.5245337 0.67924994 0.59297276 0.23060021 0.25858855 0.7862446 0.62456524 0.770323 0.18623364 0.59223247 0.60437334 0.2745768 0.802614 -0.08040545 -0.031147059 0.45020232 0.40887254 0.63687557 -0.009273493 0.1797014
0.5225528 0.6626576 0.4129998 0.93184143 0.34212258 0.85518765 0.12144575 0.90565926 0.57052886 0.0019153594 0.04388428 0.6460718 0.20232157 0.00025927706 0.30028528 0.45955497 0.3219671 0.38059476 0.7480801 0.49135056
0.97987336 0.22553855 0.5587591 0.8542459 0.24741444 0.6737696 0.35283422 0.75411695 0.98347116 0.83049846 0.28688985 0.33277148 0.700195 0.7856542 0.9724606 0.2985316 0.5399304 0.31667566 0.2097211 0.7008485
0.28670093 0.88060266 0.47904962 0.6639062 0.511695 0.89194393 0.6532348 0.06049775 0.8425876 0.14586057 0.47214365 0.36905363 0.7096357 0.38856414 0.14226316 0.18779704 0.8094879 0.33482888 0.5615513 0.58450484
