0.25302842 0.21897312 0.6613979 0.76300484 0.52556866 0.6817026 0.110297866 0.08279848 0.084355876 0.65904254 0.029975979 0.7880709 0.49641693 0.51416576 0.50469166 0.43159068 0.8100013 0.5655313 0.06878509 0.48302042
0.032023937 0.10501637 0.8745681 0.43020758 0.5000689 0.1500277 0.28430995 0.7776789 0.40329725 0.91442734 0.15671602 0.7772404 0.70602024 0.20099191 0.97362465 0.35047382 0.5098953 0.2000777 0.9499189 0.7749874
0.61072034 0.24584511 0.8730649 0.5017216 0.71988034 0.97905064 0.44444385 0.50785506 0.90391517 0.6408971 0.70213675 0.8598213 0.95538586 0.12213623 0.28332546 0.12134362 0.8569289 0.6299182 0.909721 0.8292822
0.038481433 0.15977418 0.56777656 0.41234908 0.35432708 0.8024613 0.035104603 0.96882397 0.9652662 0.6644364 0.28502476 0.7566459 0.49942863 0.689245 0.76265574 0.6558411 0.51792526 0.89908373 0.89831585 0.47403595
0.8028797 0.42574754 1.0266191 0.49634928 0.8960139 0.46518096 0.55995864 0.5129439 1.0003059 1.0860149 0.36397776 0.6272304 0.4075994 0.5840968 0.36773473 0.37325573 0.22630371 0.59695816 1.0011449 0.8955851
0.6097614 0.7144571 0.17669627 0.44755495 0.08544873 0.66403484 0.48523277 0.82562876 0.25173926 0.9124094 0.26237917 0.5598155 0.28549397 0.9336293 0.3651671 0.05285759 0.3814701 0.38316864 0.939642 0.79455036
0.7846144 0.728213 0.059772044 0.26118863 0.40174514 0.39117745 0.28464332 0.98492056 0.40975744 0.99131185 0.60023206 0.7292315 0.59982526 0.8159759 0.5912742 0.19999136 0.9998707 0.47627777 0.9717666 0.22618681
-0.02016187 0.30005002 -0.06836505 0.8419348 0.37858555 -0.07281266 0.41803768 0.16063029 0.29134133 0.43675107 0.63314867 -0.07677053 0.5646769 0.6331126 0.057392564 0.75939417 0.6108758 0.5881704 0.71793884 0.17906378
0.19614996 0.8814317 0.09751612 0.3646208 0.65137994 0.36810145 0.970181 0.75298107 0.55990106 0.62825733 0.39551407 0.44098607 0.27114418 0.99726456 0.579945 0.31912532 0.38105404 0.66493785 0.3488198 0.3203752
0.6556868 0.74767065 0.70678896 0.19392249 0.63635916 0.6285305 0.5952567 0.25678033 0.04212303 0.23914085 0.08435372 0.05659118 0.87194246 0.09926268 0.88580066 0.8409178 0.74689907 0.9363371 0.17813778 0.5873188
0.54936266 0.9824095 0.18236855 0.6222325 1.0493562 0.3727773 0.74855447 0.26796085 0.7481868 0.651878 0.2569312 0.8720365 0.9697579 0.7094144 0.4341755 0.51323944 0.17432706 0.17611773 0.7096844 0.623304
0.44469512 0.671102 1.1387956 0.9952638 0.8292295 0.9509726 0.19708347 0.25827357 0.9381722 0.46429038 0.9620583 0.8246661 0.47182906 0.37703383 0.6167514 0.35386974 0.6112859 0.43859842 0.8490299 0.40528658
0.71599925 0.35952052 0.16343492 0.8427578 0.49704152 0.43524998 0.40684178 0.8040479 0.14058194 0.95298594 0.72868603 0.11690262 0.8235142 0.9274433 0.10605411 0.5685113 0.9027172 0.60678744 0.4627209 0.8322767
0.27214321 0.5749311 0.24883181 0.5112262 0.9712216 0.52632487 0.5001651 0.8634645 0.22115056 0.799535 0.82824856 0.7920166 0.293848 0.6965303 0.4817301 0.66573817 0.9157728 0.7262841 0.6390442 1.1197869
1.1232954 0.6849178 0.6214646 0.6546759 1.1640135 0.3419312 0.5231174 0.37700883 0.94584244 0.5506801 0.5492183 0.90823287 0.29028 0.26383027 0.5196857 0.9514918 0.27758563 1.1254696 0.5623598 0.26682252
0.102578014 0.43803757 0.14635214 -0.08273836 0.760208 0.5989032 0.5647485 0.6884267 0.5443673 0.16687746 0.6623881 0.63754046 0.70936614 0.012012082 0.1358836 0.47717005 0.41286442 -0.0005846635 0.5085522 -0.073568135
0.0936813 0.69213504 0.9948744 0.116701975 0.30778116 0.58415914 0.9885068 0.44469276 0.32172412 0.37248072 0.28077623 0.6852233 0.29291335 0.98384833 0.68725973 0.8813986 0.85342276 0.9324415 0.7909896 0.09000538
0.06745346 0.28648788 -0.039055955 0.31955293 0.3806985 0.67325103 0.28653267 0.19011196 0.24602869 0.37763336 0.095438614 0.8028868 -0.09353526 0.051519293 0.47801954 0.35147485 0.29898578 0.02695022 0.5653321 0.47283366
0.8488282 1.0271764 0.37289447 0.4451825 0.33441722 0.28309807 0.12766866 0.55345386 0.18814725 0.41712454 0.23233081 0.25627193 0.5222838 1.1040001 0.38236952 0.767353 0.5278936 0.5942506 0.34112716 0.6788952
0.23265626 0.97114223 0.2502288 0.3822323 0.13370575 0.8214727 0.55070895 0.5922253 0.6352036 0.5239246 0.8843947 0.15148531 0.3154724 0.27957505 0.5720857 0.66691065 0.5145542 0.60040665 0.2463393 0.86360365
0.8501069 0.31883767 0.14891309 0.45105398 0.44940493 0.7838811 0.7564358 0.535059 0.4522797 0.9550037 0.79353625 0.2860144 0.9419432 0.43374157 0.9072944 0.3272006 0.08579819 0.8895354 0.777767 0.33724988
1.0178853 0.86286336 0.22818524 0.5880488 0.77796274 0.6038053 0.32267186 0.10681377 0.57600576 0.54800296 0.46771476 1.0220189 0.2075636 0.72065634 0.8255699 0.23870075 0.39806902 0.7927308 0.86584926 0.21494196
0.9596536 0.9737021 0.22352679 0.5062844 0.6176758 0.6900966 0.96498066 1.0980167 0.3649082 0.93252563 0.3217291 1.0276332 0.82498986 0.37725133 0.30814883 0.49090037 0.80465513 0.6528341 0.42360523 0.2864353
0.098227605 0.93452513 0.14821267 0.65515697 0.44029263 0.8490243 0.53902197 0.7332097 0.530257 0.38187927 0.680211 0.8693825 0.5723324 0.4769537 0.2591309 0.75455856 0.38723737 0.84945726 0.79203284 0.6081933
0.27471733 0.59181243 0.15211079 0.42835623 0.51055676 0.11571911 0.87327677 0.59890145 0.84250677 0.58192116 0.69356036 0.23867933 0.6371636 0.77776337 0.3340233 0.7485577 0.30835158 0.32981083 0.8104593 0.44081795
