0.47083363 0.82712525 0.8405888 0.5825703 0.20333031 0.17600468 0.51718396 0.7501223 0.49456027 0.5273658 0.8956478 0.78245234 0.64103144 0.038641274 0.9344291 0.91518587 0.65090173 0.14955957 0.8216853 0.10726179
0.095033504 0.5708053 0.35876498 0.6216246 0.395911 0.29614937 0.10659728 -0.26488483 0.13198999 0.029858572 -0.12224759 0.63070637 -0.27032888 0.43498823 -0.25423396 0.54067534 0.313841 0.5030925 0.26420543 0.20278688
0.28542635 -0.120837905 0.6633004 0.5230736 0.72425413 -0.03163869 0.56392986 0.39336333 0.39878455 0.31882083 0.22579443 -0.034372583 0.5483239 0.07234669 0.27397898 0.20137195 -0.050875396 0.5039295 -0.19437438 0.6952576
0.7752294 0.25362334 0.8196763 0.6084525 0.80154437 0.4300426 0.5998901 0.12324602 0.1978728 0.5441162 0.5721232 0.23414187 0.17526767 0.55384254 0.7799082 0.084652536 0.32286355 0.79403293 0.4377804 0.7924021
0.6082965 0.23788767 0.11275125 0.6958477 0.32493958 0.8183587 0.115433626 0.6139688 0.48044598 0.269068 0.17143072 0.42517075 0.48001277 0.07829697 0.51695377 0.18620527 0.96789813 1.0046846 0.3896808 0.25019607
0.4065372 0.4570265 0.37449226 0.63263404 0.5956945 0.6727573 0.1111121 0.28600106 0.24342074 0.21351364 0.119716875 0.025328496 0.53667206 0.017243367 0.34184447 -0.061274823 0.49896756 -0.20860183 0.18438077 0.4137649
0.27496946 -0.06642969 0.6917902 0.45831716 0.63640314 0.8411308 0.51736385 0.17138712 0.0600991 0.41784132 0.2769037 0.6157544 0.7867466 0.39511034 0.32094646 0.13291863 0.6197178 0.5722553 0.6403106 0.017603133
0.00020031958 0.20754752 0.63972175 0.7942909 0.3015038 0.48249653 0.32864854 0.67240614 0.03166504 0.3793323 0.7032397 0.40208814 0.101910114 0.7271388 0.68153 0.76923627 0.69042695 0.029050456 0.5496559 0.22665524
0.61208916 0.19101769 0.83660275 0.4991622 0.065906405 0.27771476 0.31065288 0.6304344 0.3297244 0.30077675 0.63346773 0.7385065 0.05597663 0.026555128 0.8742706 0.6717384 0.43310785 0.8351556 0.7751657 0.8575073
0.65393937 0.0345292 0.53919715 0.69856405 0.3118843 0.2597645 0.73686594 0.42460704 0.4884277 0.5196847 0.5356961 -0.1193622 -0.012212125 0.5425083 0.72954065 0.6753202 0.7307744 0.23874845 0.40581515 0.4167774
0.61989546 0.1568608 0.5456411 0.48460317 0.40666723 0.3501911 0.23208438 0.18263252 0.75375706 0.6485481 0.761074 0.44984403 0.176262 0.84975785 0.81769174 0.55859476 0.49370357 0.17731255 0.75271547 0.53446084
0.50721604 -0.0059839534 0.49411422 0.4866859 0.8847876 0.5564552 0.9086165 0.049407925 0.42181867 0.05482787 0.79837257 0.21424972 0.6054352 0.8472328 0.6824882 0.16252942 0.56729066 0.85218984 0.61695445 0.42077044
0.10190432 0.69829553 0.4252224 0.5657264 0.4767845 0.41345054 0.8475326 0.029488195 0.06825565 0.406384 0.016839923 0.4270858 0.85930884 0.42186728 0.19781825 0.5602138 0.50426376 0.56344146 0.8176932 0.27017412
0.2697331 0.15684962 0.7414534 0.1457906 0.07364913 0.6913789 0.64547855 0.61060005 0.7449731 0.98369783 0.6929166 0.1628297 0.64051 0.117202155 0.36114222 0.47751984 0.27083033 0.2973579 0.3449535 0.08563691
0.41699836 0.881906 0.08574835 -0.047688607 0.8243802 0.22345592 0.7410467 0.11751328 0.06673599 0.78038687 0.11454642 0.78957903 -0.014255714 0.8514768 0.39082924 0.6782929 0.11701382 0.8519185 0.3964643 0.51089793
0.26875424 0.25588524 0.74616325 0.10197661 0.62103283 0.58159345 0.57602024 0.9551328 0.8791119 0.6672687 0.76827264 0.071793444 0.063155875 0.008419116 0.30249998 0.84768695 0.088769004 0.25638267 0.1529706 0.49340537
0.760856 0.564497 0.09549111 0.86266756 0.09351698 0.9202514 0.5394556 0.86967206 0.22743818 0.5676847 0.14710897 0.62214035 0.72002435 0.55587846 0.33599165 0.83113724 0.78609073 0.025265167 0.3091165 0.21089211
0.456369 0.23410442 0.47502095 0.7527818 0.588873 0.17439811 0.59787935 0.9201803 0.3365506 1.0416601 0.49616858 0.5216938 1.0049492 0.9196218 0.3950668 0.94584686 0.7088944 0.23362927 0.22687764 0.45654225
0.032250617 0.49079996 0.61586833 0.2762944 0.33506167 0.33686665 0.84167916 0.8160184 0.74699944 0.6118059 0.21019654 0.6930823 0.33690345 -0.027245548 0.7571856 0.2884335 0.9054266 0.4451841 0.7444415 0.4735618
0.71999174 0.6215133 0.52266645 0.7065628 0.19285703 -0.031104734 0.32837585 -0.068664014 0.29517055 0.7281302 0.66333395 0.7807895 0.025169633 0.6375337 0.5430636 0.72914124 0.3477778 0.6525086 0.05345372 0.35985032
1.0645262 0.48849022 0.3886941 0.7781107 0.55484015 0.417787 0.9640384 0.31309593 0.61293864 0.23525912 0.2394531 0.3714223 0.85815173 0.44019032 0.41187936 0.41332868 0.21284209 0.8887018 0.62070996 1.055839
0.73916924 0.67099524 0.27578175 0.39691356 0.90773976 0.94987845 0.36460274 0.1632093 0.47052017 0.7704499 0.15828292 0.82269573 0.18695427 0.9762592 0.40201464 0.91883236 0.41143206 0.7156605 0.1255522 0.8629206
0.069446705 0.79614365 0.24556683 0.7552735 0.53719354 0.9887284 0.51609945 0.1924182 0.9290905 0.05212216 0.49696323 0.34538102 0.83795685 0.1625592 0.6953535 0.7101656 0.4802557 0.7696292 0.14102302 0.4821291
0.62795866 0.25508225 0.7681514 0.263101 0.24114934 0.95878804 0.12856008 0.7682128 0.5873143 0.7942986 0.4833032 0.550959 0.5525883 0.5083876 0.77635443 0.81794775 0.90562105 0.06388314 0.41188195 0.86142385
0.6962138 0.76662827 0.27322942 0.20445801 0.5906681 1.0548217 0.3021554 0.8292362 0.99916846 0.6507395 1.0799961 0.5016232 0.25466713 0.70080805 0.52856255 0.30644745 0.29062608 0.29100874 0.84429955 0.4551824
