0.37118047 0.22473301 0.64502275 0.6641646 0.56432855 0.7184054 0.2063363 0.25043166 0.7570623 0.7899914 0.34951952 0.036737688 0.21317193 0.0039797206 0.6561947 0.8768374 0.16837202 0.1632522 0.32512993 0.72646177
0.78319377 0.6617549 0.62838566 0.618402 0.55224735 0.8578755 0.32119444 0.57179093 0.4523573 0.36786735 0.20607336 0.7126981 0.79327965 0.31934586 0.48550016 0.55230093 0.07346799 0.06396401 0.46877623 0.5900429
0.6476101 0.27313724 0.1801558 0.29230228 0.5448987 0.33888218 0.21516371 0.431378 1.0368706 0.5408985 0.8733281 0.17677061 0.5609687 0.90467787 0.5355065 0.2614444 1.0410817 0.13712025 0.75299996 0.5287687
0.21787593 0.099217325 0.7703632 0.50547755 0.5507621 0.32791284 0.5610281 0.61879003 0.5506438 0.18411054 0.43985316 0.62805915 0.871472 0.42679513 0.47635677 0.9134624 0.8739133 0.75599426 0.3745234 0.100767955
0.15723799 0.14826031 0.649752 0.9480774 0.6650606 0.160707 0.9377845 0.35437655 0.42717656 0.78262305 0.8437663 0.88208026 0.27445936 0.8682874 0.2604403 0.5342192 0.38790417 0.893534 0.6078815 0.84704375
0.9728754 0.5877762 0.1256952 0.565638 0.86460394 0.527706 0.98793185 0.62646925 0.7207413 0.19816683 0.41536772 0.15353565 0.08424568 0.14465907 0.5102853 0.36700067 0.20591551 0.51989436 0.79022574 0.7885491
0.8021739 0.70899403 0.96681875 0.7476694 0.43167245 0.2667263 0.7328218 0.8023833 0.6839642 0.22339602 0.8837226 0.3087178 0.5140878 0.15420383 0.8116683 0.24590978 0.57286364 0.38196984 0.92863333 0.46211818
0.7169078 0.7173835 -0.10904989 0.39958945 0.12443524 0.6875146 0.017849403 0.70424056 0.1332405 0.5335745 0.7204479 0.31198063 0.5523624 0.4326694 0.38348752 0.6297923 0.24403502 0.4632149 0.5544922 0.47743073
0.14855495 0.7342363 0.09647295 0.6266609 0.5234107 0.31573814 0.3763132 0.82766956 0.39161956 0.98341507 0.9330106 0.74036914 0.9701214 0.30224016 0.5462901 0.7317853 0.73800313 0.33480325 0.2033967 0.84127337
0.41544208 0.4380062 0.63737875 0.5332013 0.98765033 0.5189137 0.3107923 0.40770668 0.67746675 0.59522825 0.5156246 0.57812977 1.1396018 0.68178684 0.4688647 1.0953747 0.45414814 0.4515355 1.1206375 0.62354445
1.0306063 0.7032986 0.22935382 1.0181351 0.60733634 0.90111244 0.56245583 0.93348575 0.08795439 0.43664512 0.715076 0.077773854 0.8343865 0.73283756 0.6481503 0.22864231 0.19241972 0.64170027 0.76404923 0.17100845
0.76793355 0.72030777 0.36882406 -0.12802541 0.08015743 0.71016276 0.18314858 0.07659802 0.63058054 0.099467106 0.7324162 0.23326176 0.38863075 -0.09635281 0.28611994 0.46848926 0.1447753 0.5388642 0.4104788 0.7304064
0.34948695 0.14750361 0.67958564 0.9790207 0.958454 0.8429247 0.04245509 0.62788963 0.110060014 0.7092345 0.91777873 0.13925709 0.24480851 0.6319937 0.45616332 0.8982061 0.6190411 0.07208076 0.45799118 0.18854055
0.4964196 0.79964966 0.94708264 0.72482806 0.5374848 0.49525303 0.21334559 0.85314465 0.8315085 0.6771484 0.97240716 0.11893539 0.516688 0.59016174 0.39045978 0.44131115 0.29085732 0.948565 0.404218 0.049715724
0.59125584 0.28696156 0.6701555 0.70680606 0.5287067 0.74826497 0.56743056 0.7138221 0.021225581 0.10782961 0.57203996 -0.16058873 0.62755316 0.132175 0.27292773 0.5730233 0.25629464 0.1539624 0.62451273 0.6082267
0.8351234 0.2651073 0.6955542 0.92101735 0.47901684 0.54505134 0.22679205 1.1049827 0.61472154 0.17589103 0.30410686 0.44662818 0.43682554 0.6782638 0.36662325 0.4290992 0.27603596 0.42114148 0.5866959 0.28909862
0.95092237 0.5049166 0.44690576 0.78482693 0.13024125 0.9642112 0.5632699 0.4070072 0.19311345 0.5896577 0.18373568 0.8510168 0.32339317 0.9086136 0.47623277 0.36012876 0.6632829 0.6813729 0.91299 0.4829413
0.8165225 0.98465943 0.77747494 0.10282259 0.20393436 0.74446875 0.4829879 0.9923635 0.8134971 0.3679445 0.3723522 0.048989862 0.6638119 0.77890885 0.63622224 0.6667309 0.26280743 0.608899 0.71550894 0.45350194
0.44233945 0.29898962 0.9070887 0.754558 0.32184607 0.1606883 0.51115656 0.73553336 0.28427586 0.99709505 0.977179 0.39972457 0.52582175 0.37323022 0.7575071 0.47638735 1.0421666 0.5621279 0.14682557 0.82198095
0.8826077 1.0358914 0.6179615 0.7991869 0.3216512 0.8023787 0.79391307 0.7493212 0.22337584 0.17892659 0.9199708 0.510512 0.9277884 0.14528091 0.8199382 0.58183634 0.5581008 0.45252568 0.46468005 0.9037068
0.2171748 0.64291984 0.82353866 0.59967214 0.9109628 0.11494427 0.056667373 0.9098651 0.29358822 0.31836155 0.6378737 0.65865296 0.80006593 0.13383505 0.5298585 0.45411602 0.66954964 0.7466915 0.14168373 0.29252774
0.860568 0.8328212 0.3648444 0.24230608 0.67490345 0.936932 0.6868287 0.62820864 0.48677725 0.66087925 0.9578192 0.5886185 0.92773676 0.91361326 0.7845198 0.49058628 0.23339981 0.5236593 0.8732167 0.11658045
0.6957685 0.2183532 0.11271737 0.8122712 0.23252334 0.67299163 0.37389344 0.5410163 0.6142847 0.8152644 0.02904 0.78922784 0.28505552 0.8317928 0.87434095 0.083258495 -0.009395832 0.6849954 -0.015752602 0.13029964
0.29512113 0.16075923 0.6362497 0.8928085 0.8940369 0.7465059 0.63833135 0.22270884 0.103830144 0.032497082 0.7781887 0.55696464 0.24800937 0.7307068 0.86248183 0.3870099 0.65475136 -0.02082489 0.6655464 0.65184134
0.56040126 0.93897396 0.23948896 0.6367423 0.98474175 0.30367538 0.47837448 0.6424738 0.5881789 0.5625409 0.671484 0.8538317 0.36513048 0.60997343 0.3664757 0.92878425 0.15328805 0.24817634 0.50032777 0.79698056
