0.98923266 1.0524844 0.44286197 0.8357241 0.87864316 0.46221086 0.829887 0.35917073 0.9004911 0.18065609 0.12369245 0.7218869 0.54268056 0.15642151 0.26205704 0.5387012 0.57574993 0.2396738 0.29957274 0.95634925
1.1472582 0.29230675 0.24426968 0.38870263 0.26300818 0.27755502 1.142923 0.89244604 0.40786317 0.39847285 1.1300629 1.0998679 0.65976286 0.30128065 0.28956303 0.37483767 0.7233653 0.26924342 0.57919526 0.69544667
1.046032 0.4657862 0.2627209 0.6181828 0.72264147 0.6701226 0.45393634 0.8832139 0.8374043 0.10428218 0.70723635 0.86069953 0.3668413 0.13569565 0.38572213 0.41743356 0.6723077 0.7310522 0.39767966 0.75553936
0.15059187 0.20674153 0.32214364 0.39588195 0.8644448 0.88873905 0.37525585 0.76120293 0.414222 0.2923972 0.2289607 0.87323713 0.31951907 0.28054592 0.39126495 0.16948909 0.6224383 0.6822133 0.4237112 0.14599116
0.16519384 1.0367925 0.80262023 0.76328677 0.6954936 0.31701833 0.8091641 0.37711126 0.8829458 0.45885876 0.57125014 0.61756665 0.22857182 0.46480855 0.97298354 0.3316979 0.6486751 0.25681663 0.20192559 0.71076214
0.22710681 0.99627346 0.36258 0.75461906 0.9266993 0.4736311 0.91895336 0.69620454 0.26992494 0.65024537 0.32239586 0.69766283 0.2754982 0.24834648 0.47858247 0.21126564 0.5194164 1.0045747 0.93297434 0.48323405
0.11271379 0.620046 0.8578915 0.24950027 0.7523337 0.40727997 0.11353427 0.09297365 0.82697576 0.5534429 0.5807721 0.76339716 0.24036446 0.2591417 0.47821864 1.0274429 0.75668025 0.554187 0.07172601 0.86052597
0.61977255 0.27178437 0.7284416 0.2717951 0.6521276 0.79083556 0.74028647 0.21107037 0.09373087 -0.04885865 0.26236457 -0.09429446 0.59314936 0.50657415 0.71494085 0.3183861 0.62532544 0.3450179 0.50453115 0.5850574
0.22997591 0.12771131 0.6550475 0.90300596 0.8068778 0.3810137 0.35789382 0.37872174 0.11640257 0.524697 0.4503642 0.30200756 0.6688661 0.7738637 0.40005878 0.5494252 0.3525172 0.4807776 0.8447501 0.79477316
0.33223808 0.400761 0.28844222 0.6011881 0.63883185 0.5266966 0.8487441 0.19616835 0.010359288 0.6107575 0.1404179 0.44874302 0.73007536 0.35914674 0.23554708 0.50994784 0.62023336 0.5683449 0.41391045 0.15948898
0.15720451 0.8527225 0.8488384 0.9600142 0.23887819 0.15411982 0.8261784 0.31207654 0.5065686 0.24041583 0.29035446 0.9009542 0.1464022 0.31979856 0.70645285 0.61387634 0.94587344 0.7810424 0.80887306 0.67631716
0.104440525 0.46014664 0.13621998 0.23327778 0.036305834 0.6221425 0.8629048 0.7930384 0.7879937 0.5758669 0.87959266 0.611054 0.033613145 -0.050129093 0.32516986 0.33806777 0.5932817 0.57589656 0.5931036 0.4303253
0.22346374 0.94629186 0.06296148 0.450665 0.67116857 0.5031533 0.7959978 0.20790356 0.90987575 0.38110632 0.7345314 0.57990646 0.5441747 0.16466272 0.5296881 0.47737148 0.6038914 0.26620048 0.44452775 0.6559011
1.0887811 0.34994143 0.6700468 0.48340145 0.9402369 0.3672281 0.65890104 0.6490114 0.7627768 0.245862 0.89268047 0.3244471 0.7229739 0.9917641 0.47783035 0.3470371 1.0524085 0.78226346 0.62751323 0.2419291
0.9056651 0.32185218 0.24396956 0.83205926 0.22485793 0.28925774 0.60523176 0.5882545 0.6098787 0.5918616 0.13103035 0.73721814 0.52079487 0.7255784 0.7570257 0.76046145 0.78109074 0.8858629 0.8147292 0.27112404
0.75840575 1.032629 0.23122999 0.24644472 0.42183298 0.44289055 0.31148344 0.2524235 0.5359264 0.44658867 0.69801563 0.4307812 1.1083134 0.2272929 0.8217602 0.51724696 0.5092668 0.7496931 0.66077226 0.93279415
0.21641374 0.1373479 0.48563284 0.30529112 0.93036425 0.9263974 0.10399606 0.77750397 0.4947354 0.90850776 0.4224562 0.77011603 1.0263499 0.70060813 0.29402637 0.7440641 1.0185423 0.15770262 0.6675234 0.5652785
0.4707019 0.9700475 0.19051589 0.7836367 0.22966509 0.1325144 0.13198589 0.5919196 0.8397675 0.49664807 0.4330154 0.5083939 0.44642314 0.39487234 0.633 0.30442756 0.7655087 0.78588635 0.77749974 0.32773802
0.4523508 0.66209733 0.20525254 0.8036948 0.80630994 0.6002004 0.5765725 0.36307907 0.2850089 0.6928499 0.27027282 0.9493567 0.66869044 1.0073733 0.3716405 0.21911223 0.8159067 0.72308296 0.7097057 0.43835023
0.36372706 0.6539741 0.46368092 1.2356755 0.8126189 0.39952818 0.53259057 0.579123 0.6803297 0.81621844 0.47545272 0.5521488 0.5963095 0.78698677 0.51523584 0.83327806 0.6571335 0.37250993 1.0846384 0.32008746
0.69833934 0.258557 0.5925768 0.83352184 0.13968948 0.4191997 0.76093835 0.78428495 0.65967673 0.7346351 0.9041355 1.0050205 0.3347729 0.46595538 0.8019979 0.36393905 0.49587178 0.52782595 0.40500513 0.44227928
0.6653705 0.16610007 0.8610531 0.9675951 0.6366514 0.47416955 0.27844438 0.8588517 0.17536476 0.31389013 0.43427846 0.6222077 0.22960457 0.1012134 0.13110743 0.9515467 0.17681971 0.5995718 0.5859014 0.8248563
0.8512399 0.05588385 0.26059455 0.8991541 0.63771117 0.8357226 0.26574212 0.24856873 0.7897292 0.36598557 0.81673396 0.8061634 0.6607681 0.77162045 0.3856942 0.6366367 0.43582124 0.7016104 0.66942203 0.28553963
0.5136223 0.7351892 0.6048164 0.7050841 0.34417 0.43139163 0.21714967 0.8640052 0.32127213 0.30985802 0.60947186 0.71112025 0.23150209 0.8944498 0.4306939 0.30010387 0.9938917 0.968902 0.68202806 0.6844838
0.24544495 0.27339822 0.14361483 0.41549012 0.8032249 0.55909413 0.6780659 0.6101866 0.73889863 0.37909815 0.14244702 0.75255096 0.39416525 0.22785887 0.82204586 0.76214814 0.3164667 0.54798824 0.54907554 0.8375186
