0.5143071 0.7788957 0.30915847 0.07703945 0.027752398 0.8248214 0.12322375 0.69511247 0.71143305 0.59033316 0.5049396 0.75589025 0.8106073 0.6271673 0.7110671 0.81786025 0.6907037 0.5643722 0.40653327 0.7375331
0.38276786 0.45127216 0.5905148 0.8335409 0.5193647 0.20604326 0.6179385 0.7417956 0.75799084 0.07933896 0.328425 0.44291142 0.11121742 0.83840215 0.81730956 0.17132306 0.69795775 0.15928751 0.7805663 0.43376172
0.62002146 0.4633268 0.63085645 0.23137197 0.95346177 0.23637722 0.65400773 0.28957966 0.59828705 0.24178006 1.0778211 1.0376937 0.3806545 0.15781868 0.6128974 0.21598409 0.41560033 0.25161454 0.68314475 0.2845453
0.5210613 0.32253826 0.5665772 0.6255333 0.7469586 0.67451376 0.37653372 0.87073666 0.77350825 0.98974174 0.43910974 0.33044934 1.0056629 0.29712966 0.16054116 0.5539432 0.7527935 0.4641862 0.86225533 0.18430255
0.7323111 0.965965 0.9542535 1.1231964 0.93197346 0.19049631 0.9383659 0.4184786 0.6603742 0.38283584 0.17205179 0.49066636 0.275162 0.4720626 0.44343904 0.23779765 1.0406421 0.22828919 0.5695877 0.2295199
0.19362104 0.820373 0.8452227 0.61798275 0.12026649 1.0391409 0.18402973 0.32338703 0.62269217 0.6067394 0.61306477 0.8894028 0.18085317 0.48954996 1.0173398 0.7646175 0.17934848 0.8953681 0.18401653 0.81706846
0.5254804 1.0080446 0.35371467 0.5174266 0.6468881 0.37650704 1.0353395 0.5175777 0.40722698 0.9768057 0.12626505 0.18116836 0.46818042 0.6384706 0.20501742 0.28007767 1.0710679 0.61377496 0.38481376 0.9867662
0.69195414 0.24160123 0.24694492 0.7421781 0.9743803 0.38427755 0.64450395 0.9181487 0.62379503 0.8453414 0.4784298 0.7377199 0.38843104 0.79028094 0.8898712 0.36187705 0.27160102 0.39320484 0.504414 0.32635942
0.9345692 0.8400611 0.022391718 0.27532002 0.91495293 0.50073403 0.3684587 0.042328507 0.57278836 0.74851817 0.5557066 0.03609912 0.25662377 0.6376797 0.37234986 0.43043834 0.75874996 0.79313296 0.94668144 0.19640672
0.5607602 0.3713049 0.9869932 0.28374463 0.8771117 0.7259752 0.5021444 0.3205456 0.55481184 0.5801159 0.9527956 0.3746041 1.115547 1.1557969 0.9844942 0.5116512 0.34301865 0.5796191 0.57250416 0.50043684
0.66528076 0.20555897 0.9394737 0.109761156 0.5138802 0.06275673 0.7592774 0.239788 0.43517146 0.10206167 0.7084288 0.35129052 0.8715062 0.9614997 0.96231705 0.8218096 0.682771 0.96646637 0.6251966 0.45451295
0.049567174 0.8568147 0.1426156 0.24837658 0.2714701 0.80544156 0.825833 0.76049066 0.43089825 0.52994835 -0.03137832 0.110919714 0.52915835 0.48871043 -0.0517499 0.5292365 0.54027 0.31091627 0.4973963 0.8367807
0.79162204 0.38722906 0.42171207 0.7032861 0.20091425 0.22674099 0.5219487 0.5585707 0.90515584 0.20931575 0.8792022 0.45161703 0.9175943 0.62604123 0.12823945 0.93490523 0.5924143 0.47257397 0.11556856 0.06372056
0.43334705 0.80733454 0.90960056 0.44770277 0.420607 0.6573996 0.6443672 0.5067711 0.8216644 0.83754206 0.590849 0.2885159 0.8949513 0.5945099 0.466557 0.2618311 0.29462913 0.55422616 0.62429184 0.57225823
0.9578662 0.5033722 0.5818329 0.5454437 0.61093 0.73093456 0.25860378 0.3650898 0.24210136 0.119027555 0.3616428 0.5288769 0.14864369 0.8206265 0.46959612 0.9487622 0.08088913 0.07381159 0.9682003 0.70736736
0.2606148 0.8217178 0.27049989 0.447985 0.24867335 0.11253628 0.02729381 0.6692087 0.8302696 0.7940637 0.13116106 0.20444547 0.24702278 0.12177106 0.6149346 0.7142402 0.523397 0.3189989 0.8713291 0.5942525
0.17776719 0.7773754 1.0080663 0.7249395 0.2545103 0.7236894 1.0899261 0.48993194 0.44542903 0.2705661 0.13810085 0.55820286 0.37434223 0.18937902 0.78696764 0.9507914 0.8690258 1.0161852 0.18824846 0.6465617
0.8395938 0.981034 0.958238 0.6972009 0.4786404 0.48635498 0.3447471 0.8266787 0.76350653 0.99633443 0.5153013 0.2650515 0.88145816 0.62361604 0.073205255 0.76382405 0.29658344 0.20735356 0.13524324 0.16965257
0.45883358 0.347655 0.87144053 0.33105415 0.39803633 0.5201268 0.94020283 0.93542534 0.65509003 0.6797714 0.14712793 0.47705522 0.66245466 0.085163444 0.96191597 0.8943993 0.9740855 0.4476238 0.5191468 0.19282289
0.033582103 0.46700612 0.4339808 0.6688673 0.43452787 0.40449873 0.18323486 0.12283961 0.4398132 0.29046214 0.46112832 0.21136102 0.060652323 0.3148165 0.7724969 0.48893106 0.0063381395 0.86185175 0.06734344 0.51246667
0.4875532 0.29847783 0.55055034 0.4291243 0.26057643 0.5282252 0.75685835 0.50678265 0.264539 0.05743822 -0.07064198 0.28325477 0.8057271 0.65026546 0.011572103 0.8269137 0.2507021 0.5320874 0.23737982 0.8708854
0.33414957 0.8828285 0.9840296 0.6920131 0.0962085 0.32911068 0.29574302 0.7158992 1.0025442 0.8815008 0.5853325 0.94505256 0.13115807 0.62858874 0.85171044 0.5026874 0.52479774 0.4496683 0.13072747 0.6564623
0.011104934 0.76538926 0.18652412 0.17473075 0.70269173 -0.14983623 0.23861158 0.63026506 0.3368765 -0.05311121 0.0839982 -0.03346397 0.46708763 -0.002444808 0.4779898 0.039068203 0.78028923 0.620853 0.60748696 -0.1252997
0.5451283 0.16558495 1.0438621 0.30775192 0.16070122 0.7652546 0.4194514 1.0066055 0.7208516 0.8528785 0.16956566 0.95147306 0.12984118 1.0193461 0.26315805 0.17957991 0.7246792 0.8020492 0.6883672 0.6502839
0.4556192 0.2638318 0.8280473 0.41934904 0.55183554 0.87054294 0.5109397 0.20412906 0.44511643 0.70206 0.65591216 0.6037093 0.82871497 0.8410083 0.74787736 0.23146111 0.229548 0.27549538 0.7361401 1.0307081
