0.55637664 0.14811507 0.2785552 0.13334784 0.073583275 0.3064192 0.17121711 0.64921856 0.19749746 0.3886643 0.90561706 0.6918819 0.75576955 0.23156582 0.6986093 0.52287346 0.087399736 0.8307002 0.228696 0.88420105
0.971006 0.555014 0.66703117 0.40612823 0.47299963 0.573399 0.796764 0.32039475 0.12336985 0.5265811 0.9649664 0.69600713 0.72949475 0.30136746 0.714916 0.81390893 0.81921095 0.2522906 0.46795875 0.18405952
0.33405414 0.95156276 0.48931584 0.46916 0.22494848 0.8423364 0.5279466 0.43394092 0.3269776 0.43875638 0.6065713 1.0004125 0.61666787 0.58249205 0.26156977 0.46287036 0.3543465 0.8699778 0.23448786 0.10139395
0.81369305 0.36272112 0.06389611 0.64885896 0.5938022 0.98818135 0.16285476 0.47259283 0.756282 0.43756616 0.56259936 0.3551913 0.06440417 0.48217058 0.52652967 0.31278494 0.51001114 0.5366485 0.6439118 0.81698716
0.21640962 0.5079906 0.48155913 0.7840505 1.0661639 0.58087176 0.19092035 0.27487215 0.720922 0.43593127 1.0013986 1.042472 0.61852014 0.3494179 0.6921379 0.7159272 0.6014783 0.14739534 0.2800806 0.72199726
0.25435296 0.9996158 0.43001905 1.1186025 1.036012 0.51783746 0.6393123 0.3130869 0.7243994 0.26592377 0.8396528 0.3739137 0.31133935 0.6229759 0.24424505 0.35600215 0.8328133 0.614931 0.2760082 0.6274626
0.359701 0.5461506 0.61389345 0.57534623 1.1294045 0.9654556 0.48006004 0.75850177 0.78768307 0.6322397 0.9303724 0.4612267 0.6365874 0.36479115 0.99592805 0.3152838 0.37867075 0.46821204 0.65643024 0.730865
0.32928878 0.9561496 0.862199 0.3299886 0.3722903 0.93796694 0.289315 0.11516015 0.3850838 0.59394217 0.72007924 0.26787752 0.44491398 0.15629436 0.49055594 0.40420806 0.8234495 0.0786146 0.40342125 0.9900679
0.6042616 1.1383407 0.27016872 0.76476985 0.39716092 1.1357307 0.7422356 0.5717602 0.7460345 0.29765302 0.3588254 0.3051956 0.6365841 0.8818118 0.19623692 0.53397655 0.7917828 1.0216098 0.55273753 0.683697
0.111528434 0.017789083 0.3289952 0.76653916 0.6654706 0.85215926 0.23870668 0.6886206 0.67024964 0.60071456 0.6676257 0.61522394 0.34234276 -0.07052379 0.58012474 0.375224 0.59793764 0.23212358 0.17717324 0.29646376
0.3011848 0.07299177 0.5756494 1.0139059 0.60274637 0.08047507 0.462856 0.82944024 0.33695388 0.3806486 0.52312464 0.9897165 0.9959869 0.50118387 0.78933364 0.8997416 0.47624055 0.5166111 0.9049623 0.08778878
0.44753468 0.13939726 0.12655282 0.8368745 0.67692274 0.73307157 0.8748116 0.13676393 0.9481274 0.98856163 0.6223514 0.611287 0.755635 0.523242 0.30152065 0.83403534 0.9487263 0.49669418 0.8976945 0.8352118
0.41394955 0.41150618 0.14536028 0.27750134 0.6981247 0.7465236 0.5091481 0.33146518 0.46024472 -0.076477945 0.38878232 0.5472435 0.46126223 0.22532447 0.21226305 0.7197732 0.76555985 0.08994358 0.49823934 0.8595216
1.0888397 0.1803225 0.7521265 0.4165264 0.41902402 0.5821922 1.0029782 0.90257853 0.6215817 0.32554328 1.0929013 0.22566524 0.58200336 0.6256934 0.20125139 0.26483977 0.2070921 0.5017644 0.44311485 0.94329953
0.47043487 0.6684533 0.14374655 0.2779598 0.94083184 0.68294454 0.68995374 0.16003153 0.6931481 0.09266918 0.8921073 0.813099 0.099472366 0.35926467 0.42970133 0.38225406 0.7561011 0.49601308 0.5560736 0.42568514
0.2965368 0.7710008 0.4207235 0.8493771 0.24599798 0.4456063 0.50914156 0.80019 0.5204959 0.20957719 0.19444749 0.6557389 0.7495579 0.78018165 0.24275327 0.5325926 0.52885026 0.054502398 -0.043947298 -0.03790091
0.24138924 0.9365156 0.37515944 0.4489248 0.80540794 0.84763443 0.33113733 0.5363532 0.9019651 0.83067834 1.111215 0.3412303 0.4097004 0.4938774 0.35536212 0.39697227 0.5454096 0.62441206 0.2884217 0.6791396
0.90199035 0.6289664 0.8280464 0.462114 0.38005468 1.0043999 0.081609845 0.3588807 0.4437803 0.17577107 0.26539284 0.069019265 0.5228382 0.7768917 0.6703183 0.41640407 0.85482115 0.09398052 0.42651832 0.6886042
0.21065857 0.5607095 0.7938494 0.09448338 0.5432215 0.1933202 0.8078299 0.25228202 0.03525084 0.37245235 0.2019998 0.8752465 0.399059 0.32958797 0.7339498 -0.019058472 0.8816433 0.35765308 0.35548535 0.68445444
0.5795015 0.12480572 0.48522785 0.06991856 0.06886808 0.22747944 0.38510978 0.52833474 0.36945826 0.76394063 0.8433618 0.5067758 0.68543637 0.014583621 0.7628841 0.39683023 0.31632274 0.8459943 0.28510734 0.594036
0.56913555 0.6963604 0.16801606 0.74341345 0.0955733 -0.039724536 0.45939377 0.7073285 0.22671989 0.8870806 0.536107 0.67832005 0.24137683 0.83727634 0.08047753 0.79366714 0.4238462 0.43935153 0.59606767 0.8249192
-0.07641448 0.10827399 0.045363054 0.4480765 0.69199324 0.23585585 0.27435762 0.04565934 0.7917928 -0.05320259 0.80425423 0.5500313 0.7683906 0.19576357 -0.117962785 0.07204745 0.68193424 0.7608748 0.41889673 0.65223205
0.18806466 0.9047754 0.51532257 0.12137082 0.27359077 0.7692251 0.0021165344 0.5555435 0.8565694 0.7700677 0.8875206 0.010577092 0.0013156049 0.64880836 0.16254313 0.7981176 0.43940133 0.18933299 0.55270964 0.26078695
0.4906268 0.29454526 0.59711134 0.40231162 0.5173064 0.5182904 0.48125774 0.043749694 0.7275893 -0.025448646 0.7053639 0.34619856 0.15352593 0.781448 0.21004832 0.18463993 0.6639015 -0.02220803 0.8540568 0.78280705
0.48261753 0.8898891 0.7980666 0.061866477 0.5742844 0.12927704 0.2757192 0.6844905 0.611524 0.33271965 0.31469247 0.3030771 0.93697387 0.8064496 0.13708831 0.50892556 0.9170012 0.18441181 0.9207481 0.12268808
