0.6631071 0.5277983 0.72882956 0.7295058 0.444659 0.33841026 0.26591995 0.033825856 0.018419623 0.58561456 0.5208055 0.10612824 0.1549033 0.79475194 0.7283158 0.4126636 0.8918827 0.5921463 0.82207817 0.5435832
0.5802101 0.93581855 0.23097335 0.23919937 0.50071746 0.427348 0.19403361 0.99396384 0.42320547 0.25592238 0.51439524 0.30667365 0.7727216 0.55314964 0.88147384 0.56775343 0.3436287 0.8321905 0.52159244 0.08446639
0.8043079 0.28564814 0.68203473 0.3974288 0.54929185 1.009635 0.4478224 0.70071614 0.25062034 0.80596226 0.14756353 0.28078988 0.16493262 0.9007253 0.66948384 0.086478025 0.3479029 0.8578404 0.45715135 0.2920418
0.7179214 0.093537256 0.08358232 0.14738569 0.73199874 0.29907036 0.2914591 0.47362912 0.31859568 0.65876436 0.74305505 0.6038943 0.36250982 0.10968982 0.6667564 0.89279044 0.54450804 0.58834505 0.25220466 0.05213332
0.2357737 0.48026055 0.18579686 0.69936126 0.41668484 0.16462733 0.41046202 0.3516349 0.68535143 0.4392148 0.5628784 0.43149412 0.6798009 0.21735781 0.7290133 0.062902324 0.4612064 0.28179628 0.3879074 0.9248348
0.8793949 0.6996461 0.5772661 0.6925387 0.05146509 0.6628952 0.21324898 0.7935211 0.38150743 0.6159962 0.21243769 0.7146305 0.57601345 0.8496229 0.674044 0.068102844 -0.07479227 0.13903515 0.70850474 0.69222975
0.7460957 0.28389722 0.6517195 0.34697878 0.107727066 0.35744268 0.102474935 0.88390476 0.54472417 0.80690944 0.30476463 0.760712 0.20337932 0.34890473 0.82531345 0.22104782 0.42016402 0.16172406 0.6046722 0.12876844
0.4776098 0.5803724 0.6511008 0.24873191 0.6746579 0.71999806 0.30971032 0.2658686 0.8265148 0.6087437 0.050161093 0.31440488 0.9308927 0.19873947 0.0023864796 0.3873478 0.39329004 0.77748907 0.02529913 0.16484295
0.6786218 0.96098775 0.6928705 0.6141761 0.933359 0.58507586 0.3013403 0.39691958 0.5639924 0.042463373 0.074089855 0.19995147 0.67030406 0.4389557 0.87731534 0.67218983 0.29698226 0.48076847 0.16739832 0.53117806
0.34339082 0.70700395 1.0837135 0.29345918 1.0077978 0.89024216 0.9624379 0.3897335 1.0354304 0.16337584 0.39306137 0.2295084 0.6994035 1.1061491 0.6030634 0.35978988 0.47917268 0.35859266 0.5474942 0.9637471
0.29996085 0.16997792 0.122420475 0.90187514 0.88272715 0.18633246 0.7219881 0.38833755 0.3806451 0.09675299 0.26377258 0.8287032 0.6671624 0.12249095 0.9520606 0.4531777 0.3492811 0.08780143 0.66398597 0.33779016
0.8733174 0.6354659 0.7965396 0.34743208 0.38891736 0.46512002 0.3321293 0.3959963 0.87095857 0.06259658 0.30458936 0.44908014 0.01370983 0.87432855 0.09430469 0.33893505 0.82087904 0.4585963 0.026836336 0.16485734
0.31355646 0.17468376 0.83838874 0.55029935 0.25279674 0.7411475 0.27128616 0.80825186 0.21413463 0.8812543 0.6769496 0.6056907 0.26007295 0.55516714 0.17169301 0.09822158 0.10190486 1.0394825 0.70536613 0.88154036
0.6550256 0.24697702 0.55476075 0.37066498 0.14264151 0.77519417 0.45493668 0.8943677 1.0086405 0.42866886 0.43865478 0.61335415 0.78124994 0.4587 0.13423273 0.18492758 0.5172856 0.5927914 0.14902723 0.46261993
0.103069566 0.14368878 0.37340334 0.21005501 0.8347228 0.0417138 0.41306546 0.8477328 0.5470061 0.8454658 0.86320835 0.3552872 0.57399964 0.82603335 0.60633343 0.7876223 0.53492594 0.22934581 0.6175334 0.35245886
0.569811 0.60543174 0.7677488 0.51048195 0.28638896 0.4297859 0.8040582 0.27911505 0.45041957 0.7984634 0.66032445 0.933834 0.2773086 0.61051893 0.23995498 0.02025162 0.15170428 0.7180865 0.40592787 0.74984896
0.2681019 0.6815614 0.85875833 0.37313685 0.4866023 0.37980044 0.93781316 0.42977995 0.9241856 0.5347941 0.7828716 0.3721001 0.7495529 0.9103623 0.43682733 0.448708 0.31212825 0.06255862 0.98333454 0.47447938
0.79596967 0.5301791 0.29661703 0.7620583 0.67668486 0.061168697 0.2913472 0.016562581 0.28494385 0.14953758 0.5875493 0.76136583 0.5259708 0.3600933 0.40301546 0.0028927976 0.49091727 0.83354497 0.2594222 0.5076023
0.23440965 0.8483242 0.91806364 0.70077646 0.089751184 0.5956688 0.093312375 0.5333694 0.8012097 0.8173837 0.34048498 0.86815745 0.6558595 0.7140766 0.2237123 0.68610436 0.6773389 0.56469417 0.7603167 0.21165064
0.9466621 0.88203895 0.28096834 0.16761443 0.7673465 0.4327337 0.10294538 0.027877852 0.5002772 0.05687443 0.48148197 0.5760003 0.19171663 0.6079541 0.9356358 0.6081421 0.78282326 0.7160834 0.9487082 0.23302975
0.47570276 0.4126007 0.16348644 0.5780518 0.6879657 0.9056862 0.3666539 0.122216575 1.0038679 0.10827607 0.25990516 0.891055 0.4786949 0.2180335 0.8527809 0.77971095 0.19271417 0.50046635 0.7782883 0.4048
0.84439206 0.07638404 0.3953972 0.21588054 0.09783228 0.30252 0.88330925 0.8687789 0.9753079 0.69553673 0.27239755 0.6638037 0.65353847 0.47269252 0.64551365 0.12618853 0.16396713 0.22755097 0.60887444 0.7959337
-0.010814015 0.7852966 0.76386327 0.7397111 0.1823669 0.9096794 0.8311451 0.67130977 0.26516545 0.8585776 0.6141904 0.23560008 0.7529773 0.45795816 0.46210217 0.08886938 0.39348683 0.58555955 0.27371612 0.29944548
-0.019086786 0.1058436 0.26506263 0.7918543 0.5990094 0.4049972 0.5901777 0.90533626 0.48794585 0.48547763 0.4487922 0.87415147 0.0011430633 0.15391207 0.53485495 0.80634767 0.43912345 0.37673905 0.43561557 0.09741526
0.6433244 0.8189805 0.52930796 0.60411376 0.13668871 0.35716283 0.54304653 0.22412175 0.11917375 0.37645507 0.8706989 0.24239258 0.31244963 0.97638035 0.86135495 0.95733535 0.7317483 0.29001927 0.803824 1.0465417
