1.4680141 0.60676503 1.0144204 0.7000245 0.81513923 0.66979873 0.9263513 1.5825195 0.9587263 0.9906714
0.932758 1.0873843 1.0119227 1.2315736 0.9289881 1.1311 1.1583639 0.67873174 1.3668066 1.1379106
1.0344392 1.0593121 0.99212146 1.1337237 1.0082799 1.0264505 1.1110005 0.9547182 1.2640233 0.95518756
1.0518975 1.1802008 0.9748734 0.7720945 1.2316524 0.8482724 1.1725686 1.202325 1.1129422 0.96853673
0.9685952 1.0543467 0.81533206 1.1083506 1.1252006 1.0056472 0.9585924 1.198388 1.3036897 0.9741367
1.0797287 1.1859578 1.2364588 1.0724477 1.0081036 1.1087143 1.0369089 1.0197715 0.94122016 0.90819633
1.2697335 0.8355416 1.1065509 1.0595874 1.0758567 0.88294363 1.2392081 1.2006241 0.85782367 1.1231103
0.91529036 0.99544835 0.9557192 0.8508389 1.0060835 0.8736289 0.8865913 1.26922 0.8607553 0.90740085
1.0468755 1.147134 1.1640106 0.9508773 1.0312527 1.0755521 1.1984955 1.0574424 0.9550485 0.99354774
1.0010989 1.1615856 1.1349607 0.99924105 0.95642084 1.1315395 0.97904956 1.0367594 0.9286004 1.2321066
0.95054615 1.203688 1.313089 1.0847548 1.0682687 0.9764166 1.1714333 0.83254725 1.0584964 0.98089373
1.002714 0.9996865 1.1146755 1.0915421 1.1252984 1.0990406 1.0023112 0.82062215 1.3645182 0.92154795
0.91480696 1.305167 0.8032072 1.2258786 0.77742827 0.8822898 0.62301016 0.9129069 1.5491148 0.61207587
1.050236 1.0638444 1.0548815 0.8122637 0.86204594 1.341913 0.3438411 0.51524913 0.8142093 0.6304393
0.85251975 0.9235485 1.0351222 1.0431999 0.98168695 1.1882347 1.1769032 1.2296495 1.1919187 1.0496755
1.1388167 0.9697787 1.0940537 0.95945436 0.98777753 1.0573905 1.2634041 1.1361197 0.96341544 1.0608126
1.0205317 0.9027799 1.1379794 1.2007142 0.8859662 0.90213543 1.3494788 0.9544409 1.1761329 1.0726501
1.0389947 1.0473844 1.010257 0.99154204 1.0744457 0.98561096 1.183274 1.0301744 1.2299769 0.9699508
1.3279697 0.9205379 0.8903974 0.91971344 1.0324115 1.0430743 1.1682458 1.1236008 0.9516721 1.1784673
0.97532 1.117198 1.1448945 1.0116394 1.0652008 0.89955086 0.988312 1.1466167 1.0689822 1.1951019
1.057024 1.1221454 1.1962526 0.9604425 0.89732385 1.1170204 1.1413149 0.9340695 1.1748682 1.0879176
1.2664138 0.7665062 0.49536958 0.71797985 1.075547 0.9040478 0.47003317 1.2040532 0.8519256 0.8288212
1.0101037 1.0006233 0.99410176 1.0761195 0.8757179 1.3294668 1.0424755 1.0854583 0.9042654 1.2493984
0.6866405 1.1666619 0.7678744 0.71793365 0.8925129 0.91387457 0.54317015 1.3408219 1.2959584 1.3113636
0.92689097 1.0245261 1.0105423 0.93106735 1.1559026 0.8072183 1.0604445 1.2315282 1.1689391 1.2256552
