0.5228829 0.384502 0.37444448 0.608938 0.87634563 0.30435377 0.9645608 0.7254362 0.7379829 0.4726456 0.25461006 0.8142956 0.37989202 0.1937011 1.0152483 0.84776396 0.2784117 0.57777184 0.1699057 0.9771181
0.64706814 0.41139632 0.5089265 0.76980066 0.5797562 0.13261934 0.15867883 0.09016204 0.37268218 0.8427927 0.46763158 0.86613536 0.3944892 0.9564919 0.3211175 0.18632141 0.5995565 0.1560967 0.85092056 0.7488687
0.62941456 0.9013591 0.16271915 1.0074431 0.17919317 0.87349075 0.3422147 0.7250695 0.88284284 0.3469303 0.3541641 0.72451437 0.4439722 0.35794795 0.64426935 0.24054612 0.5910902 0.8641952 0.3099125 1.0138245
0.4606459 0.5521615 1.0284214 0.6446391 0.32386547 0.59571254 0.32202145 0.6278367 0.11929723 0.9497426 0.2263774 0.16030721 0.9005381 0.16703714 0.17253356 0.22853594 0.5017728 0.6064024 0.44752613 1.087994
0.7783277 0.26812074 0.23662168 0.3047479 0.8805476 0.28890532 0.7464779 0.6422914 0.35191557 0.8825681 0.80415386 0.32460067 0.18518649 0.76923865 0.510134 0.113966815 0.7418509 0.24634284 0.28800282 0.8011131
0.7529145 0.6875908 0.111459434 0.015768027 0.45292336 0.54614115 0.35041898 0.8155704 0.8055247 0.40956885 0.33773407 0.16049485 0.23234725 0.6172719 0.44497475 0.11489082 0.6368073 0.7103393 0.56876934 0.0607171
0.820183 0.6484428 0.82366455 0.29550996 0.6285628 0.7306058 0.066252194 0.72733 0.05484414 0.7789983 0.22137468 0.8393011 0.51906717 0.48926443 0.16177686 0.7097692 0.6858422 0.7760721 0.62483525 0.93759626
0.3206435 0.73648727 0.4763237 0.896766 0.3534275 0.7789253 0.09660892 0.23094045 0.75903857 0.7101528 0.7144543 0.57752424 0.7240728 0.42615217 0.1529752 0.010463848 0.4840187 0.46049267 0.6656389 0.4997883
0.22853121 1.0096345 0.1265103 0.81405675 0.99525076 0.9201801 0.4488162 0.5622692 0.5475411 0.93718284 0.94394857 0.22830673 0.9343967 0.730428 0.5087291 0.6478495 0.14954989 0.8676919 0.3833548 0.71656823
0.06415564 0.32376203 0.20081241 0.12450266 0.39127553 0.8183441 0.61392725 0.37258106 0.29228887 0.8447237 0.6608139 0.66735834 0.530599 0.60901797 0.33880827 0.30311668 0.5131977 0.4039321 0.36763757 0.33763948
0.82436615 0.39763042 0.23453078 0.5374258 0.8636276 0.33618468 0.31707475 0.89870274 0.6997833 0.33018002 0.777996 0.63022506 0.5320964 0.6933239 0.12560767 0.25569475 0.20288196 0.34797415 0.31678158 0.77354485
0.24940258 0.7646673 0.060150508 0.83730876 0.17713076 0.8312592 0.24133265 0.9730063 0.7797465 0.19631456 0.29061052 0.28126746 0.75483745 0.25337815 0.5173572 0.26277348 0.53236556 0.071351714 0.41975242 0.29314628
0.39380282 0.84125483 0.3856163 0.29494548 0.17918082 0.54247415 0.25845414 0.70497334 0.43105233 0.491874 0.61898035 0.39645886 0.5729926 0.805109 0.2054814 0.34435666 0.7651148 0.22966011 0.9884742 0.75447524
0.9456908 0.3043752 0.23811722 0.5723394 0.92042077 0.7363947 0.63684255 0.8551734 0.13075677 0.4900027 0.93264145 0.6048156 0.32967073 0.1931401 0.26431406 0.8763314 0.8927429 0.7011997 0.883662 0.04402979
0.3902189 0.40346506 0.022940949 0.8586841 0.5812332 0.29496464 0.58576065 0.8565139 0.0020388872 0.7701388 0.48770002 0.17473713 0.59887314 0.31769562 0.42622855 0.7654465 0.5245008 0.2443077 -0.02963672 0.23436616
0.7625853 0.21019162 0.2213985 1.0440952 0.9127436 0.8923811 0.8758825 0.4450344 0.21727434 0.19413264 0.4206343 0.19830018 0.1574636 1.0610815 0.2670765 0.58779395 0.5704522 0.96427584 0.93311983 0.34907463
0.06332062 0.73616177 0.522708 0.08033715 0.5930161 0.28859833 0.84517777 0.3963142 0.3085931 0.67659914 0.50833315 0.35995284 0.4860192 0.30003697 0.33516154 0.6109371 0.22832136 0.5774269 0.67832035 0.082791686
1.023887 0.9900171 0.54561573 0.48206705 0.9175073 0.84381163 0.92567044 0.964441 0.6205592 0.9084254 0.43362522 0.31041616 0.18797389 0.20995544 0.24261393 0.31467816 0.43988907 0.15236768 0.39143634 0.71018815
0.89878726 0.2632895 0.9389689 0.4552657 0.9667508 0.20144238 0.048485667 0.6178076 0.36080703 0.18210082 0.4080486 0.2856136 0.27460152 0.18501957 0.37295794 0.85527986 0.6113173 0.99981254 0.7517997 0.547105
0.65056133 0.9060466 0.19107673 0.41826153 0.41031843 1.0005547 0.24346262 0.32411432 0.43555388 0.5260929 0.16796 0.28253573 0.5159375 0.20904985 0.103468604 0.5631983 1.008964 0.8831034 0.12329288 0.84285
0.76385605 0.519562 0.96098554 0.66515934 0.59493816 0.72484034 0.90622276 0.4268018 0.6039708 1.1432132 0.24886473 0.4484575 0.6039388 0.60852015 0.8112966 0.7363157 0.35434598 0.31745416 0.27486536 1.0017685
1.0368263 0.17078973 0.6309791 0.73730206 0.56952405 0.44853088 0.23984462 0.67573714 0.4444327 1.1002768 0.20149018 0.33221588 0.93591493 0.5817183 1.062036 0.8089196 0.41194737 0.3283445 0.20182967 0.43378028
0.21059726 0.59499514 0.6941439 0.35541186 0.8483046 0.7929662 1.0570486 0.8999937 1.0703574 1.0333675 0.32995197 0.44993272 0.22735535 0.58750165 0.321182 0.97065294 0.5216481 0.30482712 0.71920264 0.74606013
0.38850158 0.47497067 0.09000084 0.21503422 0.05547427 0.94712687 0.9353612 0.24490163 0.80470574 0.41337508 0.21748988 0.38510644 0.9753035 0.9190464 1.0066086 0.90840966 0.98916346 0.5110421 0.12814608 0.77085775
1.0537602 0.5518347 0.5343462 1.059075 0.8035758 0.931594 0.47358802 1.0164362 0.34368327 0.61655563 0.17305528 0.801121 0.8729863 0.26375377 0.50737727 0.59708726 0.72789705 0.403217 0.584746 0.3734831
