0.46009716 0.44912112 0.20524798 0.3968031 0.7985061 0.8043907 0.73340565 0.41005856 0.7332397 0.39181218 0.742332 0.18625486 0.62126267 0.35054713 0.2752581 0.2039067 0.19133802 0.21878842 0.78542113 0.8755375
0.30635914 0.41270322 0.54401064 0.63249034 0.8254985 0.7862164 0.002749441 -0.02519196 0.26255462 0.65276307 0.21329491 0.75674313 0.6950016 0.22282135 0.8559977 0.60094804 0.76436037 0.5069021 0.86222404 0.19220349
0.68664765 0.18169293 0.25826117 0.92537695 0.45495814 0.3850577 0.8610889 0.32646504 0.118961535 0.94232756 0.76085865 0.032512516 0.78989273 0.7905961 0.32453364 0.89102274 0.8572639 0.10442483 -0.0022336084 0.5276061
0.8756797 0.37979653 0.2976203 0.25094512 0.23947082 0.6999818 0.25170735 0.22809796 0.23223487 0.50026405 0.4067834 0.27078402 0.43331066 0.35473603 0.28144997 1.0527394 0.43278566 0.5327772 0.31896237 0.7746936
0.22786915 0.51349056 0.16954598 0.34828994 0.31935966 0.39589703 0.82651037 0.24794811 0.353962 0.08907292 0.78672767 -0.07498949 0.35508868 0.74990046 0.24351107 0.7329566 0.54712427 0.17691757 0.31244287 -0.047996756
0.9687047 0.4770208 0.43498674 0.7900101 0.61771476 0.4840137 0.5541712 0.3780068 0.57632744 0.617893 0.1650162 0.5171805 0.48528907 0.7428895 0.7873107 0.4273299 0.6856944 0.80243725 0.45172212 0.5118765
0.4988724 0.6857191 0.92035794 0.527842 0.24660532 0.8158166 0.8155828 0.57499564 0.006145035 0.44602194 0.9599074 0.43700668 0.6344338 0.1258507 0.1036934 0.07861216 0.9297832 0.5468893 0.61141855 0.3089497
0.53191125 0.5891092 0.4849994 0.47178608 0.19295283 0.8381043 0.73400337 0.94188285 0.5138736 0.3254234 0.34527427 0.2632017 0.03749511 0.6714796 0.8451484 0.34761235 0.15418968 0.82721704 0.7174215 0.41237232
0.6835708 0.91055566 0.54703647 0.17464554 0.3224216 1.0132644 0.14198028 0.8777846 1.0164907 0.15747458 0.36271954 1.077928 0.7810268 0.20758766 0.16143878 0.8520964 0.41073915 1.0203544 0.4146314 0.2152178
0.5552466 0.16802463 0.61097777 0.23310198 0.16192198 0.113446295 0.6256972 0.8627098 0.5711653 0.7376086 -0.014282491 0.25104618 0.40787852 0.38486907 0.06257821 0.9182006 0.26749587 0.7017781 -0.004009166 0.86138344
0.42606235 0.30870593 0.7085745 0.17136256 0.69374657 0.73690534 1.010042 0.9778485 0.783958 0.23511961 0.53114533 0.49239585 0.9617094 0.53956217 0.27401972 0.35694024 0.63212633 0.41322905 0.77928436 0.33922905
1.011486 0.28782466 0.8156643 0.9917684 0.60184497 0.6619863 0.28106347 0.103814654 0.23805527 0.40086746 0.20528215 0.72742945 0.891635 0.9741253 0.34083584 0.6470664 0.4536632 0.68406785 0.9352054 0.18166828
0.41540405 0.31612334 0.6306456 0.56192625 0.51848316 0.54974145 0.28713396 0.50361454 0.46731883 0.6987529 0.458391 0.2654702 0.6455726 0.32319576 0.2689049 0.48945957 0.8091929 0.81714433 0.5217195 0.47313416
0.7042031 0.49591568 0.3898411 1.1276327 0.71879905 0.3325005 0.37990394 0.89013535 0.33776003 0.3372637 0.71648526 0.7362185 0.80962044 0.2941789 0.85939837 1.1073097 0.65688795 0.7681025 0.37538034 0.8010912
0.3997203 0.77712214 0.54122055 0.22820216 0.14108045 0.7719487 0.24428643 0.20140234 0.21243487 0.57788646 0.32837513 0.92207575 0.48742476 0.25668243 0.40602025 0.6502659 0.580618 0.9298317 0.5026286 0.7955039
0.63761896 0.85144335 0.7118836 0.70640624 0.3631591 0.6078001 0.39752886 0.61738205 0.0984951 0.44396386 0.8030382 0.57347775 0.19036521 0.8624104 0.4217616 0.7033571 0.19069418 0.89198303 -0.03923359 0.117543034
0.6158217 0.2543595 0.49758673 0.864995 0.4363182 0.4985967 0.32666528 0.48950002 0.16485807 0.7144659 0.373584 -0.05382401 0.75393826 0.7765139 0.62626374 0.78108513 0.8133904 0.60205066 0.1664438 0.09825664
0.34247112 0.54775995 0.5063303 0.471795 0.19521202 0.57741755 0.5834588 0.503457 0.48129013 0.7187934 0.8502604 0.06528512 0.2880478 0.48606125 0.6142291 0.31498984 0.007201725 0.83772296 0.8313551 0.8940117
0.632281 0.8051354 0.191856 0.28626022 0.17256205 0.78602487 0.7666281 0.6549894 0.5471977 0.9047628 0.2426022 0.4144845 0.474865 0.738783 0.5826453 1.0275029 0.5042329 0.84798187 0.3233595 0.5578227
0.2585608 0.16301976 0.92578155 0.88483495 0.30013406 0.34360668 0.27567163 0.45118034 0.7509 0.38518557 0.12139481 0.7473442 0.40264785 0.26789403 0.66726005 0.20757389 0.7695335 0.45981836 1.0475719 0.6145717
0.9202057 0.49621668 0.5899307 0.50769466 0.3384283 0.922931 0.6925888 0.77674943 0.36024582 0.36876917 0.6749651 0.99232674 0.47775692 0.996378 0.24800183 0.58682805 0.40893805 0.33660653 1.0979753 0.86767274
0.9730648 0.16858225 0.7939694 0.5632412 0.82673657 0.22654513 0.56303394 0.58032674 0.24033241 0.5869564 0.6224685 0.8349466 0.87172574 0.882133 0.45184952 0.14267227 0.97906744 0.8019225 0.39499778 0.13333672
0.18036523 0.52143466 0.1285789 0.10320579 0.6818149 0.48049822 0.7942997 0.07323284 0.6882593 0.7947992 0.0730535 0.41174597 0.877919 0.82722634 0.3921973 0.4834997 0.82716906 0.6921651 0.34409896 0.62454456
0.5113341 0.15933867 1.0242466 0.2360925 0.84984654 0.32875863 0.27033585 0.60326993 0.14511545 0.18142848 0.36451453 0.9984746 0.9193802 0.7248477 0.32659358 0.37776107 0.97239506 1.0576212 1.0313392 0.23887272
0.9978558 0.37712824 0.2528702 0.2807008 0.28770155 0.6678126 0.36363953 0.70583194 0.61839634 0.8983329 0.87262756 0.66645175 0.9706004 0.30329636 0.5192971 0.6274839 0.8858096 0.72037375 0.94136995 0.8780694
