0.16767369 0.21351476 0.549834 0.5475065 0.6513728 0.7786289 0.32273018 0.6325582 0.61129105 0.34924918 0.97056353 0.36537957 0.7662679 0.9910942 0.88731 0.60158855 0.08508709 0.8365456 0.7730056 0.44525328
0.26544198 0.50747645 0.4343677 0.14334913 0.14811634 0.8847491 0.8045664 0.46198314 0.7450364 0.11340286 0.8834297 0.6869026 0.5322621 0.62016165 0.35089308 0.20005928 0.83573776 0.1929246 0.44090313 0.8563987
0.8781042 0.4567849 0.03926558 0.6714706 0.5297666 0.26108631 0.7615974 0.5224941 0.2981596 0.3316416 0.6067672 0.7955782 0.72807276 0.55060124 0.670211 0.33885393 0.15632558 0.6234626 0.10123104 0.6358213
0.61024237 0.38944635 0.6985893 0.7918142 0.20619616 -0.09606994 0.49099493 0.39393157 0.05776721 0.75428504 0.45906994 0.69304204 0.8510962 0.8210387 0.81163436 0.4475636 0.7290767 0.5744668 0.36105755 0.0023896357
0.48971224 0.7783204 0.35390314 0.37695673 0.1719946 0.3368163 0.011681313 0.72273874 0.7234452 0.6695386 0.39515164 0.7742701 0.17974767 0.22331072 0.5380625 0.7490443 0.6738103 0.31036708 0.7357773 0.85474735
0.89255404 0.2473706 -0.025350377 0.7071649 0.17438583 0.22217457 0.3826824 0.39874518 0.47458175 0.66188556 0.7632218 0.76820076 0.44149557 -0.033616796 0.48530906 0.099810705 0.44922692 0.36282948 0.28398615 0.7065257
0.14871976 0.52838826 0.7430693 1.047459 0.3211729 0.28582922 0.81035846 0.30595 0.12713538 0.6442176 0.20634604 0.11770942 0.10841663 1.0283756 0.63949764 0.14442572 0.9513104 0.29573154 0.89291793 0.67761385
0.6686755 0.020086052 0.50479656 0.69770586 0.63127863 0.43255877 0.9667452 0.9529525 0.9387758 0.268102 0.411644 0.14525427 0.20146373 0.6935725 0.1790789 0.604815 0.28313512 0.77886075 0.030843157 0.46451703
0.5713357 0.22659402 0.8818933 0.68304694 0.4057297 0.23886815 0.6945478 0.8966003 0.67146355 0.33241808 0.90140283 0.27578261 0.85704863 0.5453245 0.8273194 0.62178516 0.92016965 -0.02139331 0.1664028 0.7901759
0.42692858 1.0128428 0.5481483 0.26310682 0.56393856 0.39869758 0.60709107 0.5169763 0.3914686 0.5098668 1.0241818 0.8718941 0.21394898 0.16188781 0.15546563 0.859729 0.23744713 0.5412446 0.3723791 0.24361609
0.8657772 -0.016331878 0.08472426 0.68312967 0.87689483 0.28726757 0.79023254 0.6392131 0.0055360617 0.8917344 0.5296766 0.6228602 -0.015961321 0.5652863 0.41075912 0.6624824 0.22673295 0.33285218 0.93599117 0.7667799
0.26264784 0.39844808 0.3613934 0.80270326 0.15093005 0.5234989 0.8736633 0.43322426 0.12632085 0.6907057 0.83643454 0.027738992 0.6443643 0.0006939881 0.6987363 0.46217152 0.43874085 0.43268776 0.61250323 0.14443141
0.7780468 0.023999773 0.6030173 0.37099996 0.33416274 0.08652799 0.15518321 0.1944842 0.019452631 0.61377746 0.6824516 0.54978055 0.18417224 0.33534697 0.49167326 0.5009352 0.22636673 0.37744427 0.07034135 0.65925896
0.53331673 0.25799412 0.3072107 0.82528126 0.054193366 0.8627484 0.750577 0.7136148 0.904715 0.41547218 0.8984253 0.30537164 0.89124334 0.50542337 0.91197056 0.45228368 0.3794765 0.34751648 0.13519469 0.8890526
0.2642285 0.12563816 0.09516865 0.9229816 0.50264895 0.68676233 0.9140134 0.4524344 0.24628502 0.051824808 0.031133752 0.065831244 0.8533007 0.4061788 0.18695144 0.73832446 0.08332458 0.09172956 0.4915287 0.23875996
0.4721023 0.5819843 0.8572012 0.36880916 0.3340391 0.31469434 0.42629176 0.10402279 0.64328694 0.17759578 0.2562957 0.56044585 0.9131484 0.7251488 0.58481675 0.87990505 0.2500165 0.568602 0.5722992 0.33172634
0.64597553 0.62583125 0.03470465 0.50853753 0.5114813 0.07811782 0.75684756 0.9832492 0.049192596 0.66086006 0.039271157 0.24808416 0.28129596 0.05711784 0.48072302 0.62241083 0.62102044 0.6649452 0.3757981 0.39775625
0.42045817 0.59451807 0.2460243 1.0068706 0.8863219 0.72253865 0.4363693 0.7034622 0.8808556 0.2721571 0.79140794 0.4822783 0.25901368 0.31695384 0.83083934 0.7272459 0.6524878 0.9794595 0.22951819 0.22965667
0.36303362 0.5105823 0.25796232 0.7744646 0.45588607 0.079169884 0.1518197 0.882487 0.44994396 0.53392076 0.96714103 0.7434587 0.17618741 0.32516825 0.27291957 0.57073456 0.7116258 0.56398815 0.63783175 0.6445853
0.345927 -0.114077345 0.75713843 0.0022791307 0.41294178 0.458524 0.23554906 -0.07116875 0.50933385 -0.08605839 0.78210706 0.19446598 0.5238422 -0.05242838 0.23478392 0.44395787 0.21836185 -0.10819351 0.5768261 0.6372767
0.21251824 0.3938543 0.30188942 0.6072223 0.5012432 0.55695087 -0.08130932 0.8166392 0.5265506 0.80610925 0.23541796 -0.057901677 0.40885225 0.19823587 -0.05068154 0.78653675 0.7415487 0.35948604 0.7530765 0.61794347
0.4216448 0.50957984 0.98246104 0.94242656 0.2285924 0.47065935 0.65045816 0.4263538 0.21935326 0.7492193 0.38050306 0.28461087 0.2110659 0.11771301 0.8290025 0.70351726 0.28105137 0.21158873 1.0087372 0.5963442
0.45577982 0.25468045 0.5466488 0.85856885 0.9511828 0.14550233 0.20183355 0.09927362 0.07099709 0.74254555 0.5991095 0.4071436 0.39659625 0.6805432 0.56212914 0.66703445 0.42270386 1.0005732 0.7124502 0.4268106
0.6602757 0.033264965 -0.037850942 0.6726759 0.3052615 0.3345465 0.03354614 -0.022577113 0.3738686 0.48972452 0.37579426 0.77884847 0.2842039 0.38140744 0.2861734 -0.08129785 0.3875207 -0.15929335 0.09915677 0.45536897
0.2270718 0.57492036 0.89049375 0.51712286 0.67505676 0.93719995 0.67059225 0.38224018 0.045770068 0.44697338 0.5138404 0.42978474 0.47663918 0.6804606 0.47651938 0.16773403 0.94529945 0.7861182 0.23276658 0.05856484
