0.35259613 1.0369728 0.19599551 0.19660455 0.22847961 0.9478908 0.45789632 0.6757107 0.9122199 0.9873612 0.16509779 0.49920404 0.14422151 0.55837196 0.91729987 0.37923303 0.9087107 0.18383908 0.21292108 0.18736221
0.3128769 0.051354773 0.301923 0.61753446 0.9439717 0.5294755 0.6217505 0.89820385 0.49397165 0.6813478 0.6730474 0.5334931 0.88395727 0.59027135 0.2712574 0.6069233 0.4264426 0.42671156 0.73947537 0.7938496
0.44309923 0.57244545 0.48598933 0.41301367 0.84503156 0.0005544441 0.24159433 0.7991346 0.06019882 0.22146311 0.14726608 0.63610846 0.43803185 0.8730986 0.60565746 0.6752742 0.5871354 0.6270322 0.72913325 0.71223456
0.8722759 0.98629355 0.38957363 0.79247737 0.27415797 0.12600464 0.51602376 0.6451272 0.7285168 0.17192522 0.31546322 0.61622405 0.26739883 0.2358553 0.9098776 0.1314756 0.3492037 0.6854852 0.4936553 0.5301004
0.7624875 0.42017528 0.391201 0.8276745 0.25955647 0.80173934 0.22883055 0.63703054 0.66741973 0.046000905 0.16382177 0.58198905 0.20968519 0.29715356 0.21532863 0.20502909 0.06177183 0.6459489 0.60862994 0.77173245
0.24673463 0.72536373 0.5000668 0.6061277 0.8382049 0.32970214 0.53814995 0.40217605 0.46473217 1.0498611 0.9356877 0.3400583 0.5126767 0.45005527 0.2884281 0.93445766 0.67995894 0.6456251 0.6845074 0.27268407
0.9393824 0.38732827 0.14733331 0.90604234 0.40963343 0.9684354 0.2258272 0.13406333 0.72580296 0.2910617 0.18355884 0.46611378 0.99090505 0.61903745 0.35382468 0.94349027 0.14639886 0.53127784 0.50256526 0.2531371
0.36479372 0.57294 0.49383613 0.47862807 0.3805229 0.6487625 1.0272478 0.62668455 0.66424906 0.7277616 1.0445001 0.22102669 0.9350405 0.31715843 0.34660023 0.4487503 0.24223751 0.47853887 0.6425042 0.68667793
0.48827627 0.7620637 0.53919244 0.68145764 0.32547337 0.28249568 0.39999986 0.4987076 1.0883484 0.8103399 0.14706609 0.24206495 0.3876694 0.86143035 0.4477189 1.0716158 0.47672462 0.85781264 0.5526528 0.35442346
0.42824206 0.7603474 0.15560564 0.69206977 0.9699999 0.609092 0.29710612 0.8624817 0.7890344 0.69893163 0.8799424 0.72998863 1.1052082 0.36417815 0.15266992 0.72966397 0.518013 0.22338663 0.26548034 0.23561049
0.021032734 0.09378676 0.86457336 0.16147475 0.8054965 0.14061885 0.077242285 0.22321893 0.8550487 0.66362166 0.5864648 0.69398767 0.80741143 0.68698895 0.18790172 0.9683226 0.36580047 0.15508787 0.7929136 0.69018656
0.21678743 0.28953257 0.302972 0.923064 0.29516497 0.4734771 1.0782833 0.40156943 0.51809824 0.47964993 0.9916509 0.7920871 0.13241562 0.30524033 0.55589956 0.96967113 0.71642095 0.7023678 0.45032632 1.0588981
0.35697302 0.92784756 0.1971835 0.5671315 0.38102257 0.75276613 0.38155344 0.89859486 0.5376189 0.68949604 1.0010902 0.55492824 0.41979536 0.40930578 0.82670885 0.21447432 0.35496765 1.0607711 0.18442315 0.8560527
0.34739637 0.19991459 0.91912496 1.0062447 0.8686104 0.4668025 1.0116895 0.24587111 0.5470787 0.7087479 0.3181004 0.7272457 0.7301187 0.743249 0.18585566 0.44722956 0.5300291 0.13280527 1.0123624 0.34247908
0.6632073 0.25971675 0.9798652 0.5473014 0.928496 0.8887574 0.40240344 0.9149453 0.54664695 0.40921497 0.43670115 0.9179725 0.6738832 1.0483266 0.496205 0.7771128 0.95157045 0.13526821 0.4613078 0.2535618
0.18031591 0.60543483 0.6827862 0.5006045 0.24480087 1.0202141 0.73617333 0.96715623 0.7869255 0.7110731 0.24249361 0.3863185 0.76417524 0.7618807 0.69212055 0.955999 0.7827464 0.60176677 0.86809975 0.2742789
0.8963894 0.30250123 0.27394164 0.44402245 0.55251604 0.259772 1.080529 0.72823524 0.826944 0.9714709 0.6850043 1.0552354 0.7330568 0.2028819 0.3075511 0.5561572 0.31604645 0.7209049 1.0476702 0.94250745
0.14559352 0.963655 0.16328041 0.22857776 0.15937503 0.89401996 0.9315433 0.70895875 0.44954005 0.82579726 0.64831007 1.0201939 0.8970085 0.7665245 0.69174594 0.7761132 0.20978916 0.7738305 0.6839986 0.82008564
0.39991367 0.9427403 0.23837481 0.2535037 0.42046154 1.0521431 0.75400776 0.7797813 1.0705227 0.7860646 0.97478884 0.8502211 0.806174 0.5671233 0.15426455 0.39046058 0.16079351 0.7739987 0.22946167 1.086201
0.62428164 0.14977916 0.19352236 0.9732798 0.7417867 0.5931175 0.4494923 1.0161657 0.5161054 0.3063324 0.81416035 0.5144895 0.9202278 0.12143238 0.5085667 0.22211109 0.123789586 0.47531497 0.31504804 0.5945154
0.79838604 0.73532474 0.7646729 0.50949043 0.39195526 0.9571186 0.43130773 0.34504944 0.94159514 0.5793755 0.4330995 0.8660091 0.45605963 0.63869476 0.17812583 0.049176134 0.41487443 0.9388005 0.919058 0.32111168
0.72610265 0.014302181 0.023003103 0.043234102 0.08958633 0.016453044 0.3142611 0.64901197 0.25510067 0.0032801342 0.6998633 0.7549694 0.08526548 0.89819217 0.24863099 0.82345074 0.2706609 0.5235713 0.40032065 0.62928444
0.26949206 0.23319983 0.54928046 0.5248604 0.77334106 0.37359533 0.59399664 0.8898176 0.7563852 0.87724245 0.58793604 0.33355364 0.48430216 0.75357443 0.9518447 0.88815874 0.45953733 0.23615503 0.045185395 0.96607476
0.3395846 0.65602565 0.64348793 0.85345554 0.18113974 0.3227051 0.4212076 0.39424646 0.25755522 0.5468545 0.8468506 0.20104884 0.9321341 0.61240077 0.06986724 0.77752984 0.8039898 0.904765 0.19974095 0.07108259
0.77063036 0.78756815 0.20337431 0.66372085 0.18259898 0.4530668 0.8365967 0.46985018 0.10330301 0.67695403 0.6318318 0.7786859 0.2861213 0.7734999 0.5315608 0.24857876 0.120384365 0.884978 0.20817044 0.49265313
