0.6977203 0.22011302 0.4157133 0.1712009 0.20810492 0.5048638 0.23172204 0.66853845 0.8198778 0.7718793 0.53705376 0.6084611 0.17941505 0.8597874 0.3060662 0.40028968 0.376938 0.2545745 0.8142122 0.97630703
0.07325282 0.15335827 0.5445575 0.6565277 0.1570489 0.6946102 0.52227956 0.3015708 0.54290575 0.088739626 0.7538005 0.848804 0.107162304 0.7553253 0.056538325 0.72886515 0.7952996 0.123991266 0.15205188 0.688456
0.8762516 0.19303651 0.57462436 0.17994262 0.61833304 0.40683806 0.7515914 0.3726675 0.34442157 0.7607487 0.24954975 0.766413 0.9390592 0.95255315 0.06386265 0.051531576 0.7421362 0.35560635 0.26363978 0.584661
0.5070508 0.82310474 0.40733746 0.46826273 0.0635299 0.029957404 0.8580985 0.72253823 0.23242655 0.22883496 0.7857608 -0.04730617 0.62148356 0.72114116 0.029046223 0.78312665 0.09355003 0.40452802 0.46029165 0.5567115
0.55264664 0.14496002 0.50089794 0.91226065 0.71879244 0.8972482 0.29263046 0.46959963 0.6897459 0.09590341 0.5632124 0.3107851 0.41561243 0.36366802 0.66777396 0.6742342 0.7641602 0.29088017 0.2641563 0.35439387
-0.007060017 0.8142284 0.29778436 0.3914747 0.702977 0.74376494 0.21468998 0.512744 0.10071043 0.59796464 0.45064095 0.8302101 0.7838955 0.35555425 0.3498831 0.7221859 0.015712135 0.8674996 0.8573636 0.6532195
0.2874329 0.43851355 0.605948 0.6093268 0.43485934 0.47785696 0.9115564 0.81344116 0.8721185 0.3395391 0.78083265 0.94129556 0.8148469 0.53586924 0.3262655 0.13433547 0.50910115 0.86534584 0.8361646 0.07690982
0.16218013 0.88158846 0.31386873 0.12464151 0.29538205 0.40945372 0.67543495 0.2615338 0.8947824 0.7289424 0.9265516 0.9865529 0.7981063 0.3694024 0.2694566 0.43726268 0.23797065 0.14840752 0.7518296 0.45909077
0.673566 0.19583164 0.018139128 0.4177872 0.10838728 0.6740501 0.8908815 0.11889903 0.04180584 0.71351236 0.13403311 0.6254903 0.90858644 0.3557252 0.8570421 0.6847453 0.61729336 0.6931667 0.6581726 0.783893
0.18406822 0.6035251 0.8106143 0.6071433 0.6845706 0.34603456 0.22633228 0.8321394 0.19864225 1.024414 0.67626804 1.0284771 0.43312246 0.26675245 0.6808279 0.53307545 0.9802886 0.2767168 0.20067294 0.788422
0.47211865 0.6000622 0.48082608 0.83033216 0.65314716 0.601933 0.30748087 0.5354115 0.47242782 0.764127 0.67716765 0.3294948 0.14524364 0.39707 0.7519264 0.9165028 0.76152116 0.61688876 0.20508029 0.88684285
0.35013676 0.7496608 0.6497781 0.50873846 0.81192917 0.73624414 0.47768468 0.19468847 0.3027054 0.7622907 0.26928926 0.714519 0.577583 0.8785712 0.62140924 0.7781038 0.4548703 0.41752407 0.99376833 0.33262113
0.110296905 0.1775388 0.45084557 -0.08928939 0.6151441 0.46760222 -0.065019496 0.49040672 0.8079309 0.6333083 0.83427197 -0.0618384 0.5995741 -0.11902969 0.46574906 0.08705334 0.64290875 0.7471604 0.0035079676 0.38523453
0.8159807 0.13906752 0.4201092 0.74434316 0.561896 0.8976954 0.94100255 0.9561134 0.68770427 0.2017402 0.6765427 0.65701157 0.2173014 0.8601856 0.86292225 0.19880855 0.5024688 0.46974093 0.47716337 0.08654972
1.132416 0.44747156 0.20365141 0.4375781 0.18347222 1.0931109 0.87231827 0.6838766 0.1843426 0.66566896 0.34199634 0.8842514 0.6969297 0.2440978 0.2938854 0.4427186 0.9872092 0.16856648 0.6845205 0.73605967
0.5710857 0.64166737 0.5417659 0.4241927 0.811681 0.65405947 0.98820996 0.45114657 0.15875937 0.22664471 0.63061064 0.38581946 0.44128373 0.49268425 0.3571465 0.38250446 0.38744953 0.3976821 1.0039412 0.20008886
0.37856972 0.6734205 0.80868673 0.6634538 0.14600542 0.5127507 0.32679406 0.2564849 0.91157 1.0472248 0.98754036 0.7903615 0.19748408 0.23137902 0.24352105 0.528003 1.1017202 0.4453577 0.25343528 0.82689923
0.8122359 0.6614545 0.05442948 0.16947502 0.6105742 0.73100185 0.55614114 0.43625626 0.9194136 0.6126639 0.05656909 0.11941234 0.72725266 0.9910191 0.7797358 0.88266414 0.34282163 0.35608453 0.7962398 0.67494476
0.7158969 0.25408086 0.87382644 0.28342727 0.66114473 0.7652502 0.94810694 0.4279588 0.94826347 0.09766128 0.8596853 0.93226343 0.4494251 0.010300068 0.2606882 0.90406495 0.43619126 0.55601466 0.14667198 0.7942388
0.48994938 0.24819838 0.81852114 0.077335835 0.79217035 0.9602982 0.09661311 0.9709895 0.5410008 0.27909556 0.23854023 0.94984704 0.72188085 0.5870271 0.8560627 0.3473588 0.44961518 0.80437064 0.19856016 0.8439571
0.061200667 0.6256397 0.32613036 0.6696169 0.20670724 0.19336008 0.98990136 0.3266622 0.4739048 0.49940217 0.52715546 0.8506377 0.6824118 0.9308007 0.82123166 0.34446174 0.7795713 0.7943691 0.54665816 0.6319233
0.48372206 0.14724286 -0.03453754 0.69589734 0.65652144 0.88348454 0.4255193 0.66548026 0.4543318 -0.043962225 0.78801936 0.80294925 0.4837422 0.70984966 0.82240885 0.7772686 0.28339502 0.91422224 0.8945695 0.8663582
0.25988674 0.70470226 0.4261475 0.6985808 -0.031274166 0.021375582 0.14134113 0.24112435 0.5519021 0.08882421 0.69401824 0.07028721 0.53455406 0.5672899 0.4152789 -0.11469354 0.61124235 0.5669734 0.61636853 0.04412856
0.51355785 0.63430804 0.08224903 0.304152 0.7623746 0.67264616 0.57285863 0.4355104 0.4374133 0.07086557 0.799982 0.20112309 0.68583983 -0.0638095 0.20729314 0.19380057 0.61955225 0.8523856 0.26227644 0.3806092
0.54147184 0.70059144 0.2969234 0.19398448 0.19770592 0.83321196 0.6631692 0.7200427 0.23810719 0.7450435 0.41698095 0.91741496 0.5195223 0.46783596 0.36045823 0.47544646 0.37427795 1.0606769 0.8093774 0.72985077
