0.8125382 0.7576022 0.5396864 0.6394496 0.7411636 0.19374463 0.7148472 0.5290081 1.0712479 0.5062051 0.5911434 0.22976291 0.7061911 0.1658439 0.28955895 0.32693544 0.8346077 0.9777816 0.6553095 0.40422958
0.8702826 0.835957 1.0016117 0.6287182 0.28351685 0.9891408 0.44924065 0.82170135 0.4412216 0.13041635 0.107166074 0.59780085 0.1932215 0.89446557 0.7233707 0.15417613 0.695199 0.6731423 0.6565287 0.3046613
0.50600255 0.6216395 0.22360171 0.2992779 0.015763687 0.37749082 0.54742694 0.3683822 0.7932778 0.79095805 0.7935706 0.88431495 0.48298723 0.73901474 0.25470278 0.3070528 0.94794333 0.098962754 0.5049224 0.47850755
0.64382523 0.2870187 0.29472166 0.8008463 0.97979283 1.084732 0.80161256 0.13303517 0.62927794 0.1539435 0.7797078 0.7470992 0.7791008 1.0500281 0.56588906 0.8987655 0.18656023 0.17142043 0.42458788 0.20787454
0.91216147 0.89372766 1.0988894 0.65374255 1.101217 0.6217454 0.79453796 0.64649415 0.5357395 0.6945967 0.80790794 0.88704985 0.22205728 0.5243209 0.26477817 0.58722734 0.6851615 0.29160598 0.29123926 0.25005752
0.119538076 0.594431 0.86285245 0.38843608 0.88049996 0.96431446 0.5962438 0.051280957 0.5489304 0.90109044 0.7620971 0.80029565 0.7610051 0.47949213 0.24150981 0.7902738 0.75600874 0.51804537 0.26737207 0.24957246
0.71611226 0.9632579 0.37289217 0.72959626 0.7623346 0.17850626 0.9575061 0.32846102 0.6136356 0.85709405 0.7125029 0.97641194 0.27352372 0.21471749 0.63052297 0.47268465 0.2640562 0.8828254 0.26041496 0.3594885
0.9265983 0.28817824 0.8828125 0.7111665 0.9083015 0.41220614 0.12606087 0.8257265 0.63048613 0.38839263 0.83778274 0.61627734 0.19189395 0.5341664 0.6401101 0.9323927 0.087555245 0.364276 0.45095623 0.68032116
0.64934456 0.84117603 0.25891265 0.18805358 0.643815 0.7593152 0.085873835 0.70429343 0.2889258 0.72271085 0.16911735 -0.037632693 0.7260328 0.8564379 0.8400793 0.05900774 0.85280395 0.5393301 0.0058478685 0.84008795
0.32051462 0.62843025 0.6368071 0.62702155 0.42654505 0.74854165 0.2645666 0.73092455 0.23270941 0.64343685 0.2436597 0.4222107 0.084086865 0.45363152 0.4222522 0.5004008 0.087412395 0.0339939 0.5502943 0.6214524
0.614121 0.96764153 0.06744691 0.44086012 0.88478285 0.17804249 0.202451 0.41877908 0.19351013 0.23586795 0.34098592 0.26894015 0.80915207 0.91008556 0.9921239 0.4404194 0.51740867 0.7598852 0.18871567 0.8071456
0.9938587 0.73584616 0.6236128 0.9637469 0.43521303 0.8947225 0.7562229 0.3524109 0.09304254 0.120244235 0.829985 0.80284375 0.23588794 0.24087845 0.6867897 0.576803 0.06988442 0.041674096 0.4394245 0.2397358
0.57594126 0.78692424 0.9586955 0.89535826 0.80861664 0.0682669 0.5542292 0.91323584 0.43176332 0.30882615 0.94177014 0.95406055 0.9988339 0.76395345 0.47633 0.15287392 0.27089012 0.6138007 0.25123107 0.97593266
0.3534271 1.047527 0.22182047 0.24730472 1.0977964 0.5349951 1.0498016 0.7992632 0.7054393 0.4589828 0.24773973 0.5128705 0.82433 0.4144506 0.40820628 0.35680977 0.87624294 0.26096675 0.28592682 0.68190956
0.7886419 0.31479675 0.8301275 0.7862115 0.9103293 0.0441924 0.5439077 0.79474854 0.7980657 0.510918 0.97225165 0.5931258 0.8560543 0.79558474 0.49988538 0.01444337 0.33713254 0.23660289 0.6568484 0.06744684
0.44228774 0.57019466 0.9309011 0.1279427 0.21872666 0.14399725 0.7938935 0.22759795 0.497911 0.5767638 0.42642608 0.9255452 0.8239142 1.0690418 0.6037113 0.43609273 0.34241226 1.0608503 0.6220237 0.5579936
0.4394924 0.31429842 0.6893274 0.6138161 0.9546527 0.5036441 0.96476346 0.48762503 0.45392883 0.5542355 1.0808252 0.92295104 0.43143675 0.6359418 1.0031725 0.24366674 0.59482867 0.5422144 0.41746822 0.8873712
0.050411712 0.59375083 0.39145535 0.7327071 0.46031424 0.6247137 0.5177267 0.4912849 0.3164666 0.4139911 0.4083729 0.8153667 0.81999594 0.825018 0.23265146 0.6618639 0.33510906 0.79420865 0.6375971 -0.048549987
0.031664524 0.089620374 0.62522334 0.016091872 0.44159108 0.4471532 0.3174451 0.5725285 0.93470126 0.9060677 0.16324267 0.54569894 0.60247934 0.12295225 0.15651494 0.094868615 0.42382038 0.77050155 0.7321706 0.714126
0.69612247 0.37629476 0.85114765 0.13424098 0.72446495 0.38160363 0.45200774 0.6622377 0.5134961 0.14833035 0.018772144 0.7209331 -0.06865433 0.48172474 0.82979923 0.8479862 0.8193238 0.039104424 0.69687825 0.7317185
0.9222993 0.7525624 0.7580775 0.48805532 0.6780148 0.46551853 0.6140413 0.6922877 0.034180384 0.7097815 0.78824574 0.80237633 0.5490395 0.6119753 0.4090461 0.4283285 0.08528768 0.01255346 0.6358966 0.82944506
0.6970179 0.19816506 0.89680684 0.73569673 0.38714933 0.5210841 0.47788322 0.20033677 0.8481776 0.25137267 0.38992262 1.0534325 0.87554115 0.25070077 0.87565917 0.8112368 0.85291964 0.7757202 0.70194745 0.99078447
0.9309674 0.4087848 0.52275676 1.000015 0.30531195 0.34856716 0.7332052 0.65545154 0.24524242 1.0106788 0.91166556 0.0908976 0.612131 0.19611484 0.8439231 0.09916583 0.51884097 0.98009 1.0188872 0.1651571
0.8275506 0.4403418 0.6148102 0.09217226 0.40426233 0.945284 0.40138116 0.79967743 0.16139515 0.7335496 0.19434488 0.63195044 1.0344299 0.8384663 0.52983093 0.96947235 0.36718088 1.0066073 0.42205814 0.29037043
0.06966212 0.16032803 0.81482756 0.14156783 0.30307442 0.60849714 0.7703473 0.5243211 0.6129966 0.9857828 0.48508638 0.23755738 0.45238551 0.518791 0.28638542 0.6552211 0.36748785 0.1280958 0.068016715 0.645133
