0.51259696 0.06250893 0.88896245 0.29547545 0.8910834 0.07638819 0.84078246 0.39071593 0.91911256 0.8491204 0.96401083 0.16090848 0.8005092 0.98287416 0.17723319 0.085108 0.9921162 0.7736057 0.40763912 0.2904075
0.3806383 0.47836238 0.8613898 0.9004732 0.49031654 0.6570534 0.13233 0.7346212 0.2740381 0.54746723 0.514874 0.3267674 0.48646805 0.18789592 0.14084375 0.9102133 0.10398296 0.26641726 0.79377776 0.9419656
0.41649798 0.12500535 0.21608573 0.85546434 0.63399416 0.24596283 0.5918107 0.38274032 0.56292284 0.7332126 0.5518838 0.66923475 0.3462502 0.967373 0.39637014 0.5076688 1.0206876 0.8891934 0.4083511 0.91085863
0.35484406 0.5095126 0.3290285 1.0091197 0.3780223 0.79330224 0.28097105 1.0137329 0.5522671 0.44404608 1.1096345 0.29291707 0.30255514 0.7316219 0.928356 0.90480953 0.5565848 0.37340745 0.27465641 0.4382369
0.14330097 0.27245435 0.80607253 0.86094666 0.8428104 0.3063522 0.58831227 0.74706167 0.4784846 0.8824436 0.47092223 0.30604103 0.45238456 0.3354879 0.96368235 0.6194924 0.98299336 0.3721356 0.13808964 1.0262094
0.5916503 0.44684342 0.7358852 0.67177963 0.6742048 0.7469757 0.8793987 0.06022131 0.1777726 0.8903706 0.7840708 0.7434804 0.42782167 0.13615854 0.78877485 0.56931746 0.72202915 0.32603657 0.73766273 0.5379931
0.25099704 0.89090645 1.0317106 0.9064985 0.9487638 1.0549673 0.60011345 0.62541807 0.12489999 0.39978015 0.7615539 0.7924778 0.80457634 0.702736 0.18338436 0.89018923 0.32880422 0.95801663 0.21481372 0.2524189
0.81058687 0.16650821 0.39805135 0.07022285 0.318693 0.42123643 0.68528056 0.4783352 0.8946173 0.8132744 0.88888776 0.1621916 0.7052977 0.41764772 0.55198544 0.595504 0.43016267 0.34284937 0.8953562 0.17036068
0.32816762 0.48121262 1.0117215 0.81444633 1.0741825 0.63756204 0.83201927 0.19484188 0.3423131 0.54159415 0.6697857 0.8050439 0.64999044 0.3714731 0.33252388 0.30896834 1.0703151 0.43296117 0.2066222 0.4218371
0.49052873 1.0497832 0.45076597 0.5954088 1.0423278 0.78602993 0.20623213 0.80397636 0.47905806 0.28395227 0.7143485 0.924302 0.23863994 0.2638076 0.5733129 1.0666034 0.9090564 0.25770435 0.47705683 1.1062284
0.021205114 0.56424975 0.29287422 0.92777604 0.45402995 0.37595323 0.3055623 0.08813818 0.32943693 0.916013 0.19491258 0.63360685 0.19111744 0.51394564 0.875119 0.6551156 -0.025502834 -0.011047181 0.89698845 0.37883452
0.48304442 0.44952926 0.4629729 0.54255366 0.47113472 0.4274947 0.69922274 0.27746204 0.42208818 0.55011576 0.45944723 0.507861 0.3187101 0.074290894 0.6003362 -0.23883179 -0.11658353 0.4393126 0.117158026 0.35089746
0.87243843 0.45954484 0.91233736 0.693118 0.7063439 0.7184503 0.5717036 0.8318163 0.32836825 0.3648407 0.9970691 0.78922 0.95126384 0.4515827 0.85005224 0.14272326 0.88422114 0.11507745 0.14753748 1.0004525
0.29757294 0.771386 0.92591 0.9524082 0.37139833 0.8912111 0.2549203 0.971656 0.8294629 0.1018488 0.26595452 0.5739027 0.84026605 0.09179346 0.90378636 0.64814156 0.12826744 0.42300573 0.29229522 0.7514553
0.1608206 0.3351895 0.33911723 0.9487399 0.29669502 0.37655768 0.18737428 0.8426269 0.43314242 0.7905407 0.13737701 0.6324664 0.87656456 0.8340456 0.6219936 0.17343742 0.728334 0.98754054 0.08350913 0.38940874
0.8360645 0.6550679 0.2544865 0.33344093 0.9479703 0.77153695 0.17509274 0.8110575 0.22257182 0.2265495 0.74510837 0.8606355 0.8781514 0.7758513 0.97696805 0.14816363 0.51800764 0.35100564 0.91929466 0.30235958
0.316855 0.63774276 0.93481636 0.4259488 0.6209625 0.8335447 0.54205924 0.5308823 0.2803018 0.8163359 0.2878239 0.33509955 0.49493235 0.23337309 0.44900846 1.005608 0.63607335 0.46717063 0.5132921 0.958931
0.1789166 0.121840365 0.25843558 0.502077 0.15569112 0.76648796 0.47764024 0.65287215 0.33433765 0.8323956 0.7945526 0.8679326 0.23321863 0.5284195 0.5145103 0.90248215 0.3444302 0.9040277 0.8328581 0.19360457
0.09541308 0.9615897 0.04763394 0.98300743 0.978838 0.6187247 0.51533574 0.95857894 0.15394327 0.7773835 0.695315 0.65225273 0.6448132 0.44168368 0.41451186 0.8596295 0.10541818 0.9423342 0.99664843 0.9325116
0.6446388 0.55074656 0.8958144 0.43328643 0.6038942 0.9841213 0.3050978 0.46512523 0.50276226 0.3977014 0.47135347 0.6625583 0.66568375 0.37394622 0.97120696 0.5255329 0.907683 0.52148193 1.1511468 0.64830977
0.6261423 0.7456097 0.6822722 1.0006907 0.5684185 0.10011292 0.078282334 0.24397318 0.25310892 0.46950948 1.0111893 1.0152861 1.0246892 0.8015722 0.33175322 0.9140778 0.4583625 0.28594747 0.71283466 0.28119394
0.61532557 0.30998728 0.44327828 0.8272341 0.5186058 0.29304212 0.46895096 0.56254864 0.75541335 0.4511927 0.20765384 0.6063356 0.4478241 0.6318258 0.22017542 0.6076615 -0.08318339 -0.10396877 0.74726135 -0.0027825627
0.52590466 0.8522253 0.9697555 0.7601019 0.053958338 0.96715593 0.82551354 0.8376362 0.5773436 0.5579667 0.7270487 0.65328634 0.29698044 0.25683728 0.071117364 0.8511775 0.2201934 0.31385073 0.94497085 0.43264508
0.37560079 0.7648428 0.6684643 0.19738519 0.24136621 0.5249575 0.5271381 0.1356345 1.0497813 0.96718186 0.27899298 0.78088117 0.40114865 0.8087292 0.29746094 1.0025972 0.8329865 0.3003599 0.32104576 0.9975611
0.14201657 0.41314155 0.681799 0.6376213 0.10504249 0.5620299 0.68476033 0.6840375 0.12471421 0.795412 0.1277123 0.08598401 0.70566124 0.10225303 0.3321846 0.43933094 0.6974482 0.95805895 0.03499369 0.39363843
