-0.035522573 0.8918535 0.44996357 0.15647459 0.56508017 0.7973836 0.63513124 0.37893817 0.8204871 0.6564072 0.65709263 0.7334584 0.9013364 0.57658684 0.31028423 0.77943933 0.74181706 0.43540975 0.5379985 0.36595505
0.63991076 0.1824577 0.78415406 0.9239059 0.288195 1.038593 0.44618124 0.23802866 0.7775746 0.58315074 1.026378 0.22955619 0.31704587 0.44437113 0.7002093 0.64342564 0.36242196 0.27895683 0.4237746 0.95898443
0.3117049 0.6032574 0.6666293 1.0961456 0.46206227 0.52062696 0.7522029 0.5983833 0.77149194 0.5672639 0.53530186 0.45317692 0.4140321 0.60541546 0.47324732 0.62780684 0.3872501 0.45811158 0.28965846 0.94953704
0.15631385 0.03380257 0.8853181 0.6254641 0.38700274 0.87364215 0.6735358 0.8142404 0.8408578 0.24370438 0.6294776 0.394058 0.62035996 0.5544881 0.6090503 0.5865694 0.4514312 0.83242065 0.44277167 0.6297762
0.98375493 0.20149834 0.9839669 0.30138105 0.56097096 1.0419885 0.6170822 0.4780786 1.0265661 0.29270464 0.74679756 0.2934497 0.8413297 0.39535567 0.5527926 0.4080079 0.18727641 0.22853217 0.5893016 0.8687724
0.29894963 0.39812285 -0.002958919 0.5066472 0.70692414 0.7974298 0.25669935 0.57141554 0.4228071 0.2891815 0.7865725 0.43466723 0.743488 0.55211467 0.5124721 0.38158065 0.026943516 0.2585952 0.76021415 0.06547108
0.25983614 0.6427629 -0.041473716 0.43816555 0.44748405 0.8613684 0.79924357 0.8360266 0.7098066 0.25975227 0.3129529 0.0869232 0.28397205 0.62071127 0.01340867 0.54219127 0.34020168 0.68044454 -0.054328043 0.5651657
0.94574285 0.70887923 0.9000924 0.56710565 0.62845916 1.048684 0.5790158 0.6693936 0.23259859 0.21630569 0.85376316 0.8015652 0.9483909 1.0885803 0.15201382 0.332686 0.6581177 0.43405655 0.4494001 0.46204725
0.617979 0.9427911 0.28744218 0.21692777 0.98132294 0.053487692 0.36574066 0.33391762 0.39082137 0.80091643 0.26555714 0.21414275 0.3463592 0.56988424 0.5078536 0.27595016 0.67521447 0.9978194 0.13156027 1.0026357
0.45851833 0.14146379 0.69097346 0.27873102 0.8591048 0.020030173 0.15984777 0.58387625 0.7909033 0.40670326 0.4428339 0.6327929 0.6061152 0.3411472 0.21993221 0.8661799 0.65041757 0.3970404 0.10409531 -0.046440605
0.10377852 0.08881594 0.519345 0.6435426 0.83810097 0.16632931 0.31831646 0.59712064 0.6729128 0.87872666 0.64149 0.19980764 0.21570215 0.8659824 0.12942068 0.29699317 0.16326736 0.48377532 0.5756184 0.4431427
0.31828764 0.058127522 0.014409624 0.24377754 0.4125437 0.48131356 0.74692404 0.3606531 0.44572264 0.36575323 0.22561601 0.4811402 0.7187416 0.42579293 0.29395536 -0.045995515 0.64507246 0.20818555 0.57604384 0.35879496
0.13494326 0.7446949 0.051181167 0.42451015 0.11826491 0.8118235 0.22774461 0.63250947 0.78722525 0.81345344 -0.013437652 0.28443646 -0.08037587 0.1882476 0.18716693 0.81228757 0.08976679 0.19790716 0.21081567 0.5635404
0.27711034 0.24242802 0.697431 0.4357947 0.09772869 0.62964857 0.41260913 0.28558525 0.840481 0.29159123 1.0064592 0.41973975 0.059637647 0.3923192 0.10161466 0.16649401 0.8170232 0.58941877 0.16492505 0.8875274
0.60497236 0.6850772 0.63146 0.24813882 0.8897671 0.25557908 0.2789957 0.59750557 0.2853268 0.6473782 1.0616488 0.9845242 0.9720137 0.81438774 0.27429458 0.7097646 0.67964715 0.16073558 0.39656246 0.19314471
0.7812533 0.16764337 0.12439586 0.25559804 0.9679389 0.45437682 0.8426072 0.7795467 0.15222408 0.48923442 0.73509413 0.8749805 0.5419146 0.14180939 0.3347685 0.4177128 0.79698867 1.0287899 1.039154 0.57071626
0.9178226 0.45148847 0.7379738 1.0031219 0.23946996 0.9477754 0.38887855 0.26189536 0.192032 0.6035076 0.43337005 0.18824047 0.52071965 0.62043226 0.6667037 0.9611351 0.63314545 0.9656302 0.62284905 0.23214458
0.41278672 0.08521875 0.0041270764 0.69730526 0.038346197 0.021629557 0.47878817 0.581479 0.34814876 0.5400946 0.7218007 0.9183039 0.8317513 0.851275 0.4252333 0.028169839 0.5540565 0.43099752 0.270311 0.44791934
0.6382008 0.7073882 0.12132823 0.5928347 0.039899934 0.14799356 0.92857075 0.52412355 0.39229396 0.56403315 0.4020993 0.24850003 0.29748145 0.395252 0.82848513 0.69193894 0.93833673 0.10620366 0.4822325 0.86542165
0.36031225 0.78076124 0.42721328 0.52862614 0.4038642 0.4776923 0.8153791 0.42060658 0.689638 0.93678695 0.61341053 0.9416939 0.40006608 0.38044447 0.18070687 0.4424075 0.45882905 0.27820027 0.3466852 0.22227725
0.89953595 0.5019185 0.7727255 0.88966113 0.69982916 0.4889103 0.57554924 0.17458482 0.41566768 0.40683237 0.6037563 1.0910202 0.23688371 0.16447747 0.5432428 0.21036805 0.30921307 0.5443819 0.17943153 0.3243731
0.38629875 0.5793946 0.65304136 0.5657207 0.6291518 0.3474329 1.0455962 0.8220489 0.37200263 0.45768356 0.38120455 0.27732182 0.48183635 0.43253136 0.5394618 1.1134094 0.7435868 0.66896766 0.24156404 0.66911775
1.0170764 0.85817385 0.34308183 0.8592641 0.4407722 0.48905483 0.37368146 0.9445782 0.8126941 0.572613 0.43573788 0.9541983 0.5066853 0.625915 0.28999606 0.6761002 0.6495534 0.63658154 0.7905424 0.40507326
0.43880874 0.3604487 0.35736006 0.18766415 0.3619918 0.4683851 0.061230034 0.6933225 0.42991945 0.5638809 0.7424915 0.46186528 -0.0822807 -0.044864718 -0.04140999 0.20871644 0.6801494 0.7865795 0.24000952 0.61374456
0.8186543 0.8551506 0.16325378 0.85039043 0.4055642 0.23230992 0.54490477 0.4298465 0.31179625 0.0858934 -0.024810951 0.49897805 0.6339004 0.0047766226 0.2899528 0.1364706 0.8105257 0.7275444 0.8200648 0.2727414
