0.12085359 0.45816225 0.8323843 0.28861958 0.598536 0.75330865 0.36967486 0.1437318 0.9178897 0.80962604 0.35349756 0.8055204 0.48596653 0.51223636 0.8475363 0.13851693 0.29929012 0.66488105 0.6864829 0.2023657
0.08768678 0.8715632 0.5584121 0.44033659 0.13891722 0.6783747 0.10156978 0.68073034 0.8017664 0.3800535 0.10149939 0.48960125 0.56309146 0.40799844 0.7502412 0.22869258 0.5267762 0.64417875 0.017759172 0.15613185
0.16096246 1.0059962 0.9291865 0.32988012 0.10885156 0.42570835 0.15059115 0.3286027 0.113942936 0.22323239 0.5157955 0.33494484 0.8494672 0.21147503 0.3445384 0.8193829 0.97916573 0.82858145 0.8796505 0.5785499
0.67026424 0.5229769 0.31720567 0.42437774 0.8571835 0.013687634 0.6343794 0.48820925 0.69275016 0.09012796 0.44035113 0.7454603 0.13452326 0.28778607 0.18897532 0.41043806 0.31838092 0.18161876 0.8152891 0.5743861
0.6537515 0.1953554 0.63969576 0.78708935 0.5530915 -0.04895315 0.33834505 0.7000455 0.31414506 0.28729713 0.85768014 0.5215466 0.25633937 0.8257431 0.65712214 0.8328314 0.26718554 0.29385847 0.5241816 0.6912922
0.60150874 0.0104343 0.32735 0.6213609 0.48260304 0.3230988 0.26183483 0.108617514 0.38868347 0.6695265 0.28588048 -0.075787574 0.5079335 0.06468512 0.29312685 0.6671754 0.8038463 0.061661255 0.40765515 0.40869957
0.38512918 0.75078666 0.5471918 0.22671856 0.21074021 0.7531827 1.0477093 0.37836912 1.0067397 0.453367 0.5801196 0.0898753 0.87220424 0.24746232 1.0059499 1.010256 0.6502579 0.22064607 0.46073583 0.43546104
0.5618573 0.6585955 0.31373334 0.46191183 0.57555246 0.24751423 0.77265126 0.67576915 0.14606622 0.4702333 0.72297186 0.32958472 0.14571053 0.0793754 0.72300386 0.9697119 0.7817762 0.813404 0.43025956 0.11653576
0.16054001 0.8675931 0.7838522 0.13015695 0.40702814 1.0049506 0.9592933 0.2713676 0.35925764 0.40148526 0.84662294 0.821401 0.39812884 0.39299557 0.46911898 0.7372341 0.6420225 0.90113527 0.5943892 0.4039243
0.3117958 0.24221644 0.9574454 0.48847267 0.54908484 0.5240254 0.4847364 0.6788497 0.49096328 0.10330249 0.74591696 0.8986993 0.80507725 0.06745557 0.7625602 0.18444195 0.7890048 0.8050647 0.582341 0.9232623
0.5829245 0.38364336 0.5463214 -0.054391433 0.4265337 0.71413875 0.48732278 0.54540104 0.27338624 0.40640897 0.8403204 0.36250192 0.28723335 0.6374332 0.8036757 0.026034774 0.87405753 0.4232481 0.07368123 0.09595387
0.047130026 0.029195866 0.4148745 0.8013751 0.6579028 0.34649113 0.7488978 0.42055866 0.48253468 0.37114054 -0.0583155 0.4802213 0.15216067 0.585674 0.6879694 0.047190566 0.8132126 0.84494644 0.3919968 0.3331798
0.0033441542 0.8716847 0.16132061 0.86054254 0.40825707 0.6670799 0.33247027 0.6636416 0.54510057 0.24691203 0.48827842 0.4790824 0.6124333 0.87941235 0.59134454 0.07955682 -0.04156236 0.9170015 0.72900623 0.54634774
0.67908496 0.37374392 0.67333084 0.03894954 0.3966613 0.3325584 0.18667519 0.72406095 0.043736305 0.00014307741 0.43381163 0.91400474 0.14825137 0.31667253 0.18849517 0.15953499 0.7171017 0.12004915 0.4259698 0.49829698
-0.018631155 0.5724946 0.59485346 0.605607 0.3473017 0.7629713 0.9071603 0.8158954 0.48978445 0.25866833 0.12605447 0.7338458 0.13880053 0.36552408 0.7977087 0.61149627 0.17092499 0.009087188 0.92092407 0.67340136
0.12848061 0.9133485 0.31587973 0.99937195 0.90881205 0.6315685 0.033679616 0.22143808 0.112642296 0.82403105 0.8277188 0.2697219 0.20523995 0.95265806 0.45872882 0.033093967 0.7016153 0.3419805 0.49032256 0.63491434
0.9365712 0.12670727 0.5365896 0.6583639 0.5181867 0.79702586 0.49230993 0.025220444 0.7017563 0.7093731 0.43978405 0.95476085 0.30268323 0.85543233 0.7133561 0.72394085 0.012904708 0.1839682 0.63742584 0.90208364
0.5547311 0.5653647 0.6968599 0.0040242546 0.47805324 0.0046627484 0.743948 0.00652998 0.70950687 0.55524945 0.0022565953 0.46599117 0.7601684 0.64770186 0.8871284 0.21804973 0.77383834 -0.07701054 0.6865175 -0.015769029
0.10413228 0.08335141 0.569447 0.6612788 0.9688487 0.8086635 0.9534791 0.4610398 0.33675447 0.1898445 0.081298396 0.572665 0.84040415 0.92912257 0.5434872 0.4237695 0.17661141 0.25834283 0.7418913 0.4451756
0.39014316 0.37001762 0.66173357 0.7679992 0.5041087 0.8224122 0.37516525 0.8188864 0.8749621 0.38415414 0.22749627 0.80359 0.55490977 0.085127436 0.2016375 0.611957 0.15281782 0.7077273 0.62131375 0.23352411
0.4718898 0.6111997 0.033688225 0.25026566 0.22671881 0.6728354 0.8752732 0.17984533 0.84985316 0.6929225 0.63861555 0.26058456 0.33361864 0.21822242 0.5565396 0.5297699 0.7136992 1.0047876 0.5288572 0.23740421
0.9366957 0.1696561 0.7117303 0.32799202 0.68782544 0.55477875 0.7214487 0.7890449 0.54304296 0.8470181 0.72996557 0.96574366 0.18267173 0.48874766 0.694434 0.8611647 0.35629255 0.19681656 0.15533942 0.6621039
0.36982733 0.28617093 0.39500874 0.7456871 0.38651696 0.34940034 0.4996451 0.43883902 0.7289886 0.4501343 0.18359186 0.49224177 0.072468676 0.7586234 0.41294298 0.21245633 0.42432323 0.0966711 0.5123092 0.8553879
0.29351082 0.418232 0.49817133 0.95167005 0.92353165 0.69672453 0.5606538 0.84581023 0.33477896 0.05547092 0.19081992 0.96786064 0.5274462 0.64757496 0.7914515 0.5804651 0.33515877 0.56680113 0.68031555 0.42676333
0.466186 0.115628704 0.45808166 0.587052 -0.058346137 0.13022625 0.24833083 0.57781315 0.7721395 0.50974 0.48604587 0.2103052 0.5053218 0.15121154 0.407824 0.69535106 0.7093818 0.4008375 0.57002807 0.7704883
