0.2647025 0.83701533 0.042092524 0.8421165 0.47798285 0.2565619 0.6557917 0.32745513 0.33299097 0.7237991 0.42900518 0.43868402 0.8593582 0.50030833 0.5145396 0.6557306 0.289191 0.5872419 0.063428245 0.86296946
0.18692179 0.34337732 0.90597385 0.45195016 0.10723935 0.8982203 0.13872947 0.84767205 0.8690029 0.70720273 0.19410059 0.5548018 0.13908716 0.7002427 0.040042456 0.865195 0.6381966 0.43357307 0.22754851 0.83940816
0.24540766 0.9275997 0.9821165 0.313764 0.49562198 0.17084692 0.4423743 0.3217898 0.65372074 0.5147387 0.47613254 0.80830324 1.0879661 0.8902737 1.0417576 0.79894876 0.5613192 0.25947323 0.7024202 0.98447496
0.38532877 0.2086529 0.84739643 0.30782828 0.3399963 0.6766496 0.77514005 0.85301054 0.9313808 0.75947577 0.77309126 0.9574189 0.81279933 0.30426103 0.69919777 0.2703347 0.82116777 0.9377392 0.10242728 1.0217426
0.48295486 0.21701697 0.68228096 0.7101853 0.4316812 0.22968574 0.08459421 0.79797477 0.3490313 0.16818348 0.32610494 0.88424116 0.641399 0.98947257 0.902324 0.91361845 1.0172061 0.46775183 1.0167307 0.18087368
0.9600064 0.3780595 0.30734974 0.54494125 0.6045265 0.20517826 0.59776276 0.4219399 0.4297279 0.6876113 0.37385294 0.5071661 0.85047376 0.9353856 0.27830005 0.70227754 0.7560056 0.84556895 0.9113866 0.055780977
0.31847203 0.07078583 0.48904163 0.82865244 0.30344018 0.19159767 0.41927284 0.6806784 0.8419711 -0.0657858 -0.017687568 0.07209246 0.6973342 0.015388307 0.42922795 0.7216238 0.7279859 0.61309487 0.7374112 0.68550783
1.0297257 0.32023627 0.24578382 0.6228854 0.3205957 0.30400684 0.4634173 0.81855226 0.7568776 0.33212188 0.6317339 0.36140454 1.1055915 0.22484276 0.2706408 1.0225446 1.0836499 0.8976826 0.52541435 0.23288704
0.31982931 -0.017541952 0.59271526 0.17146692 0.76401544 0.6140273 0.7811671 0.35854456 0.23214434 0.018255958 0.43215057 -0.037243526 0.5850633 0.30591032 0.7437659 0.012329858 0.73575854 -0.17397854 0.6758523 0.17208572
0.20041947 1.0013748 0.610399 0.8299669 0.7085215 0.36475825 0.7694239 0.35033575 0.22129077 0.72380966 0.13286388 0.72601455 0.103126064 0.1505804 0.33022222 0.7893941 0.5572972 0.54373807 0.2476458 0.94002163
0.73644245 0.85341823 0.11461929 0.25855258 0.47403026 0.4065865 0.47970706 0.8193292 0.7906745 0.33482504 0.15551448 0.90744877 0.12637173 0.48180366 0.08093434 0.9298971 0.6593641 0.29795113 -0.002827657 0.016538106
0.6295936 0.6378878 0.7160656 0.33812183 0.41372508 0.3844627 0.7868005 0.23937163 0.684589 0.550503 0.11184457 0.252938 0.268768 0.9078787 0.39599618 0.9108263 0.3383756 0.6348213 0.9647165 0.02298993
0.62211686 0.74727863 0.106657945 0.61713153 0.7047048 0.4596029 0.84789884 0.64358145 0.55803436 0.119536385 0.5819212 0.43182716 0.5831261 0.78474355 0.39670265 0.6242864 0.17986213 0.75542253 0.5193234 -0.06491326
0.80858594 0.54948413 0.2238757 0.3230809 0.32502648 0.765435 0.1194797 0.4329922 0.7244069 0.2188397 0.3533789 0.9670555 0.97013503 0.7186634 0.85034114 0.47345865 0.4777171 0.9060682 0.34498024 0.80724645
0.90596056 0.60665065 0.76878107 0.1897808 0.5688776 0.77757573 0.27548096 0.72500545 0.26731876 0.6446779 0.8234755 0.49639547 0.53828704 0.9249644 0.9078081 0.9767706 0.1042571 0.35227478 0.4799742 0.091370024
0.98171896 0.14759703 0.73459846 0.5233702 0.84309894 0.85280263 0.87268573 0.74383676 0.22742404 0.23107612 0.69313407 0.29535806 0.2675401 0.9629982 0.7456265 0.28949973 0.7978768 0.36960173 0.14974412 0.72297174
0.43507013 -0.020191202 0.88326955 0.8520924 0.43571332 0.24574773 0.18440548 0.54882544 0.90108335 0.06875467 0.73033005 0.46746987 0.19958428 0.57431996 0.33325726 0.6099681 0.7893052 0.68967074 0.4363227 0.6961604
0.35313383 0.39091453 0.9281154 0.81744844 0.19749542 0.056193024 0.9604788 0.91013235 0.2673774 0.92552876 0.85089236 0.4090501 0.66052854 0.7732319 0.88529724 0.36980855 0.52731884 0.102878146 0.76046485 0.28851792
0.6288991 0.8249074 0.21105047 0.30907783 0.5749614 0.91938835 0.35979447 0.7491041 0.8423079 0.3833443 0.6614345 0.13220905 0.8926938 0.5247211 0.5971876 0.32688698 0.8734462 0.29400054 0.3954612 0.8158927
0.49838403 0.69746935 0.39830402 0.56213975 0.37174463 0.82821304 0.3001644 0.3499766 0.40474308 0.05474653 0.039176743 0.378554 0.86747575 0.10411323 0.67090684 0.7763265 0.045276776 0.3455947 0.6941222 0.24887961
0.7318766 0.23392896 0.39689517 0.22400561 0.4232985 1.0513946 0.87001663 0.23100996 0.7065688 0.85596895 0.9645687 0.6713972 0.3338759 0.16240743 0.28883493 0.20917755 1.0927968 0.46583247 0.8573288 0.57523066
0.048819955 -0.12185341 0.21266034 0.20976456 0.0912848 0.56052494 0.59505725 0.22669914 0.4147337 0.68142784 0.039896015 0.39156482 0.38466412 0.60818654 0.0111727435 0.700256 0.20719284 0.4839695 0.46044376 -0.21380584
0.28876272 0.37782666 0.53784037 0.47392476 0.43441904 0.5276166 0.6042556 0.97425723 0.76123035 0.10550723 0.68626773 0.1378169 0.7006271 0.90368325 0.65956634 0.45949998 0.37614518 0.22825655 0.6400082 0.23408271
0.91483545 0.97903067 0.13049705 0.34386855 0.7319168 0.5899583 0.9678532 0.8090075 0.07583857 0.45703208 0.41251028 0.5041235 0.2719076 0.57585996 0.36437365 0.9392681 0.6126006 0.21372113 0.6782477 0.91904145
0.5867228 0.2648688 0.509416 0.5383459 0.40292007 0.9380246 0.73832685 0.626149 1.0914235 0.8099616 0.7262631 0.3431286 0.8903154 0.9231807 0.62867135 0.58236575 0.33539233 0.49471208 0.99169725 0.2542137
