0.2500973 0.8079826 0.6431507 0.31968847 0.6295488 0.2047567 0.56373274 0.73469514 0.5437791 0.7764906 0.85641 0.09964048 0.24729508 0.48177934 1.0301461 0.77607536 0.5683401 0.7339776 0.88587445 0.3438176
0.58572 0.23449859 0.30539328 0.77805007 0.5849612 0.25664848 0.55987334 0.26095098 0.3836069 0.64495116 0.79498345 0.3448176 0.36837062 0.40092328 0.5183802 0.6883 1.0081315 0.30091482 0.90187234 0.3525306
0.53595436 0.2436619 0.26294333 0.8766872 0.7803915 0.840296 0.66530514 0.43247855 0.31644645 0.3532145 0.653904 0.7682411 0.49703878 0.30679503 0.6873276 0.5517273 0.575439 0.38886946 0.5613973 0.96799994
0.7617243 0.62086606 0.58485615 0.47302005 0.45820704 0.119667806 0.320908 0.51891994 0.6503959 0.8611213 0.59052163 0.73192096 0.5763732 0.7738037 0.41277048 0.93495315 0.8280543 0.8301421 0.7719489 1.0501711
-0.00997649 0.804043 0.55907357 0.74329084 0.5037177 0.3744476 0.33524162 -0.0042900317 0.0435459 0.41481325 0.81490135 0.24155976 0.07304536 0.21690178 0.4175649 0.2326059 0.21980149 0.03014957 0.478843 0.84358764
0.5189857 0.94545954 0.69801706 0.45271626 0.16047107 0.43063247 0.07491345 0.47729665 0.79230094 0.9834816 0.12093651 0.9128539 0.65518284 0.5748678 0.6175698 0.9093339 0.04431849 0.9090515 0.63312 0.6504852
0.74282867 0.33240357 0.3979787 0.10093597 0.25721678 0.776964 0.5855874 0.14858042 0.21774444 0.23392211 0.82216805 0.85568434 0.66123575 0.6498323 0.26242432 0.90363944 0.45378962 0.36640385 0.7434816 0.5128089
0.29443866 0.6926601 0.3532291 1.0013376 0.7331155 0.7052879 0.9392097 0.30302858 0.54171467 0.6564574 0.1402337 0.89780754 0.29568365 0.39165658 1.0237616 0.28375354 0.17778505 0.31297427 0.8534703 0.9043935
0.49866822 0.809865 0.048303306 0.790679 -0.025905123 0.7179305 0.87830204 0.87661314 0.17354853 0.31161436 0.667472 0.6963685 0.43568417 0.19250166 0.6362566 0.15269765 0.5630682 0.8815872 0.70143604 0.20648141
0.7492155 0.16004965 0.6189454 0.9290993 0.64791095 0.11968099 0.7380306 0.26119322 0.071288906 0.6716155 0.92436886 0.5115432 0.31393203 0.8927614 0.8181383 0.7988166 0.4681621 0.19519977 0.58567685 1.0187215
0.33068642 0.56829304 0.07744108 0.50198954 0.64158946 0.6824469 -0.048980925 0.61929375 0.7933671 0.4562887 0.375506 0.12460228 0.09244281 0.32884812 0.3743792 0.6897725 0.007164335 0.31823635 0.184014 0.11974066
0.9226946 0.9376703 0.19642551 0.11807703 0.08658798 0.55905247 0.45908436 0.42965958 0.33462563 0.09894406 0.29989418 0.5514989 0.6169598 0.63048756 0.96325856 0.775999 0.3284865 0.866639 0.9709047 0.06361144
0.8821146 0.24327384 0.66917473 0.96325445 0.2459607 0.33114827 0.09076518 0.77856696 0.44055587 0.33579302 0.54152167 0.46939072 0.9550375 0.3966127 0.37514418 0.089453176 0.50524265 0.58083045 0.3167433 0.8818536
0.41109586 1.0311309 0.55958027 0.41829628 0.3330433 0.5812616 0.53114456 0.3308333 0.6529147 1.0579079 1.0912464 0.43929708 0.7991497 0.89868987 0.9119835 0.46902603 0.5325328 0.449491 0.31085038 1.0151018
0.79812276 0.6590401 0.74497706 0.37831822 0.43539104 0.5974696 0.72112936 0.5256637 0.96730894 0.70900667 0.39394495 0.79295826 0.7326827 0.47652525 0.12951197 0.13797607 0.6626204 0.62885106 0.9427768 0.12905224
0.65895206 0.738689 0.7383001 0.0773197 0.15429908 0.7114331 0.0027541488 0.1990306 0.45150426 0.5984278 0.70567507 0.6596388 0.531153 0.07440668 0.08102236 0.43574777 0.2634765 0.54908836 0.4946931 0.4348929
0.2957386 0.7063876 0.8212153 0.9341729 0.29898283 0.12684192 0.592231 0.5993594 0.18284447 0.06070146 0.4951193 0.82634586 0.7118449 0.9568983 0.41737446 0.35299057 0.86247396 0.16371197 0.21576641 0.45447126
0.09008174 0.42362544 0.6382038 0.8647622 0.83224124 0.8535663 0.83494806 0.14410605 0.7237186 0.4790857 0.6714766 0.41203162 0.50859475 0.22154948 0.6180737 0.63641375 0.37947503 0.41406935 0.98271865 0.6450481
0.31817427 0.9240756 0.58625585 0.7785082 0.26086196 0.5875489 0.9818658 0.81044066 0.1446003 0.1522742 0.42811483 0.83735526 0.43241227 0.366582 0.83027536 0.7068624 0.73561645 0.10706034 1.0064417 0.4332229
0.5954101 0.5885139 0.34296218 0.9472524 0.6037726 0.357616 0.6276364 0.43913773 0.9303231 0.047468863 0.4112119 0.24264348 0.9130023 0.21102755 0.6650884 0.99276155 0.5753965 0.15854017 0.86529416 0.9785014
0.9542264 0.6777075 0.1962562 0.17052448 0.9367396 0.1828455 0.5026496 0.72877735 0.2349235 0.9873052 0.6967586 0.28290376 0.65497947 0.42755425 0.80842525 0.8740164 0.78825176 0.5118317 0.2596759 0.44757515
0.9271071 0.50987715 0.16952874 0.20161715 0.22029853 0.49546832 0.30819166 0.38959083 0.23354833 0.29270127 0.69414496 0.26515797 0.4175423 0.18839383 0.432556 0.55191207 0.26542905 0.9355509 0.8492323 0.31901062
0.5900628 0.2226683 0.23666005 0.18514998 0.37930235 0.4755335 0.27774256 1.0592632 0.28072044 0.6998291 0.62784475 0.81814814 0.927676 0.68120384 1.0710424 0.6853346 0.8683352 0.17416073 0.2155624 0.97080815
0.2557432 0.30480137 0.48503444 0.72160184 0.5959041 0.2808153 0.33180308 0.63347363 0.28358775 0.8032226 0.9634761 0.91711783 1.0280519 0.9608343 0.33130962 0.339392 0.38284755 0.48379984 1.0900686 0.33874273
0.33651203 0.9199019 0.47555885 0.3148571 0.62447596 0.18537208 0.523698 0.10349046 0.31819856 0.18889259 0.26650926 0.437352 0.84886575 0.54833436 0.36692575 0.38236472 0.7408735 0.22070806 0.30845734 0.55549115
