0.32352918 0.56248116 0.5646252 0.49328366 0.822907 0.1559187 0.7117271 0.2754828 0.071273245 0.80872655 0.55674446 0.71420443 0.59434414 0.10929267 0.81144273 0.14312214 0.12230905 0.59250873 0.27784207 0.28854582
0.68799216 0.95416075 0.20453745 0.4660254 0.8485178 0.22993936 0.2673815 0.39710224 0.67100096 0.6990106 0.3743057 0.8084281 0.5044615 0.7837988 0.8134142 0.054430753 0.41194987 0.838591 0.80282533 0.538306
0.2229989 0.820557 0.53464323 0.81747323 0.7277847 0.98954564 0.7571748 0.2625905 0.15930203 0.26733485 0.42303693 1.0029982 0.8697702 0.87695545 0.38798964 0.9238913 0.47326317 0.6150805 0.65420854 0.9645646
0.1844229 0.20010155 1.0973065 0.83078814 0.9837797 0.39765847 0.21895854 0.35315418 0.47354922 1.0703087 0.97296745 0.7784256 0.67891204 0.4238446 0.3151129 0.64419675 0.64106876 0.2725421 0.5581038 0.48808897
0.72045374 0.3665854 0.7042213 0.21390672 0.26872736 0.18625824 0.70064265 0.30130664 0.30530778 0.56451905 0.7314367 0.95028603 0.6953939 0.04202738 0.6825804 0.3501083 0.975674 0.90858907 0.062517524 0.46568277
0.41011283 0.9744921 0.5206684 0.8919078 0.208608 0.63864785 0.9237827 0.93213964 0.8523204 0.27506712 0.2119938 0.21780494 0.31934893 0.90666056 0.8700001 0.2621117 0.7773107 0.2817062 0.50108397 0.50716835
0.8404224 0.29210466 0.79246247 1.0446492 0.2733942 0.29396427 0.85384965 0.26541972 0.9256143 0.46584326 0.91928816 0.6534518 0.21274906 0.9079651 0.91424066 0.7100162 0.42699236 0.25454265 0.16320254 0.11598116
0.8165593 0.74185246 0.70298207 0.3764826 0.80078846 0.12193692 0.35444236 0.54491985 0.3210038 0.47207183 0.97206354 0.46092865 0.7853047 0.7179694 0.6832678 0.60446215 0.107820734 0.82902455 0.4711443 0.5724141
1.0393462 0.90115577 1.0768696 0.94932985 0.728429 0.5698309 0.34517324 0.44083086 0.7394197 0.39531007 0.5063124 0.35601753 0.87055194 0.3103628 0.33678946 0.8120547 1.04104 0.1988816 0.39840284 0.7244373
0.02737637 0.7645284 0.84387046 0.74664116 0.3791122 0.86762434 0.5334024 0.00025024003 0.8626481 0.34289223 0.42597207 0.48300645 0.78032416 0.8185868 0.86326605 0.839381 0.22577865 0.5844112 0.6353035 0.5651797
0.83877134 0.08488068 0.87710625 0.29316786 0.8999389 0.12416802 0.76601374 0.19833875 0.14866221 0.37677684 0.5692932 0.22603221 0.63160574 0.1890839 0.68460596 0.7446727 0.26952702 0.9012476 0.34036997 1.043917
0.42357275 0.25888094 -0.10919668 0.38108253 0.6253254 0.58758575 0.03479962 0.10378493 0.10514133 0.8450164 0.23136455 -0.022775296 0.8053128 0.8313352 -0.09207657 0.27803746 0.71807706 0.40728614 0.18936297 0.6106275
0.4120394 1.0583725 0.6029962 0.2769184 0.17372476 0.11127405 1.0406649 0.9478228 0.61601406 1.0552567 0.4159912 0.36670655 0.6587383 0.62718135 0.7676045 0.1712362 0.2611161 0.1070544 0.93029207 0.8619315
-0.0872398 0.53204733 0.37701192 0.16802351 0.6956946 0.6133316 0.6951438 0.62138134 0.33416668 -0.07357797 -0.090282775 0.6336824 0.11368303 0.03487877 -0.05798898 0.3372529 0.4733775 -0.13084613 0.6377938 -0.104772314
0.11213051 0.70496595 0.404964 0.69437736 0.74338865 0.13923572 0.7571481 0.68494815 0.8338768 0.30406755 0.9113392 0.8135379 0.8017205 0.07815102 0.5440669 0.60239685 0.65915954 0.19213271 0.8605736 0.49965003
0.70631397 0.23640479 0.93601596 0.9373036 0.47271037 0.49951622 0.24330074 0.94578344 0.7361608 0.70965797 0.09337588 0.57189095 0.26312345 0.9551915 0.41008416 0.36042482 0.7887056 0.5502299 0.7120719 0.28385392
0.6596417 0.12233682 0.1089904 0.88074094 0.35900584 0.01734541 0.8903746 0.6541833 0.8137274 0.8449996 0.35563675 0.16770594 0.7060555 0.7958863 0.5098808 0.23860304 0.86211586 0.13351163 0.32130292 0.4495164
0.47290358 0.0070956 0.35611448 0.6365445 0.92743 0.26751703 0.8996001 0.5077921 0.10880647 0.31753245 0.878462 0.6023414 0.8922508 0.7688203 0.030858558 0.4831134 0.86250335 0.303601 0.5757756 0.14481269
0.5487887 0.74451077 0.9623101 0.806715 0.78449106 0.3764133 0.5179741 0.511569 0.25757045 0.10782622 0.63236517 0.16809553 0.5900084 0.27675474 0.26296285 0.6719757 0.8692597 0.4131906 0.23209026 0.3607128
0.37134013 0.30583742 0.67395437 0.7044824 0.3443223 0.97822195 0.49729505 0.9360066 0.37074977 0.7469814 0.81268024 0.69389063 0.4420519 0.11009368 0.5960527 0.7355161 0.95732397 0.5882478 0.11875033 0.5314759
0.4337675 0.55464643 0.8917156 0.41634232 0.76560175 1.0315658 0.6545142 0.8736743 0.68370813 1.0575697 0.61818165 0.8687759 0.24876383 0.2774828 1.0779179 0.76573324 0.23953474 0.29453 0.34599966 0.7378506
0.16788842 0.38481593 0.7023384 0.137089 0.45374164 0.6564026 -0.026566282 0.20033719 0.1009329 0.4899837 0.2127756 0.8892232 0.821928 0.711838 0.5038297 0.06731176 0.8143626 -0.036528554 0.8037087 0.59250236
0.34561527 0.6186265 0.8364692 1.0434768 0.44560388 0.733039 0.76435345 0.48517323 0.63487375 0.45744202 0.9550975 0.20044222 0.3941456 0.8623344 0.17935404 0.3698669 0.8502951 0.31641075 0.3734254 0.40764868
0.05067123 0.8996248 0.53586566 0.7832856 0.10223783 0.22362694 0.8172789 0.84953874 0.7846178 0.11256263 0.8079606 0.5527751 0.51353663 0.6692202 0.56350106 0.0036745206 0.8091378 0.53141415 0.24620423 0.3155289
0.48136747 0.85469365 0.5328789 0.97911555 0.8903004 0.5043293 0.22189048 0.32421917 0.9945865 0.8247517 0.23248887 0.6636066 0.8315178 0.81332326 0.402601 0.274422 0.28085175 0.6029613 0.5476744 0.2035917
