0.38013792 0.18031566 0.52492183 0.82383615 0.6089018 0.21244913 0.3329785 0.9843099 0.8285462 0.2622694 0.66861266 0.8116378 0.6756951 0.36195558 0.6652103 0.57657355 0.7272016 0.24081361 0.49101567 0.96500206
0.2673067 0.87295866 0.66108805 0.5222624 0.5683446 0.61453605 -0.03698619 0.6071439 0.5624552 0.17596817 0.47812274 0.5879424 0.041517068 0.27852648 0.5860263 0.77001315 0.86373484 0.4493545 0.8006279 0.395818
0.56552243 1.0073806 0.2209158 0.35740417 0.38243666 0.9156958 0.56552887 0.15643916 0.91810113 0.21344198 0.4504887 0.7117623 0.65624994 0.32961518 0.2471107 0.28410548 0.93435806 0.63581574 0.45840496 0.120018415
0.4150771 0.13666944 0.05485462 0.587177 0.8732043 0.2859103 0.009642398 0.18305075 0.1802346 0.34540567 0.68277204 0.048496533 0.77545196 0.63800776 0.34978136 0.77887756 0.50126886 0.14598638 0.21481486 0.21099344
0.7939762 0.6215842 0.20530912 0.5788435 0.28673705 0.33919933 0.45988858 0.42417964 0.21353315 0.7069913 0.8887788 0.43600905 0.10314519 0.4883996 0.59417903 0.42441824 0.39682645 0.9712474 0.6034503 0.50889665
0.9380994 0.80314904 0.6184716 0.7303026 0.38654956 0.7114778 0.942139 0.8548201 0.9297999 0.3452461 0.47762084 0.36408654 0.3932304 0.7111987 0.20806429 0.14709128 0.6433343 0.33205926 0.40756783 0.51799315
0.85747087 0.21072038 0.25621045 0.9046863 0.33870798 0.8716377 0.7621067 0.33360893 0.7550652 0.37278196 0.9361885 0.18056536 0.5786928 0.48003858 0.28248805 0.40576938 0.60566056 0.0687832 0.5748241 0.2779415
0.35324103 0.79082406 0.43064427 0.027260011 0.54353327 0.0029252765 0.44936013 0.00033027818 0.7539383 0.46969542 0.22321422 0.6143307 0.87054926 0.5964648 0.7413089 0.085175745 0.670484 0.3731254 0.13664068 0.6435401
0.80734706 0.85276717 0.8219169 0.63028944 0.6020075 0.85786676 0.66005397 0.71559805 0.81673324 0.931577 0.07892039 0.07016227 0.6038767 0.5529772 0.25151497 0.6171389 0.047759157 0.37084386 0.069514535 0.9184158
0.3852784 0.26230907 0.0873569 -0.12633054 0.044249583 0.21938618 -0.031076219 0.66882384 0.5351179 0.5553351 0.6492 0.6649717 0.79185957 0.1719976 -0.09679639 0.37105492 0.6738276 0.8041531 0.495527 0.21216495
0.67797625 0.5387573 0.46973506 0.65633833 0.8862871 0.6878031 0.56784433 0.9410403 0.7272114 0.18391578 0.5483988 0.4607851 0.5881156 0.79661417 0.268794 0.45513842 0.76592934 0.4763009 0.62112004 0.16216923
0.6127537 0.22134572 0.86290693 0.82050395 0.5418148 0.6703858 0.2074241 0.7841333 0.4890725 0.98795766 0.31011188 0.19199763 0.5061691 0.34398875 0.9433683 0.95911115 0.12589069 0.16753823 0.7020321 0.94188267
0.0023755166 0.5269667 0.30867046 0.600792 0.7389985 0.22258535 0.1680455 0.097860724 0.6330389 0.7615283 0.4168309 0.6718742 0.6686263 0.59395814 0.42286184 0.29778603 -0.0020933494 0.28839323 0.7678674 0.6453393
0.5971913 1.031352 0.43161348 0.57597166 0.5797763 0.7203023 0.45110902 0.09516694 0.5735081 0.57444376 0.8286231 0.16929092 0.11597033 0.26586485 0.41754583 0.9247344 0.13578792 0.44484618 0.70526344 0.3383526
0.73789436 0.8166117 0.30507672 0.78040135 0.91469234 0.78436726 0.7340408 0.51362896 0.23517987 0.71183985 0.24939318 0.7976731 0.44819278 0.37624893 0.76626724 0.7107264 0.99138004 0.33319655 0.10194791 0.35319066
0.4870459 0.09078782 0.95679086 0.23901537 0.30253774 0.49972865 0.87750447 0.3275669 0.59196955 0.53530943 0.25880778 0.46119684 0.88473964 0.0043647476 0.75308233 0.82649064 0.2174712 0.890538 0.20945083 0.43371946
0.69705 0.8928676 0.035001654 0.3310801 0.15739524 0.08801023 0.606633 0.8391095 0.06756284 0.02251639 0.8553304 0.8404966 0.3727725 0.3545789 0.5093107 0.6787875 0.02881993 0.5206629 0.6176398 0.081467584
0.23464972 0.86083484 0.16929719 0.77892834 0.2819247 0.23957482 0.16672151 0.7661227 0.7128154 0.7176139 0.5172974 0.7921271 0.6996134 0.21304305 0.51094455 0.6270546 0.6431141 0.0981493 0.90884537 0.24457256
0.7196868 0.84385765 0.5832325 0.5932002 0.971111 0.31643575 0.32982507 0.6328207 0.6671927 0.23690102 0.45002106 0.13362211 1.0150285 0.98704714 0.2305291 0.97007954 0.5210606 0.48708227 0.26473385 0.67345524
0.5732323 0.627812 0.3121638 0.37944654 0.83308315 0.19286524 0.26159674 0.39287323 0.6065727 -0.02641793 0.5286555 0.11368575 0.24491401 0.7162438 0.37160358 -0.059974845 0.66540855 0.6433948 0.68540376 0.7809055
0.8890199 0.8625015 0.15411502 0.6187851 0.10930928 0.029912319 0.68593174 0.28639406 0.63776207 0.70011806 0.36142138 0.3153946 0.32318655 0.3921542 0.3546013 0.14216697 0.4484896 0.698052 0.20910183 0.36562112
0.24393378 0.46895665 0.096884735 0.21270117 0.5583444 0.44463453 0.6591143 -0.06628953 0.20135969 0.79643047 0.06368067 0.52662593 0.5272982 0.33228016 0.79388154 0.30654258 0.12024333 0.02285245 0.7829752 0.11187654
0.84212834 0.18372104 0.11366983 0.8212396 0.6175355 0.60612583 0.42181814 0.2752181 0.86808705 0.39554772 0.100496046 0.08327253 0.36158758 0.46881244 0.359596 0.16874656 0.23427206 0.35023475 0.81700474 0.5559611
0.2706097 0.4968938 0.7964455 0.39814886 -0.1499669 0.01680079 0.031344276 0.46586257 0.09494306 0.64883405 0.48789367 0.66388005 -0.15575263 0.73252416 0.3889786 0.2826684 0.4107483 0.4750215 0.37523505 0.6789372
0.67459387 0.8519815 0.3466511 0.3522235 0.14301142 0.6360115 0.6611543 0.56006044 0.39875928 0.2811442 0.5654444 0.12495893 0.44140857 0.17665754 0.8388341 0.43060464 0.46559525 0.6604876 0.6406719 0.83204645
