0.018764246 0.74377733 0.3576235 0.1752223 0.27125612 0.2162993 0.33816823 0.70472986 0.64797676 0.30293766 0.16694602 0.0037388653 0.42968032 0.6651256 -0.024602752 0.725041 0.078084834 0.15145287 -0.1860072 0.14786515
0.43412852 1.1523054 0.5565991 0.57647175 0.41035038 0.27378395 0.86963475 0.86886436 1.0837005 0.5297441 0.30828604 0.28772798 0.64461917 0.99965394 0.39706993 0.67372704 0.8242555 0.9688777 0.41647282 0.55693954
0.4200741 0.26335648 0.7476607 0.26063484 1.0221841 0.74366444 0.114302 0.31085557 0.59803003 0.5234225 0.36421138 0.56135726 0.8909851 1.004959 0.21641219 0.48808128 0.24329379 0.3578145 0.60711145 0.197836
0.68570095 0.8288308 0.27179733 0.284739 0.3661109 0.5360746 0.9471281 0.1655547 0.36791486 0.8447507 0.6899736 0.5984048 0.22544026 0.5999196 0.14831713 0.10828376 0.6362684 0.66795355 0.57382375 0.44639912
0.4580551 0.26401052 0.82643586 0.21409373 0.2026969 0.03299331 0.7044695 0.5856135 0.87966704 0.65591466 0.73210543 0.3139863 0.73017293 0.5338094 0.666021 0.103081025 0.8383679 0.20217521 0.4616639 0.52428365
0.35980022 0.6246819 0.06256081 0.13402337 0.15629335 -0.021355513 0.46653196 0.46138546 0.6424728 0.015892884 -0.13175054 0.6153705 0.51318234 0.19973975 0.4255027 0.109506465 0.7866258 0.5786451 0.58457226 0.45147172
0.74819034 0.7701523 0.97786915 0.7406251 0.83271515 0.45335975 0.54274696 0.20903552 0.95124394 0.3864849 0.23648123 0.22545695 0.16064258 0.43117842 0.7183993 0.26882365 0.1432369 0.21375746 0.32717383 0.7819182
0.54528874 0.081283316 0.78675985 0.955655 0.6723223 0.85510564 0.93682617 0.19015133 0.28690708 0.07609413 0.84686446 0.42105845 0.8513801 0.15665102 0.47443172 0.84903216 0.45903492 0.6164876 0.48607266 0.9587512
0.7360656 0.29035473 0.6924999 0.20860192 0.81322217 0.046473533 0.43223605 0.77065235 0.17220534 0.5659412 0.5663432 0.8176555 0.33695897 0.7906288 0.06116948 0.36125797 0.8549923 0.15550002 0.47701633 0.7720827
0.59846085 0.4289315 0.40499333 0.5274755 0.48117307 0.50980556 0.72524434 0.6360729 0.6243704 0.31206065 0.71719617 0.8272993 0.84875226 1.0287786 0.43469656 1.088643 0.29623374 1.1365433 0.7139027 0.31005874
0.3843747 0.4653425 0.083347775 0.7953188 0.3158132 0.5401474 0.31777143 0.3213085 0.38584664 0.7906769 0.6615174 0.30471656 0.3070573 0.72868586 0.7222733 0.62653214 0.71253407 0.5064838 0.68140805 0.48096025
0.49140385 0.773094 0.201778 0.5674934 0.6315802 0.8345784 0.32277793 0.5848538 0.25789475 1.1079271 0.32345653 0.78599256 1.0856004 0.6006938 0.38613856 0.285219 0.35362616 0.4029418 0.42886832 0.92244446
0.032509394 0.5051786 0.79788184 0.30074167 0.9511389 0.16119377 0.46924844 0.84688044 0.30676502 0.25970766 0.7766345 0.489457 0.13063563 0.20807482 0.17887753 0.5548979 0.7126735 0.3529231 0.09860084 0.7911347
0.61771864 0.93102753 0.5499139 0.8305434 0.121543474 0.15772516 0.7116145 0.5028974 0.599113 0.5302571 0.7341981 0.019500066 0.10408411 0.8449802 -0.007039136 0.73734087 0.25811842 0.64869994 0.6450847 0.38222063
0.4449075 0.55241674 0.19841163 0.31763026 0.38861576 0.2932207 0.49745154 0.9201817 0.80455154 1.0968225 0.7935857 0.39118516 0.9084547 1.1257277 0.3408311 0.5063821 0.9812301 0.26265362 0.5156709 0.21332663
0.75487363 0.5930294 0.30665728 0.012437303 0.52034837 0.08016804 0.4545724 0.48741415 0.08504109 0.5439133 0.38398042 0.116098806 -0.16586848 0.5581622 0.73445094 0.423032 0.6297111 -0.14426866 0.6409673 0.08372921
0.62474173 0.06923762 0.14848065 0.12202451 -0.048212666 0.27230558 0.52495176 -0.020600148 0.2795134 0.4728396 0.14657153 0.38890585 0.44706634 0.55856264 0.7832794 -0.04500575 0.48938102 0.80659854 0.30914292 0.7934299
0.6290434 0.32034847 0.94167536 0.20135917 0.5202787 0.82871455 0.34713516 0.2129891 0.93278396 0.11415619 0.7793115 0.8580334 0.87633294 0.76733816 0.6022939 0.65586495 0.27972496 0.1162291 0.40904033 0.93982935
0.36607948 0.84164304 0.5044722 0.39589185 0.28844634 0.4414303 0.8239553 0.60097146 0.17204912 0.8602447 0.67085695 0.15344541 0.24034704 0.31144014 0.10711929 0.41230667 0.20137426 0.6981595 0.60598457 -0.04279944
0.5423875 0.32388327 0.7255269 0.17009285 0.21068624 0.56064755 0.3454807 0.14379662 0.35236633 0.6697475 0.13639514 0.21489397 0.82700866 0.828136 0.2141274 0.26324955 0.7259534 0.4681194 0.6864355 0.38459158
0.5737555 0.8141132 0.8638563 0.58614206 0.26396784 0.6901731 0.2527916 0.55610627 0.5383414 0.3645189 0.3002962 0.5882081 0.217174 0.832387 1.0686052 0.7149857 0.6388681 0.4525364 0.72287583 0.5035436
0.6121283 0.6587868 0.29777652 0.65932804 0.85239965 0.8377219 0.6205808 0.7130427 0.13669372 -0.035571616 0.8393209 0.37881082 0.5155668 0.3766501 0.74748087 0.4875089 0.31910288 0.8544551 0.16063447 0.06640231
0.8017152 0.48580608 0.6893859 0.8393731 0.6636425 0.21544036 0.578221 0.9146859 0.052825697 0.110823855 0.77977747 0.45799938 0.02973668 0.60792524 0.28796473 0.09351298 0.70557284 0.91797227 0.52505094 0.2854994
0.29937106 0.27780557 0.4379963 0.32211462 0.9452617 0.6022231 0.37942472 0.51928884 0.90644133 0.3481194 0.99328977 0.7813087 1.0305848 0.8443522 0.698317 0.42578542 0.5552787 0.24997813 0.51809996 0.41318125
0.5312491 0.33352137 0.61744356 0.0025280532 0.5411978 0.84430635 0.3039859 0.70339626 0.8588007 0.16930515 0.12496607 0.8857708 0.7700632 0.74368894 0.3167308 0.20735715 0.052522443 0.039715726 0.48256803 0.24742222
