0.63555306 0.43739375 0.92196774 0.92259157 0.9338126 1.028912 0.47570866 0.40608934 0.39404842 0.66719496 0.27755964 0.24560255 0.62541133 0.49031734 0.7174659 0.24623331 0.458133 0.8126015 0.48793525 0.41704696
0.7104048 0.6020145 0.5643922 0.36494645 0.12788436 0.6987342 0.7399081 0.23331153 0.5896241 0.64406717 0.7720029 0.45791578 0.50117135 0.6343698 -0.14946546 0.67786944 0.7366818 0.42587376 0.53191316 0.3432225
0.40778702 0.09487292 0.9174349 0.18605213 0.8236684 0.8076273 0.17663369 0.14377351 0.39488578 0.59662247 0.18483827 0.33707026 0.62594557 0.5084176 0.96317506 0.22599213 0.7081896 0.22603874 0.3435914 0.12704769
0.41588548 0.38422078 0.5160788 0.68462235 0.5564992 -0.22179145 0.4521031 0.38698807 0.324551 0.6277477 0.65878063 -0.14895795 0.025430074 0.13968553 0.39035538 0.31951168 -0.097037554 -0.008805141 0.35114244 0.21884319
0.42076266 0.65074676 0.38668394 0.250298 0.9653888 0.6744312 0.98690367 0.6234879 1.0515383 0.24990253 0.9707879 0.18263686 0.1050328 0.46541968 0.79912037 0.5886372 0.56849265 0.52519804 0.57996315 0.5885284
0.20232974 0.043944526 0.15230118 0.8884116 0.10525629 0.8859557 0.66959906 0.52744466 0.3051475 0.060022518 0.90101063 0.88737935 0.22371808 0.38160533 0.7813602 0.36017653 0.8138781 0.8796851 0.07141178 0.7850071
0.55769086 0.5718049 0.59248805 0.53506833 0.72810084 0.7524522 0.15896206 0.15995096 0.7517389 0.75727326 0.9723682 0.5461069 0.1635345 0.61647916 0.17649038 0.6312628 0.9948123 0.86512923 0.68324816 0.35009235
0.3636113 -0.011025791 0.84507006 0.3085172 0.2465196 0.22756632 0.013595311 0.82033014 0.8487355 0.64382684 0.4256244 0.82389927 0.08432951 0.1497919 0.54327357 0.74092764 0.58360577 0.65520287 0.47508407 0.12851131
0.5399626 0.5805503 0.8892376 0.8186953 0.31526443 0.13221925 0.1140197 0.6910689 0.7264272 0.18957004 0.24462977 0.17363346 0.19529566 0.8527727 0.5143493 1.0180106 0.55646205 0.33763427 0.35581806 0.95212185
0.388864 0.24190356 1.0498755 0.5836332 0.68877107 0.3469907 0.3103094 0.553022 0.7890166 0.44270357 0.5880899 0.3227681 1.0944701 0.4320339 0.52340174 0.60440487 0.66053885 0.857559 0.53551066 0.40637663
0.6408575 0.7185067 0.6725018 0.2113744 0.8985614 0.09469057 0.57493484 0.18036528 1.0508716 1.0339639 0.3735068 0.9496191 0.15071253 0.8903117 0.40843946 0.64386576 0.08873156 0.5323342 0.8400971 0.3598243
0.6810017 0.42095163 0.65051746 0.44557273 0.15425013 0.57385164 0.19888145 0.6886489 0.84479624 0.9348096 0.3709641 0.33382902 0.16123547 0.5215374 0.5007003 0.8910288 0.21871093 0.8673137 0.6084416 0.16804115
0.83789563 0.6800503 0.76933455 0.93756056 0.16915959 0.45353565 0.6824319 0.9358555 0.20949006 0.15723945 0.33053002 1.0451761 0.20567432 0.5849183 0.8904769 0.58514667 0.9334822 0.2611953 0.14157468 0.48150897
0.55412674 0.15927866 0.6025107 0.11979447 0.44953376 0.6542506 0.8706114 0.24985033 0.1670764 0.54259115 0.8659462 0.5184324 0.50506854 0.5575249 0.485832 0.541648 0.45789808 0.7534194 0.42214736 0.7208101
0.030534511 0.1360339 0.8684108 0.7947944 0.86456925 0.20288105 0.6248052 0.07688163 0.8193065 0.40053594 0.79917705 0.59934765 0.1910012 0.744386 0.059047524 0.89912415 0.25756168 0.06295987 0.65077645 0.84323996
0.7450252 0.42502347 0.8815539 0.25908235 0.16599885 0.753112 0.6861157 0.33122125 0.80131274 0.80830646 0.39028382 0.016542848 0.43493056 0.22998916 0.51437557 0.5442457 0.75451946 0.5101688 0.515376 0.39495733
0.24908853 0.45068488 0.31173244 0.045679256 0.55728453 0.46610516 -0.16519712 0.42844164 0.03741711 0.65077555 -0.15055835 0.06785313 0.25432828 0.52089924 0.12593572 0.56281894 0.255542 0.37561014 0.5737059 0.38694388
0.15972178 0.3058989 0.12947749 0.68835586 0.30210423 0.46652943 0.422034 1.0250267 0.737449 0.7693039 0.8308593 1.018636 0.6161594 0.18180074 0.7663155 0.896109 0.08742062 1.0118322 0.7106772 0.48369285
0.9445547 0.9568006 0.05813407 0.107214175 0.72359884 0.5609468 0.27315387 0.8518358 0.38127324 0.6250066 0.6668404 0.33814335 0.48328996 0.42939728 0.12797973 0.5361693 0.7009421 0.4112705 0.7059618 0.27712798
0.1162226 0.5595 0.8242504 0.51426995 0.14264908 0.058390733 0.38152808 0.090270825 0.40575433 0.76164895 0.9176297 0.71489626 0.6062781 0.14542413 0.35014412 0.33110142 0.9730074 0.37790307 0.7148908 0.98566246
0.30199766 0.49235845 0.48045212 0.31161374 0.61116064 0.48760685 0.44887754 0.6690459 0.7841871 0.29189634 0.15113252 0.6507199 0.86615086 0.27099183 0.48977682 0.91933894 0.72106165 0.84482926 0.5434003 0.97310156
0.55612653 0.6445344 0.6646059 0.32954794 0.22014594 0.69437724 0.3683102 0.5954958 0.9015822 0.9805073 0.3131132 0.6837914 0.60494834 0.36325255 0.38439882 0.6696946 0.45698896 0.7630084 0.6709034 0.5080252
0.37768522 0.91397697 0.7220113 0.54730624 0.91656864 0.5835002 0.2287781 0.2087961 0.51368004 0.1823495 0.83880806 1.0147953 0.36763802 0.31452388 0.8648014 0.43886444 0.66046536 0.86719584 0.650461 0.19046403
0.29627058 1.1656531 0.7525487 0.62012714 0.49629337 0.5809408 0.24590272 0.23005809 0.5154364 0.33795747 0.94026583 0.5972974 0.7451203 0.45905346 0.2941285 0.8482201 0.8398495 0.3982402 0.7583311 0.46697974
0.19352716 0.44413906 0.46962225 0.459936 0.5255276 0.5488129 0.32890064 0.5473165 0.08492533 0.6856 0.46149427 0.7888854 0.23765591 0.37257168 -0.10139915 0.4680719 0.3415457 0.1304877 0.12444058 0.11994387
