0.7346377 0.24675101 0.8820545 0.24005827 0.381284 0.743883 0.36800978 0.8943325 0.13018215 0.59593403 0.406233 0.5426305 0.81405914 0.5935468 0.6584022 0.044872098 0.6165863 0.10812928 0.3804967 0.6485063
0.7225657 0.65128213 0.8933258 -0.010709315 0.58718807 0.65523976 0.14554358 0.5448814 0.07883051 0.6907606 0.45134455 0.34514368 0.7135376 0.21552218 0.4071778 -0.00034765204 0.38261095 0.049018476 0.79463744 0.52918595
0.91802937 0.4577116 0.13158467 0.13570759 0.26202926 0.38169214 0.84089303 0.48910272 0.82625204 0.6168072 0.15884785 0.43998677 0.28857002 0.21245739 0.6483078 0.2083191 0.5285508 0.43661043 0.38795602 0.19068801
0.48769176 0.19143625 0.24718915 0.84132934 1.0821202 0.55369437 0.9184742 0.5760649 0.53048724 0.5178578 0.7073964 0.24589275 0.8472179 0.51499295 0.1974627 0.902333 0.5624818 0.52832913 0.6471242 0.24895835
0.88380796 0.95304686 0.23798203 0.2887982 0.76398647 0.8712083 0.3481816 0.39562604 0.862337 0.61078686 0.58684653 0.4051612 0.34005907 0.3077785 0.44555628 0.7831142 1.038676 0.40438545 0.58568716 0.4444141
0.4157095 0.8564529 0.4378546 0.18997501 0.86400294 0.34810945 0.62935394 0.54901105 0.30212423 0.28775966 0.7388158 0.18244106 0.57231194 0.024229202 0.025451511 0.17208588 0.6830644 0.37899938 0.1209127 0.8340388
0.32819304 0.6222094 0.36237192 0.037476346 -0.043789875 0.28835195 0.33844537 0.60477006 0.18385997 0.48189655 0.42657968 0.25286293 0.69414127 0.6903057 0.17174721 0.7941455 0.47323957 0.031242993 0.61027116 -0.05870361
0.39485952 0.99847484 0.8972692 1.0132769 0.46698388 0.67082316 0.4220362 0.4201043 0.83926374 0.39308533 0.32023332 0.35717753 0.6917266 0.7843871 1.0502261 0.646689 0.82432556 0.7322711 0.34175846 0.37946045
-0.066576146 0.18656223 0.6524151 0.38110083 0.68521106 -0.08065603 0.6576998 0.37941262 -0.10182763 0.8403098 0.23581089 0.08006236 0.05162715 0.20260404 0.70860964 0.48238453 0.65602165 0.63814986 0.73687035 -0.08065684
0.40568092 0.108248346 0.046502765 0.4304572 0.447451 0.9046544 0.09142828 0.3959131 0.21367227 0.44988373 0.49326617 0.4205421 0.37191415 0.36261514 0.8478072 0.22031651 0.9618163 0.15463336 0.5941895 0.7675902
0.2521816 0.66494304 0.48753673 0.24003954 1.0401522 0.24957749 0.4619239 0.63921535 0.27758017 0.50412405 1.0385494 0.3788974 0.9086281 0.40192965 0.66253954 0.6494281 0.6483194 0.12477963 1.0812769 0.5450329
0.6243227 0.9162565 0.937614 0.6299819 0.45324546 0.63702565 0.4153406 0.3972978 0.34699178 0.048597243 0.68409264 0.8796699 0.60235566 0.8798843 0.19435 0.864749 0.56137 0.53699756 0.1521134 0.7264436
0.36891136 0.52056426 0.8677396 0.825408 0.77087486 0.5825832 0.5561938 0.33120283 0.5544167 0.7773975 0.97085655 0.5874316 0.20485553 0.8968978 0.17489874 0.18464004 0.5402889 0.502918 0.7682508 0.6593194
0.96166086 0.8700197 0.31000158 0.51917875 0.32496893 0.60399383 0.3399767 0.276283 0.800412 0.74429125 0.80587643 0.4614295 0.66923755 0.27112937 0.48256233 0.40736535 0.9967787 0.73056906 0.68222725 0.3281543
0.8158178 0.14531134 0.023057764 0.78737754 0.50246966 0.026631225 0.6236538 0.0069636526 0.7037525 0.43729514 0.47919768 0.15949644 0.61459374 0.2117425 0.5952028 0.71501577 0.38685182 0.6422283 0.61422896 0.16431956
1.0283371 0.7335553 0.5731429 0.53270483 0.60147244 0.84255946 0.21440087 0.31898013 0.35997674 0.4793971 0.35446307 0.40585715 0.81149983 1.1171936 0.89955235 0.71199775 0.6071528 0.26920685 0.74993896 1.0870625
1.001517 0.6530482 0.7467698 0.94427496 0.8595681 0.35176277 0.4176481 0.49019465 0.76912314 0.56777996 0.20262167 0.30378678 0.35245365 0.67831594 0.28275567 0.67886907 1.0847219 0.8326659 1.0433563 0.41761106
0.4922091 0.6935356 0.5151036 0.9419618 0.40011752 0.6131565 0.22046249 0.8957365 0.25274742 0.7247168 0.5702983 0.39300922 0.73126423 0.3007971 0.56516 0.56953233 0.79744244 0.61925644 0.5546017 0.6580598
0.8210196 1.0052246 0.28723615 0.25459632 0.19614771 0.07697512 0.39778566 0.647042 0.13742672 0.7132441 0.7440493 0.59169215 1.0162594 0.4408908 0.48309824 0.25316608 0.5728166 0.07897699 0.26899377 0.8288903
0.5988622 0.71909714 0.5989533 0.9127386 0.49102187 0.5792904 1.0306703 1.131797 0.39172775 0.29204634 0.42884648 0.47568497 0.86261857 0.69611317 0.5092067 0.95711184 0.7432826 0.32320887 0.5558146 0.36274397
0.40785077 0.76629364 0.1977292 0.30854997 0.22764069 0.6640595 0.19508827 0.5839515 0.8551684 0.67016804 1.070623 0.95962197 0.5185623 0.14801311 0.3644297 1.0462464 0.15215874 0.91372705 0.32530132 1.0318584
0.5964957 0.37622696 0.35744318 0.8474863 0.018125273 0.25811738 0.06423234 0.9280829 0.63383996 0.7643382 0.9166958 0.7226545 0.84209794 0.4327422 0.11682464 0.6041805 0.65767837 0.06065985 0.9111375 0.19075906
0.46439487 0.29079866 0.77393556 0.8260674 0.4294295 0.37912217 0.31415272 1.1085293 0.2695418 0.24397007 0.6923637 0.83435494 1.0731858 0.42421234 0.61354005 0.7070534 1.0984592 0.54849833 1.1149879 0.48518637
0.198688 0.566523 0.79216 0.30917907 0.6125852 0.56194896 0.15706421 0.42159143 0.7633044 0.18366417 0.31770802 0.45770532 0.3822425 0.761381 -0.047790356 0.66877455 0.13882604 0.35601854 0.7585462 0.38070595
0.43190286 0.7487599 0.3353617 0.49633598 0.58780557 0.67487246 0.7243523 0.6926717 0.37727994 0.400323 0.801083 -0.10862739 0.50684917 0.63240486 0.7897488 0.21159127 -0.0701378 0.5896022 0.7474247 0.40934023
