0.5330847 0.31634188 0.45608395 0.67562443 0.4742232 0.045031253 0.049354106 0.57539797 0.47149947 0.33378857 0.6289005 0.68464226 0.5377366 0.09674327 0.06790303 0.6935134 0.39289275 0.7968413 0.6682402 0.37546527
0.32018286 0.29741955 0.30960363 0.18434978 0.65696055 0.7009439 0.9988537 0.9137525 0.28170004 0.94924486 0.17819811 0.42232344 0.34415406 0.7666156 0.6697223 0.66503984 0.7252357 0.8123962 0.5868081 0.8185863
0.50210255 0.44256493 0.33343652 0.18316773 0.93917274 1.0867981 0.12712383 0.8206224 0.8273422 0.3048027 0.895067 0.51266366 0.5109228 1.0736117 0.40997845 0.5144228 0.14927551 0.17634873 0.23161282 0.24011718
0.15411854 0.35427734 0.31781036 0.8595826 0.20132281 0.47799444 0.7569457 0.66611606 0.2720113 1.0679084 0.35182044 0.9391045 0.75571895 0.2176105 0.5392532 0.54117894 0.52946484 0.5821179 0.3474408 0.19037014
0.14982325 0.80295515 0.60481364 0.8235891 0.8029039 0.0910713 0.28419632 0.80782306 0.40615246 0.20248759 0.007236607 0.37784615 0.6857185 0.23305899 0.66161406 -0.0024793565 0.7816691 -0.004386654 0.18835841 0.68171555
0.55189306 0.8523848 0.51640743 0.48411053 0.65370005 0.07882592 0.07907788 0.1621494 0.34241155 0.5530998 0.88709694 0.3404025 0.30006334 0.8062763 0.2466323 0.65656805 0.7303036 0.7287096 0.23354442 0.6762063
0.4851117 0.54499173 0.65861267 0.7755871 0.19830823 -0.11983712 -0.09784389 0.53109217 0.6426885 0.7671212 0.77109367 0.118966885 0.3839048 0.42621803 0.6208177 0.21558052 0.61950725 0.29113916 0.08225757 0.6938834
0.24385332 0.6837758 0.40061066 0.55261445 0.8392814 0.53620446 0.9409492 0.9246863 0.89016527 0.5177826 0.5390206 0.036941595 0.2767745 0.84962195 0.45349813 0.7333601 0.109794095 0.6082999 0.6512873 0.67072296
0.23129396 0.9127073 0.5164898 0.39959577 0.3303084 0.3355406 1.0275956 0.6568673 0.20084913 0.32603097 0.40174547 1.1154667 0.984792 0.28002152 0.9417993 0.5904658 0.8802942 0.4029201 0.82780033 0.29645458
0.84490556 0.3441332 0.2195242 0.14500013 0.72669286 0.74349093 0.60197234 0.5041794 0.17818281 0.22490972 0.3007619 0.73338187 0.578993 0.6388752 0.54719234 0.5547466 0.8156853 0.8420436 0.28095144 0.20050417
0.73777485 0.69818413 1.056857 0.53300786 1.0318307 0.41077325 0.30596203 0.1692807 0.49759373 0.32831416 0.41006488 0.30541024 0.47462007 1.0388376 0.52662313 0.48938575 0.11673988 0.45295942 1.0736692 0.73382443
0.74816924 -0.06388619 0.5819802 0.61889374 0.019526511 0.5656969 0.39342943 0.35373148 0.9094349 0.3925773 0.7723666 0.038266607 0.79909915 0.32824072 0.8495238 0.8378659 0.16943723 0.76360077 0.65354997 0.22806157
0.28200188 0.92913526 0.2966076 0.68718076 0.5549033 0.8584087 0.94399226 0.76996416 0.5422103 0.08426386 0.103270054 0.5043493 0.07550581 0.5246459 0.18520431 0.944358 0.5895387 0.20848525 0.8304697 0.2981437
0.9110202 0.8904183 -0.017449347 0.14168404 0.81149465 0.85143477 0.839682 0.3462094 0.921745 0.009377165 0.8671176 0.8067803 0.6513007 0.6711601 0.78066564 0.82666326 0.2810836 0.11208511 0.26470146 0.4639028
0.299155 0.9113797 1.0364746 0.6230925 0.80299246 0.18880768 0.5209731 0.18836308 0.32339022 1.0477278 0.7061201 0.46312433 0.8783428 0.5678734 0.16732402 0.81863225 0.68298477 0.22652368 0.38329688 0.72922707
0.17757608 0.3608653 0.34240213 0.9090304 0.42741385 0.8117696 0.2088261 0.6661702 0.74189097 0.71978426 0.75933427 0.5786616 0.8075315 0.616306 0.7880796 0.68627894 0.2448952 0.34060353 0.82999 0.4418982
0.7883995 0.43792242 -0.09424747 0.1743488 -0.08599752 0.7534995 0.28070337 0.76902175 0.76370364 0.5781126 0.27288234 0.4171379 -0.09261184 0.010535676 0.27334237 0.10188616 0.20380197 0.5053448 0.6511051 0.72534084
0.67721075 0.48390538 0.19307968 0.25707677 0.5887288 1.05255 1.0338322 0.9306402 0.9701721 0.8268328 0.18219948 0.65977794 0.4360826 0.96515363 0.4380874 0.55093634 0.7879615 0.2968571 1.0858372 0.31579196
0.081865065 0.5454942 0.09958481 0.3174855 0.5601818 0.62316227 0.05887086 0.6315143 0.48686504 0.07462803 0.89554703 0.7601159 0.8217633 0.17535898 0.33623445 0.20307876 0.17921653 0.77268714 0.63471407 0.49642122
0.12644325 0.9135098 0.44517413 0.9033406 0.53707933 0.78522676 0.8040299 0.68070227 1.022028 0.9892727 0.56211245 0.31999126 0.18433778 0.87877244 0.26920247 1.0075043 0.47893685 0.37274846 0.32581872 0.09792558
0.20235796 0.9443021 0.971986 1.1084865 0.2760922 0.98781246 0.8003889 0.20112641 0.2467435 0.18403164 1.0544323 0.8566506 1.0093162 0.6963647 1.0378861 0.64142466 0.37755135 0.36160237 0.32660496 0.52717
0.26415798 1.1578293 0.6222789 0.65845793 0.25597638 0.5000017 0.39290193 0.9239594 0.83215123 0.30425307 0.79645866 1.1364827 0.40117517 0.9520828 0.8827497 0.6832679 0.25925907 0.49919707 0.6002466 0.5838294
0.5470504 0.67341024 0.42424512 0.8448291 0.82149243 0.16995843 0.30940577 0.17415485 0.57941437 0.5680747 0.7209591 0.8536696 0.4186911 0.6889922 0.12445236 0.59373593 0.7900969 0.850184 0.22744823 1.0030104
0.15162405 0.94080436 0.15156646 0.35126954 0.6649805 0.7929346 0.059905764 0.35645664 0.27354214 0.6318343 0.6036329 0.5256347 0.8841547 0.2639558 0.015468973 0.5214683 0.6505748 0.10994772 0.19250886 0.7120351
0.9138721 0.6703925 0.26830903 0.7976807 0.874443 0.35158196 0.17311952 0.8105149 0.60321575 0.14961927 0.78018135 0.18327905 0.82812756 0.008724095 0.32553166 0.2608517 0.89169306 0.4118207 0.50277144 0.18950528
