0.4901393 0.90968 0.78534865 0.6149364 0.6986979 0.61802936 0.82066417 0.18536565 0.39643702 0.7892825 0.46491024 0.4180906 0.26678032 1.1148843 0.22521958 0.39858353 0.65890265 0.48473078 0.9825821 0.24571583
0.49978054 -0.079951674 0.5024848 0.31286323 0.3229022 0.2669915 0.27254683 0.701782 0.6363422 0.51284933 0.6393403 0.29934463 0.20432149 0.28620246 0.3173994 0.12447429 0.68123055 0.1806256 0.73608863 0.029726744
0.3287186 0.6684657 -0.115801826 0.03447799 0.3452628 -0.17871247 0.6945171 0.33538592 0.15104467 0.04321343 0.47993502 0.5545591 -0.1917443 0.7023031 0.58888465 0.5986732 0.5655348 0.25944734 -0.14461946 0.1153088
0.8736336 0.18801405 0.18875268 0.938318 0.13504952 0.19260263 0.5782469 0.85510045 0.6374347 0.66068786 0.96908176 0.17695907 0.122896776 0.38062108 0.81486356 0.4597644 0.8687884 0.28560647 0.17273492 0.78978056
0.09730401 0.39502385 0.09644976 0.48569825 0.3479436 0.3925663 0.51891786 0.093178414 0.3879037 0.47590744 0.6712665 0.5537284 0.41562742 0.17321402 1.0126134 0.9573256 0.9734872 0.22143105 0.76173335 0.8176496
0.6173434 0.642541 0.8444827 0.2001327 0.2769802 0.89574945 0.33126193 0.762755 0.64951366 0.45761272 0.38711375 0.54461086 0.82539827 0.31657 0.7229854 0.023522165 0.12328934 0.762516 0.21002798 0.61808014
0.12267136 0.19278397 0.03678702 0.7590724 0.78350896 0.5113806 0.6892009 0.42708018 0.10954682 0.50704736 0.7650495 0.5178418 0.5504055 0.81733304 -0.037285794 0.20419818 0.11850109 0.76051533 0.7249107 0.07926479
-0.033850446 0.5679075 0.37821704 0.10887427 0.48529464 0.40810856 -0.07684017 0.57431537 0.21075943 0.58928156 0.5233366 0.72549194 0.71864384 0.21368049 0.23855174 -0.0013064758 0.20406538 0.70493543 0.55835706 0.06628025
0.23011748 0.8469393 0.20832223 0.06627851 0.7892463 0.1885909 0.69209826 0.120728664 0.3545359 0.11011266 0.8825296 0.54954696 0.11349493 0.049970802 0.10672427 0.13910672 0.9230204 0.18403961 0.35198402 0.46873096
0.5170456 0.15814485 1.034657 0.5237835 0.80588615 0.22254932 0.7274935 0.55403143 0.6064746 0.409301 0.9473114 0.6112633 0.32069793 0.20640711 0.3710046 0.15834065 0.8950659 0.518638 0.7937346 1.0295562
0.52129054 0.21298692 0.7012038 0.4571182 0.7270001 0.15023798 0.5999937 0.1978221 0.23824833 0.42173213 0.6181552 0.50198257 0.40453598 0.38027507 0.2188838 0.16804142 0.21361999 0.941117 0.7861629 0.06055875
0.32458124 0.2916656 0.63392955 0.8714481 0.12977856 0.12829305 0.92357475 0.38970178 0.3779933 0.2751939 0.8972907 0.9646059 0.6430763 0.7799585 0.2608587 0.33815774 0.08991076 0.6580845 0.31671077 0.6983286
0.56216824 -0.0058963285 0.15831259 0.05417187 0.4424538 0.4470965 0.83938986 0.31898832 0.104058474 0.652099 0.09618861 0.3726205 0.46498436 0.16214766 0.5401643 0.49695814 0.5558687 0.2972631 0.035979524 0.7227739
0.9927576 0.34535253 0.6058767 0.19512248 0.14622879 0.6460204 0.25389922 0.617371 1.0084699 0.59820807 0.32702014 0.13170102 0.23020685 0.70436645 0.49160764 1.0305737 0.18300481 0.19990224 0.79404145 0.33726403
0.7361892 0.48184526 0.35001048 0.7683653 0.74642617 0.71485955 0.27055547 0.061421517 0.8709579 0.7234815 0.49590063 0.0617939 -0.037517313 0.46497408 0.20500907 0.37287852 0.61623836 0.7774685 0.6079897 0.6580201
0.7130137 0.8598331 0.101062715 0.6847785 0.38265806 0.8088741 0.26618332 0.7618692 0.4589459 0.28301197 0.8789024 0.055724345 0.8192931 0.96547526 0.44236204 0.12573446 0.40115553 0.7321846 0.6257621 0.89498854
0.99770886 0.31197393 0.2959601 0.20867163 0.33201236 0.87893695 0.254787 0.6045971 0.60594213 0.39915872 0.9004845 0.48383382 0.49533862 0.53870445 0.809003 0.26116395 0.7732653 0.2632469 0.58850086 0.22675018
0.52101076 0.5102461 0.80455905 0.14939117 0.5981927 0.970456 0.89413714 0.64571995 0.48735636 0.33852 0.18093832 0.7356054 0.16262856 0.19105051 0.9248883 0.8846321 0.7037271 0.14750476 0.8309915 0.6315726
0.51109505 0.3962719 0.4846616 -0.03164171 0.05971428 0.21834517 0.6153029 0.42952126 0.61074394 0.7586557 0.26272205 0.03647159 0.5491133 0.102713786 0.19112624 -0.007070452 -0.14451689 0.75047535 0.2561989 -0.1331954
0.03478116 0.5514018 0.7405632 0.5457037 0.6653014 0.23251006 0.6081489 0.402125 0.23174784 0.65033865 0.030392298 0.47986186 0.2877866 0.27095145 -0.15754823 0.38166025 0.37302458 0.6644331 0.30708858 0.21648552
0.75387925 0.3741144 0.21718706 0.8178243 -0.0512609 0.5950585 0.19906354 -0.056338068 0.6260224 0.78607875 -0.07573027 0.45026705 0.40314612 0.6841763 -0.04452161 0.78242266 0.34074238 0.5061463 0.43537945 0.7006596
0.6944974 0.5010258 0.81271756 0.2060372 0.24925435 0.6199881 0.24911977 1.0585715 0.95238376 0.6940409 0.82745004 0.19855082 0.7005174 0.54050773 0.26798844 0.90806776 0.32974243 0.7084376 0.75024796 0.15915671
0.7030787 0.43180037 0.21271421 0.80039847 0.7763919 0.9305127 0.33417848 0.76365185 0.5244738 0.3242925 0.5043264 0.6068629 0.3000883 0.162927 0.56329477 0.7562013 0.995923 0.9294379 0.4943503 0.22303659
0.47269064 0.093646795 0.44958416 0.8103699 0.5548252 0.7288847 0.06135682 -0.03499849 0.24446371 0.36924645 0.2537042 0.85082674 0.040860746 0.33115336 0.41342103 0.5035062 0.65120846 0.09744398 0.24701542 0.04812256
0.50600684 0.16450378 0.3043658 0.9860265 0.14682133 0.6807949 0.5665133 0.17617112 0.2622637 0.703138 1.0683305 0.92160624 0.7971298 0.9068913 0.92793584 0.319417 0.7465292 1.0134116 0.7591368 0.7544747
