0.59672064 0.7165353 0.966349 0.856537 0.6544474 0.34778336 0.3157012 0.2844597 0.17190473 0.07604338 0.48196337 0.14849202 0.9039391 0.81884134 0.30340424 0.6345602 0.5138313 0.73608196 0.2931924 0.3305985
0.20350194 0.23801497 0.12133367 0.14995204 0.22195856 0.8794714 0.8998578 0.18989338 0.66102105 0.32726458 0.8724945 0.59561896 0.80007017 0.85281336 0.86911154 0.061374553 0.17586683 0.9121959 0.79363203 0.2930186
0.2822297 0.54627746 0.3446112 0.46844605 0.4426135 0.5549278 0.69701046 0.47081366 0.15081853 0.81794834 0.8110526 0.86833537 1.0139915 0.9709162 0.676217 0.8280185 0.6489266 1.0196699 0.29294422 0.8027413
1.0180318 0.27248257 0.16894865 0.63552326 0.2489914 0.69339037 1.034808 0.7493475 0.19641083 0.6621628 0.6241619 0.20007917 0.8997161 0.9160371 0.84387994 0.89862764 0.88940287 0.32676354 0.91989565 0.52102524
0.29962584 0.5252638 0.93533343 0.70195913 0.756147 0.746034 1.0269233 0.69508463 1.0822017 0.8493856 0.9660669 1.0467323 0.38332263 0.47499746 0.68750215 0.58702815 0.35873514 0.17805116 0.29096767 0.15669884
0.06728518 0.955413 0.88530576 0.78939605 0.99691635 0.5857861 0.14653851 0.91233766 0.8728732 0.23122862 0.81554747 0.69638747 0.18743743 0.061936174 0.1533728 0.65958303 0.5822659 0.34180176 0.17764808 0.18068536
0.8726526 0.3707523 0.5083116 0.47854793 0.8360321 0.6546412 0.65476376 0.76477695 0.6040487 0.6931962 0.585924 1.0194224 0.46267986 0.824157 0.2704195 0.18029867 0.6549412 0.966642 0.34496832 0.95077926
0.9494386 0.33822975 0.23992333 0.88796616 0.8903462 0.29471073 0.7394398 0.49218634 0.9370056 0.40151227 0.62860477 0.4440629 0.68329275 0.6353377 0.25127402 0.20785078 0.8167098 0.4188458 0.41060373 0.8622206
0.17165406 1.0316095 0.9884606 0.23247086 0.80379087 0.8442682 0.5633143 0.31576905 0.39045978 1.0887207 1.0811657 0.99185765 0.3317826 0.21108057 0.45955512 0.8418613 0.8352015 0.29954386 1.0055983 0.1943086
0.784022 0.37810978 0.28143382 0.2736011 0.023534764 0.57664907 0.6773845 0.4042611 0.124498315 0.5835934 0.37110874 0.48425344 0.30789602 0.7059313 0.6540658 0.57572263 0.2648386 0.4600994 0.02673528 0.8708305
0.7919208 0.2444187 0.2544519 0.5648632 0.82733774 0.245167 0.7527382 0.86850375 0.86431265 0.32758683 0.9698896 1.007999 0.53603625 0.9019494 0.6628985 0.06455731 0.15138374 0.42651924 0.8298417 0.18290086
0.46620968 0.5475523 0.38476816 0.7634416 0.633403 0.5503669 0.6839072 0.36791486 0.38856253 0.5777728 0.9593072 0.76135373 0.46944982 0.52183396 0.31568846 0.99217534 0.37299153 1.206682 1.2039721 0.68006283
0.3632192 0.39377442 0.36397824 0.518646 0.42278966 0.48606983 1.1109334 0.76887006 0.98750824 0.79880214 1.1004837 0.36308184 0.68264323 0.35838732 0.6739644 0.8959911 0.95324373 0.5144026 0.59334093 0.39277247
0.50155777 0.5926925 0.5504153 0.28779224 0.32883072 0.4889257 0.31401253 0.37586758 0.38072065 0.27840185 0.5910338 0.13787296 0.16644338 0.24500716 0.97878575 0.688838 0.94039404 0.18217927 0.2755917 0.40603095
0.40273058 0.21142702 1.082101 0.1748313 0.43004948 0.39513713 0.4928219 0.42206657 0.9768306 0.52702874 0.28540856 0.7709559 0.22227353 1.0843142 1.0306547 0.3997022 0.54596156 0.49497795 0.30074757 1.0228422
1.0511346 0.9997761 0.28849357 0.21517095 0.21524568 0.28976968 0.4057805 0.9113608 1.1286875 0.7414719 0.39532068 0.9672523 0.32326484 0.34121326 0.92692 0.8531419 0.50715667 0.95474744 0.9561056 0.31733546
0.22246216 0.7048306 0.241835 0.06225175 0.46623102 0.1966738 0.5901746 0.66493565 0.531062 0.2922297 0.57506686 0.8425439 0.10112155 0.8581123 0.46579903 0.76949537 0.3177998 0.51175255 0.92847127 0.8165082
0.035458315 0.86800075 0.73121995 0.8761364 0.461931 0.7841875 0.17128299 0.29263029 0.37076092 0.13916634 -0.0009397646 0.7858868 0.85031897 0.013539365 0.95383173 0.52512354 0.6060289 0.088670254 0.95705277 0.7558252
0.8596106 0.2564071 0.22104536 0.9404483 0.8052889 0.38280144 0.063216396 0.7734699 0.11154966 0.031214926 0.5969609 0.9209562 0.5490101 0.71289015 0.42616355 0.49641892 0.16959281 0.43877655 0.67762774 0.55828685
0.5677067 0.54387957 0.23776819 0.20575015 0.29728338 0.40023673 0.3837325 0.09585786 0.64005804 0.8671594 0.24291335 0.69364 0.79379594 0.3125921 0.76441485 0.81207025 0.6173477 0.676722 0.5088197 0.49091437
0.5421105 0.4953595 0.4498832 0.9847804 0.6566288 0.6124062 0.43454453 0.507958 0.28560647 0.5930483 0.27205968 0.6830528 0.9198944 0.8486144 0.2815709 0.4299001 0.8238327 0.71036583 0.6553814 0.15626578
0.60945123 -0.019225728 -0.090114675 0.39068443 0.7834541 0.7512569 0.33776405 0.579179 0.5377666 0.03702891 0.08170762 0.29092583 0.6287775 0.5015969 0.6082229 0.48610786 0.22147843 0.20142198 0.22780444 0.12625355
0.8203421 0.7684296 0.44608745 0.120796464 0.769292 0.7968425 0.82040197 0.09161043 0.553451 0.24892242 0.25912273 0.08701292 0.6312882 0.028829778 0.13840936 0.57215756 0.6330953 0.6933546 -0.02890042 0.329139
0.5386381 0.61811256 0.48843136 0.62339056 1.0182471 0.3733145 1.0344154 0.18371703 0.99449885 0.49326023 0.53163636 0.7967325 0.58074695 0.78474194 0.9854196 0.47665605 0.31834495 0.8304395 0.74308074 0.23402211
0.40621546 0.16198806 0.8588477 0.33479407 0.49919838 0.34368232 -0.052101865 0.36677516 0.6502024 0.029423466 0.79721636 0.30007967 0.33166647 0.79696816 0.74842924 0.044146173 0.40879768 0.104448125 0.5554162 0.85728735
