0.45282423 0.16533084 0.4031281 0.75716656 0.75200105 0.4550375 0.13159217 0.9078551 0.24077998 0.22223206 0.53671885 0.65057653 0.23963812 0.10434087 0.96724415 0.79564583 0.29578313 0.6247871 0.48419914 0.7762398
0.87150437 0.17831552 0.98789424 0.24107762 0.77309734 0.8769007 0.19953083 0.8928488 0.26649472 0.9910004 0.41376385 0.25707182 0.42991722 0.78224355 0.9681529 0.19445875 0.46521455 1.0412053 0.5696066 0.17151101
0.10746915 0.23979995 0.92771757 0.18836279 0.81104845 0.7466836 0.42586204 0.231209 0.59433216 0.6416326 0.24346237 0.90147495 0.9858929 0.5401745 0.41953915 0.6723492 0.079097286 0.73031276 0.1164115 0.37402844
0.22701296 0.5411036 0.22512135 0.35591125 0.6400192 0.7753342 0.5607124 0.59257144 0.13631974 0.15915631 0.5986861 0.5811772 0.31361952 0.6362587 0.8395535 0.7813119 0.5332983 0.2940477 0.76265687 0.52567583
0.31139848 0.28487432 0.6329197 0.89871234 0.48423007 0.7719398 0.85213995 0.32409164 0.6707694 0.92725164 0.54929644 0.7024438 0.16943598 0.22361599 0.2609835 0.30067518 1.0675924 0.8241582 0.8067563 0.5538178
0.38872287 0.52926433 0.6509535 0.82672983 0.06512407 0.9192571 0.7465136 0.66424125 0.55386275 0.010219358 0.64260805 0.49248055 -0.0009978843 0.44946054 0.1946612 0.3350567 0.73183787 0.9239975 0.52535653 0.43610868
0.5501564 0.30015647 0.8141785 0.5807096 0.17590618 0.19527954 0.103797466 0.66721725 0.36894533 0.87068444 0.62486404 0.449174 0.2724724 0.9702909 0.38265064 0.7987162 0.19441901 0.985787 0.49919167 0.27327564
0.17646877 1.0444441 0.24239855 0.403343 0.6827721 0.8815545 0.8168289 0.73543364 0.31788284 0.3929285 0.3429619 0.91370267 0.94529784 0.903581 0.75749844 1.0224421 0.10038257 0.14206414 0.14978036 0.51687276
0.7341274 0.9691907 0.6494374 0.40066496 0.5815456 0.8198917 0.61626405 0.1793114 0.993208 0.5270937 0.4120818 1.0264357 0.85179543 0.4272639 0.25614846 0.23473315 0.2407178 0.83703005 0.46176264 0.12962104
0.37179905 0.23136708 0.8254312 0.9223624 0.88276225 0.67733 0.98991144 0.620624 0.1256299 0.19166973 0.6477357 0.9247168 0.33607614 0.93879473 0.7407876 0.62072766 0.42287517 0.44023678 0.19422734 0.28401566
0.11239203 0.36747426 0.24807206 0.9140434 0.8366692 0.23740312 0.039124224 0.114893734 0.78386563 0.49754375 0.88553077 0.8965411 0.570128 0.1344202 0.43688864 0.8779143 0.33653355 0.43051136 0.5068379 0.97601384
0.28056553 0.8075955 0.21920756 0.27468112 0.6686191 0.36083817 0.68696606 0.7341597 0.19973548 0.49428558 0.7583274 0.77786106 0.35439864 0.038782306 0.09414652 0.6344727 0.89511454 0.68977505 0.69993377 0.32468802
0.7838419 0.14717175 0.9106879 0.04058236 0.7733145 0.046244856 0.9231328 0.863716 0.39248395 0.28791603 0.32131356 0.6326444 0.56170696 0.80002016 0.09884519 0.04966137 0.77370137 0.5867726 0.28866857 0.9419786
0.84006447 0.7536151 0.28626293 0.7030215 0.31543407 0.01651424 0.4939444 0.7975324 0.18483533 0.5998598 0.660458 0.14847828 0.08469106 0.44367483 0.7802408 0.5913847 0.91937083 0.11101943 0.87588274 0.59611595
0.7590577 0.8317894 0.34613496 0.55194986 0.24124414 0.9741678 0.30184913 0.80213636 0.15906017 0.30777624 0.32269856 0.804142 0.5389831 0.8818671 0.43861985 0.55599326 1.0160183 0.98377955 0.33396536 0.32070175
0.7507617 0.3707851 0.789578 0.43767583 0.7249826 0.6833244 0.78101814 0.3396928 0.6214208 -0.07882139 -0.0110664945 0.47412974 0.26360294 0.34946686 0.26144066 0.28997898 -0.120391935 0.55533874 0.58695453 0.51245075
0.7557326 0.61438674 0.48236993 0.40095785 0.42909098 0.7905962 0.22549129 0.5859903 1.0960764 0.4297043 0.18197964 0.56295097 0.6611081 0.19957899 0.27938953 0.34373075 0.7448547 0.24066064 0.6036762 0.38126835
0.6630295 0.76402974 0.2542691 0.38108313 0.4035692 0.3358057 0.61104554 1.0950484 0.87380254 0.1903866 0.9780591 0.92144245 0.20011304 0.8535752 0.37276724 0.97357184 0.43196738 0.31613553 0.4904314 0.35125363
0.48478568 0.1173184 0.46075803 0.27394542 -0.047360398 0.3569231 -0.060320806 -0.08537467 0.07700387 0.5747818 0.3639631 0.35005343 -0.16408525 -0.05853178 0.0054398696 -0.1474227 0.16789173 0.59073365 -0.16313997 0.018327013
0.27588344 0.4183907 0.48421338 0.79452497 0.2686392 0.506659 0.3361799 1.137983 1.0213283 0.8724456 0.9009195 0.5099976 0.33512777 0.74046993 0.2978775 0.20150217 0.8866702 0.74724597 0.19846134 0.48730293
0.40730116 0.8540844 0.2224597 0.27236918 0.5013142 0.5852225 0.24111356 0.9241969 0.3631424 1.0565555 0.88356715 0.73759437 0.45586327 1.0300748 0.43943232 0.27787736 0.2304513 0.9211103 0.7204097 0.44417644
0.7409559 0.8869397 0.81464493 0.3130503 0.17838202 0.7155746 0.15051466 0.3289057 0.5126673 0.30408007 0.62834716 0.7252401 0.4918588 0.74658614 0.9963234 0.7439173 0.42135757 0.9964562 0.25673014 0.41409403
0.32731625 0.3858197 0.49232015 0.83819056 0.82034785 0.10581229 0.2503475 1.0047529 0.42520484 0.32745314 0.2811999 0.79718405 0.43927005 0.5518749 0.26908806 0.13466547 0.4770062 0.37686032 0.077466145 0.45959926
0.32938176 0.54162055 0.6436948 0.33859769 0.6444723 0.5340676 0.117378995 0.41119513 0.27452838 0.11877596 0.33289087 0.1481415 0.7226081 -0.0481175 0.39497256 0.5851084 0.08501517 0.49041244 0.5500581 0.17969371
0.4542725 0.8934532 0.28603077 0.6864661 0.38135317 0.8042752 0.93189496 0.89746565 0.33265737 0.8634879 0.46890172 0.802895 0.14686261 0.08155307 0.34170076 0.68443817 0.9542327 0.9609069 0.14614679 0.27649614
