0.09736103 0.25061327 0.7407661 0.86286634 0.30256304 0.4018167 0.12932828 0.05422983 0.5245937 0.20350368 0.6170062 0.66787004 0.13966745 0.66687673 0.45816395 0.3231837 0.06815789 0.38227022 0.84526205 0.78436667
0.85466605 0.94127053 0.19343041 0.030150551 0.34109303 0.7967748 0.6047189 0.9056399 0.060032964 0.6430267 0.73818284 0.56257683 0.26741648 0.06622959 0.28463957 0.59842896 0.49203753 0.4193002 0.92619336 0.42604738
0.98739076 0.266526 0.17362991 0.20583415 0.69449466 1.0516645 0.979308 0.44132358 0.6208523 0.8431643 0.119779095 0.7325085 0.4084306 1.0517954 0.31656346 0.7388189 0.64151525 0.64605963 0.27853048 0.3618076
0.43056336 0.5253273 0.6741955 0.38833478 1.0317198 0.3222734 1.1068004 0.31568983 0.9954988 0.6514797 0.68756384 0.4778893 0.23410115 0.9959198 0.73317283 0.77649343 0.718938 0.73329294 0.49026942 0.46857736
0.6215589 0.6075288 0.31084722 0.23211746 0.1589596 0.25318554 0.507646 1.0141366 0.1854262 1.0421354 0.9925341 0.45430762 0.24682143 1.0531396 1.0812838 0.55038035 0.18476237 0.7219865 0.7114821 0.48795053
0.2542451 0.8550877 0.9746176 0.30880275 0.09676322 0.7095948 0.025356866 0.06985045 0.7634501 0.060751125 0.94813514 0.9664087 0.12072889 0.40099207 0.6664349 0.41811013 0.3453602 0.66169745 0.56727165 0.74684024
0.6286748 0.41975972 0.32466006 0.8513312 0.084845535 0.46340245 0.18608932 0.5470275 0.64380604 0.5442422 0.34483325 0.81826854 0.5473025 0.47312853 0.7303437 0.09394096 0.7320441 0.71515733 0.1805756 0.64905417
0.1927939 0.553621 0.9773157 0.16575652 0.20592101 0.5197691 0.55791163 0.76430696 1.0499123 0.6260357 0.15879545 0.3977724 0.43835777 0.23757389 0.12982182 0.870865 0.34007797 0.6398922 0.13804522 0.99462104
0.331458 0.81339294 0.48856395 0.25239694 0.5413387 0.7892315 0.35664722 0.061580237 0.82981575 0.048413016 0.08875053 0.45608672 0.81059307 0.1271981 0.8855216 0.4801811 0.034630872 0.5683012 0.4579714 0.11779373
0.9449395 0.3297459 0.44214782 0.31741673 0.93171096 0.27254197 0.53808206 0.5145185 0.86985236 0.132676 0.8788571 0.6394671 0.41629714 0.50620764 0.35736758 0.38438725 0.21675669 0.3753814 0.5978391 0.34490505
0.35316002 0.5865833 0.36408123 0.5705801 0.7503139 0.5464612 0.9695975 0.9749799 0.2609678 0.26397166 0.33224896 0.8709364 0.41452417 0.78442335 0.35510477 0.7756796 0.47681507 0.1824041 0.8639915 0.9431266
0.94836825 0.42315757 0.94963604 0.6834728 0.93138665 0.48247245 1.0060738 0.48803094 1.0297908 0.59651923 0.84280753 0.5076393 0.098662704 0.21577688 0.28413656 0.13398972 1.026582 0.36996382 0.7466039 0.99980336
1.025606 0.99655133 0.6363083 1.0076627 0.40176728 0.14778957 0.13346669 0.5167058 0.9035606 0.94954395 0.12738058 0.31877506 0.7411657 0.1436329 0.23606764 0.21602853 0.6798049 0.2985791 0.47483796 0.15166323
0.3219252 1.0643355 0.4929697 0.46727848 0.50322694 0.41506752 0.82810056 0.7909895 0.80806273 0.88302255 0.79446983 0.9974213 0.67467207 0.10773751 0.42630216 0.2744539 0.12926263 0.3735858 0.5024069 0.51638764
0.15339379 0.4430736 0.5042642 0.2642698 0.7019542 0.5318361 0.053850777 0.82456326 0.2428447 0.21486509 0.38021556 0.8903772 0.88774365 0.8574096 0.005717126 0.4475127 0.24217828 0.34911197 0.86810124 0.038838618
0.133496 0.22644833 0.85686713 0.3594746 0.68337506 0.5544104 0.27356556 0.31232914 0.5681932 0.58929735 0.3626905 0.55577666 0.91060334 0.2958198 0.2311197 0.67598444 0.91670007 0.5168284 0.61437273 0.3261853
0.7499512 0.8161181 0.7350312 0.2502043 0.16905446 0.663452 0.712074 0.6370252 1.0308112 0.584705 0.2605427 0.48840353 0.20609933 0.14999175 0.9970282 0.9481098 0.6514032 0.4827666 0.86950827 0.19106172
0.37506825 0.6355696 0.1602204 0.07344458 0.5022315 0.3343204 0.55359817 0.7786329 -0.0084959725 0.8363101 0.8855283 0.72094065 0.2964812 0.90789616 0.80825216 0.87305325 0.037364207 0.34044325 0.9060198 -0.002630755
0.13506882 0.22164999 0.6649131 0.5730949 0.9865672 0.46018314 0.92882746 0.97076416 0.75123537 0.84226257 0.94445086 0.23125824 0.14048931 0.6086079 0.8318465 0.40318567 0.9202879 0.71794105 0.096670926 0.25118896
0.83867383 0.15186952 0.31328467 0.025714425 0.74010307 0.95747834 0.13913196 0.18621112 0.21254486 0.834136 0.87628084 0.88037694 0.519308 0.16225716 0.30225813 0.89186037 0.42068052 0.5514018 0.19958426 0.9496184
0.32740226 0.26608726 1.0639914 0.16855285 0.39481646 0.37868905 0.49590984 0.52524096 0.94647825 0.5076635 0.43058503 0.78413755 0.71358305 0.9570694 0.62593836 0.6261399 0.9943488 0.29554647 0.84543216 0.29173976
0.42762792 0.25624597 0.5916724 0.8190815 0.75107175 0.714676 0.89412767 0.6777244 0.21958849 0.30388635 0.3755433 0.14697538 0.1496971 0.48521385 0.6893925 0.16381 0.6111072 0.42138472 0.554575 0.8297462
0.640622 0.8680793 0.21806869 0.9158178 0.21565518 0.5454505 0.6189805 0.5684099 0.7095677 0.17859945 1.044665 0.51228344 0.64594275 0.8207026 0.33753505 0.48738125 0.5622401 0.65765804 0.37112683 0.45137778
-0.07943443 0.66075855 0.46338093 0.6874858 0.66576684 0.7740075 0.308406 0.3186033 0.60908365 0.05005003 0.3699377 0.7396173 0.41847587 0.31340164 0.6563639 0.112152584 0.6367155 0.30980435 0.48105973 0.26230675
0.4396099 0.5030823 0.24647391 0.190484 0.6998043 0.2627988 0.6841475 0.5464073 0.15680325 0.45252484 -0.14209875 0.06079643 0.2740923 -0.05729576 0.5692446 0.21240492 0.16680068 0.383158 0.7744698 0.7388606
