0.7446382 0.16103639 0.6847733 0.4944933 0.59808576 0.29671404 0.805174 0.1303935 1.0033702 0.81707865 0.44063812 0.44269222 0.5044778 0.3971583 0.7827255 0.9123091 0.15080878 0.96602404 0.092711724 0.97436386
0.8036686 0.06371756 0.6180295 0.16220349 0.53035134 0.0759974 0.03955546 0.18131855 0.74220616 0.12502693 -0.0014592501 0.80497867 0.72141033 0.6730162 -0.036069196 0.28953952 0.52392375 0.07716154 0.48861298 0.35429478
0.93598723 0.8687114 0.8535845 0.34503913 0.0315539 0.61354977 0.089099094 0.9257447 0.669478 -0.016664425 0.5060646 0.12384681 0.8634495 0.14040935 0.55758625 0.47930568 0.39244387 0.54705745 0.8476191 0.42812297
0.6983639 0.66900414 0.64184093 0.123378225 -0.121698216 0.58646756 0.5622573 0.25833297 0.056924693 0.3014941 0.1215516 0.5536668 -0.0083373105 0.714708 -0.19737549 0.7150212 0.041352194 0.43795544 0.4806312 0.5784471
1.0012138 0.2552081 0.5602712 0.25732315 0.47556046 0.5416132 0.25361213 0.05819354 0.3601296 0.63498384 0.3583923 0.06634316 0.83129925 0.337904 0.73717546 0.6780388 0.19094254 0.38879746 0.79954714 1.0129553
0.810255 0.82683736 0.17764029 0.42448023 0.46964753 0.28993458 0.17014258 0.2777834 0.6653621 0.65650344 0.83233356 0.10870177 0.8091895 0.43275374 0.5144379 0.2722909 0.028918514 0.06708573 0.12358591 0.540586
0.4016036 0.9307688 0.6872059 0.59752727 0.52344 0.50269794 0.4737807 0.50833094 0.08018688 0.39286754 0.37206125 0.37955064 0.21013251 0.9364109 0.16625871 0.5310169 0.038068 0.035738263 0.064630456 0.7674283
0.53342104 0.8241325 0.2812774 0.23805551 0.40171704 0.85673517 0.13280964 0.21464995 0.57007647 0.84144247 0.16162239 0.7586099 0.45899534 0.16148713 0.78302073 0.80619687 0.3442369 0.48573682 0.559317 0.5969788
0.45124203 0.07492698 0.1296291 0.19175714 0.66154265 0.99859095 0.5845814 0.28507817 0.12403392 0.8993803 0.6544943 0.8564537 0.21746318 0.56364554 0.083020665 0.4587967 0.41444752 1.0419531 0.1000482 0.092912816
0.23457636 0.4923304 0.04845888 0.15098101 0.32963812 0.014161122 0.09292555 0.5343348 0.19535655 0.7084298 0.37760732 0.4809024 0.6711237 0.030926263 0.4634943 0.37346056 0.42436254 0.09743704 0.78953177 0.71952593
0.6627246 0.7536616 0.5016228 0.6085525 0.0012600305 0.800012 0.28450772 0.113713875 0.33525875 0.52466434 0.23206574 0.8253041 0.05431162 0.1996493 0.06352765 0.3495135 0.6504132 0.71000504 0.5551159 0.5922466
0.15824972 0.31932446 0.6077225 0.38751018 0.9705423 0.8443615 0.33565283 0.7728124 0.77725625 0.12817091 0.426014 0.8013285 0.77075654 0.24358767 0.20436102 0.8392146 0.89041764 0.84928334 0.6113345 0.5546715
0.8699024 0.49094218 0.8633777 0.17264976 0.38163048 -0.010227339 0.020313239 0.10582164 0.19871132 0.55766016 0.19603138 0.32348758 0.01904428 0.5084703 0.8321864 0.14525288 0.026407583 0.04899355 0.8680114 0.82173294
0.30856758 0.607585 0.50441474 0.93776554 0.12734096 0.82086194 0.987661 0.6737808 0.6667737 0.69441044 0.91024727 0.8384081 0.21052852 0.98129386 0.14228964 0.3229026 0.89763486 0.8903173 0.4964184 0.7286446
0.44713715 0.53820926 0.18636964 0.7683685 0.41252923 0.28315964 0.86834866 0.46225172 0.5535013 1.0425011 0.4862577 0.16117066 0.5127942 1.0518101 0.8578573 0.26638702 0.27565277 0.30192512 0.2599962 0.42880106
0.65331244 0.585685 0.39701515 0.66716874 0.34871328 0.36975414 0.31632793 -0.007764904 0.15542552 0.5472042 0.5016495 0.1614961 0.110980526 0.44974986 0.85084844 0.37165907 0.52889204 0.5392979 0.25086132 0.7054282
1.1415832 1.075258 0.5587433 0.7585478 1.015055 0.2262685 0.3508798 1.009619 0.80423325 0.83408135 0.94361 0.38221774 0.22113214 0.73700726 0.20610276 0.56100255 0.33164442 0.46380967 0.5848331 0.57744014
0.33034825 0.9346036 0.33420274 0.39890954 1.091523 0.2742122 0.33883512 0.7297448 0.5678959 1.1176231 0.86301154 1.0551189 0.453704 0.48112983 0.6223599 0.33788192 0.42194763 1.0604465 0.24651478 1.0047094
0.50042766 0.7730036 0.9664025 0.2593575 0.91634196 0.22903433 0.64343154 0.5189327 0.8025838 0.98051673 0.63179964 0.035969097 0.0856493 0.3027726 0.7952646 0.59392226 0.074938975 0.6872739 0.18298703 0.3485408
0.70958745 0.22420454 0.61128277 0.1639849 1.010823 0.37220356 0.9696667 0.19997855 0.529632 0.21274498 0.34677726 0.7426433 0.27675486 0.7407088 0.49868262 0.4498894 0.18360204 0.36968789 0.52500784 0.8218638
0.8687681 0.25992045 0.8309441 0.86039865 0.6300478 0.7981768 0.64473873 0.6224846 0.4631193 0.97405684 0.5104911 0.48832664 0.07636106 0.37648198 0.6176208 0.049672026 0.50444967 0.22608703 0.72134304 0.8261716
0.84508616 0.29667532 0.65012455 0.8288739 0.67739546 0.5988582 0.24758507 0.7450863 0.6487413 0.3421132 0.7477975 0.19731984 0.31391653 0.28211355 0.6723876 0.81161284 0.84165514 0.7122127 0.8116408 0.4053811
0.39468724 0.023307526 0.18189426 0.69843835 0.33720008 0.7597449 0.14315338 0.35605484 0.53640723 0.74253297 0.40855643 0.2802841 0.007404847 0.5916174 0.68911844 0.120076865 0.79022956 0.75934845 0.23841615 0.52814204
0.32207274 0.13556015 0.39090696 1.0341403 0.1965858 0.87485737 0.5161415 0.9968881 0.3679752 0.1107485 0.28236002 0.7034533 0.70476145 0.68939334 0.40116218 0.40896478 0.35995638 0.3009855 0.67749393 0.65623
0.37155646 0.25522104 0.5886568 0.76082224 0.6706623 0.6193356 0.7010231 0.095373906 0.680588 0.08971302 0.9362113 0.4004817 0.052187663 0.3864574 0.05206759 0.06626595 0.31011412 0.51225567 0.6960143 0.5640501
