-0.061772354 0.7179554 0.721761 0.30210674 -0.009748837 0.75520575 0.64362854 0.19386512 0.57235104 0.6364569 0.30381432 0.65870714 0.7984281 0.48229584 0.7392761 0.11252366 0.85300666 0.78571844 0.07651889 0.8081624
0.5843356 0.060916595 0.85932916 0.31417328 0.04405456 0.5499942 0.12803778 0.8263688 0.80687517 0.13810042 0.78402346 0.8563075 0.7668541 0.6268779 0.14179017 0.55575734 0.064308375 0.41794288 0.7390394 0.8395065
0.17973608 0.44467515 0.8379728 0.14686541 0.2650929 0.62726516 0.7694142 0.23652153 0.8578973 0.048111197 0.45403078 0.71157604 0.800753 0.23311652 0.7872923 0.65803134 0.6905261 0.6865278 0.24577798 0.2540535
0.5299477 0.13408704 -0.025065623 0.32604194 0.68037647 0.21106648 0.7210897 0.8559566 0.5712545 0.62635803 0.03222888 -0.07156896 0.84794396 0.61002797 0.2052813 0.040624533 0.05812746 0.76617384 -0.019461505 0.13864207
0.32894963 0.025632787 0.32344994 0.26057884 0.7280355 0.23407477 0.19484344 0.3204212 0.79302794 0.007044212 0.4902123 0.4016592 0.19675142 0.56213486 0.09516596 0.6460324 0.12986913 0.51552814 0.42255893 0.77344555
-0.2076448 0.57354265 0.3822494 -0.04916198 0.621614 0.6752359 0.08946474 0.028170126 0.38133195 -0.17608221 0.6998458 0.38174397 0.18924446 0.2917076 0.12882303 0.5173874 0.29956383 0.40314603 0.21725202 0.4810593
0.7450712 0.8096073 -0.0630359 0.7831249 0.5582987 0.6188442 0.45101377 0.036202222 0.42471024 0.1964188 0.8100808 0.7954708 0.6390532 0.5654706 0.7869128 -0.04651336 0.42459306 0.3156453 0.49063122 0.56207705
0.4726043 0.4698872 -0.12008289 0.72016627 0.29204568 -0.15318969 0.4834373 -0.049916618 0.64862776 0.5375788 0.7416698 0.06273423 0.06994896 0.25116792 -0.012869617 0.47546753 -0.031016393 0.3742346 0.21565178 0.38020086
0.6005487 0.046590768 0.75647503 -0.022854676 0.8644189 0.25160226 0.63990134 -0.05097285 0.61414665 0.57515603 0.6715797 0.22276364 0.34684455 0.07847334 0.035374798 0.36954224 0.3366453 0.20148735 0.8592661 -0.016911348
0.7160043 0.2673783 0.18940984 0.19201866 0.62521476 0.73579484 0.252265 -0.014407661 0.01003488 0.74083614 0.064106874 0.7959203 0.28233033 0.5282856 0.1096003 0.7423299 0.8182837 0.7620039 0.11892298 0.7277885
0.3210885 0.37491524 0.5797607 0.63300633 0.9387474 0.13818161 0.8184983 0.4346347 0.32178527 -0.020090306 0.7585819 0.047474176 0.9355139 0.8653943 0.63288695 0.2768765 0.83538014 0.84976643 0.86596304 0.95496225
0.5665563 0.46249744 0.7569702 0.6531957 0.3821234 0.8870347 0.92581856 0.0672415 0.34352198 0.6152295 0.95218307 0.31427273 -0.0037214 0.13083892 0.3048683 0.24781904 0.2302988 0.46118483 0.05699368 0.44495738
0.7108373 0.46991605 0.77357435 0.60625696 0.6910394 0.6970344 0.461734 0.47134614 0.56420684 0.7523148 0.42809132 0.44722223 0.75190187 0.77645856 0.6542246 0.11032786 -0.083208285 0.07429603 -0.07328335 0.68340594
0.5413721 0.5077533 0.7544392 0.42557567 0.62632406 0.14590612 0.5725577 0.4882362 0.743787 0.10216059 0.84334624 0.2340803 0.14348681 0.25406316 0.3909646 0.50977635 0.3205697 0.4869259 0.41213173 0.02560733
0.09827703 0.24571446 0.6711149 0.6852775 0.93389195 0.52049047 0.06901119 0.3734138 0.8152237 0.37218472 0.8362024 0.7675707 0.6883793 0.7420955 0.3847025 0.14851831 0.4578812 0.972059 0.86376446 0.8546134
1.0401827 0.24480194 0.86368483 0.6146295 0.5648844 0.35588345 0.7434962 0.70332336 0.5550571 0.9414998 0.53627366 0.2576475 0.7157327 0.2543697 0.8758558 0.7476922 0.1826949 0.30756965 0.3006289 0.63419884
0.5121305 0.2566485 0.33148134 0.6613391 0.7450023 0.46864828 -0.036574908 0.55043656 0.60235846 0.25126654 0.30071217 0.4509416 0.27382216 0.44687068 0.094734006 0.59171975 0.3141688 0.40939543 0.7946879 0.51920563
0.5005393 0.82679904 0.5704146 0.3298682 0.44963238 0.6148464 0.4035358 0.37487617 0.9726637 0.29477808 0.75888276 0.58349776 0.74841714 0.21220075 0.60645956 0.8215886 0.13404931 0.29983646 0.15244438 0.41019958
0.7051876 -0.006833092 0.6142815 0.93164265 0.87939215 0.93895066 -0.004579996 0.69324565 0.439659 0.758297 0.3326767 0.38460335 0.41416577 0.052529056 0.13578573 0.66896343 0.20810659 0.4901615 0.91732055 0.66589165
0.71095955 0.76619714 0.7345082 0.5804092 -0.10912846 0.13646492 -0.0069071176 0.3725761 0.15155606 0.47512975 0.12581792 0.0509934 0.31917602 0.81279457 0.19633009 0.31596172 0.782362 0.76135415 0.127678 0.09480839
0.07545626 0.32902205 0.035577174 0.23732036 0.6808062 -0.0950441 0.42056328 0.3609136 0.09759084 0.76994824 0.26585308 0.28027335 0.78083366 0.17244689 0.7415494 0.008563855 0.7468006 0.65053976 0.37442482 0.23372543
0.7746399 0.46955237 0.09220725 0.20899624 0.11655799 0.2422056 0.007979225 0.2711043 0.80532074 0.44507876 0.35707358 0.7656457 0.73432344 0.05118878 0.68651664 0.09935747 0.72589433 0.9001938 0.62336516 0.3383154
0.31125173 0.9127673 0.8096541 0.1795863 0.8240126 0.8280199 0.25710565 0.41559818 0.42002222 0.3547443 0.11989786 0.8262814 0.8838182 0.813154 0.8973615 0.33666992 0.8120031 0.9130309 0.5983067 0.09613189
0.6134348 0.3466023 0.6004701 0.3592664 0.85465163 0.7483569 0.21759059 0.5329013 0.16983482 0.2608407 0.3666377 0.48773468 0.7792652 0.85256904 0.5335196 0.68026996 0.7428261 0.88287324 0.7534737 0.56855935
0.054776117 0.6862488 0.30732575 0.11290518 0.78233016 0.5310415 0.7336225 0.07168797 0.9005154 0.8561023 0.06109058 0.2912611 0.4919928 0.0513904 0.93511516 0.12226589 0.93159336 0.32266855 0.02271854 0.6410513
