1.0346059 0.61760175 0.9168354 0.44453683 0.18296577 0.7819439 0.6734373 0.19505571 0.12891091 0.5586307 0.7637282 0.45025036 0.51228374 1.0587841 0.9152958 0.8926789 0.26133886 0.17119868 0.26326737 0.67619467
0.22695908 0.36433777 0.50695133 0.21483168 0.022519352 0.096411064 0.83303165 0.6988914 0.3830469 0.9446291 0.038223784 -0.0015151233 0.8580232 0.5103137 0.7959858 0.74802256 0.19094834 0.76310366 0.12286494 0.3774028
0.75938 0.5702022 0.6732173 0.16673563 0.7660013 0.3564367 0.1449883 0.7656602 0.9159753 0.06817616 0.93413115 0.057230424 0.53854686 0.35109004 0.8653262 0.09361926 0.16669282 0.018784655 0.21666087 0.16607155
0.8818927 0.4355177 0.7218592 0.3186635 0.20682389 0.1732231 0.7977373 -0.014758048 0.5262628 0.3840639 0.8880645 0.48443493 0.7863236 0.36983627 0.63508475 0.37616572 0.024498994 0.17481948 0.26667693 0.3714094
0.82405555 0.69033784 0.5555931 0.79356545 0.25189477 0.58783716 1.0245657 0.22062661 0.84677875 0.61751956 0.7891326 0.6846472 0.111670606 0.18177903 0.37101135 0.7904458 0.2610029 0.12632963 0.20978183 0.18671794
0.7765192 0.3210032 0.3789652 0.5053387 0.46276155 0.57595646 0.32838473 0.72655135 0.48106244 0.61379933 0.13672571 0.13437289 -0.008420334 0.4413493 0.11824964 0.8442603 0.18185605 0.6504064 0.1656707 0.7637006
0.7608148 0.29504275 0.1031891 0.23215468 0.9120688 0.5345719 0.9271413 0.19866468 0.6523339 0.8845017 0.5743944 0.5962667 0.67491287 0.9004677 0.04805281 0.6886512 0.13858362 0.16528319 0.48309413 0.46604466
0.8212741 0.63254696 0.30025005 0.18489005 0.28962874 0.30839795 0.74598503 0.57713777 0.4911556 0.6717149 0.6063058 0.053845678 0.030177921 0.63203776 0.24004835 -0.011913198 0.07987725 0.432459 0.034538858 0.29306257
0.71901333 0.48587555 0.50219125 0.6030381 0.5810467 0.22864376 0.6294893 0.9278507 0.15038662 0.9859179 0.1218086 0.7851699 0.71409947 0.23226961 0.78056645 1.0257034 0.36476973 0.31950387 0.56738615 0.6432956
0.3839999 0.032839604 0.29815438 0.20599325 0.9059677 0.39938268 0.94370526 0.1176062 0.9645406 0.7787482 0.5425174 0.8457442 0.93277043 0.0812028 0.53150135 0.5211273 0.27118412 0.28665233 0.289104 0.56405675
0.03174952 0.9225083 0.24471602 0.87300456 0.4972722 0.6415726 0.92691046 0.37249038 0.93731105 0.8085657 0.8069719 0.37164128 0.25519806 0.43831718 0.15466599 0.8195207 0.30059606 0.76489556 0.84365726 0.33126187
-0.1444701 0.5300082 0.18267204 0.261573 0.26395702 0.18483894 0.5669429 0.2609841 0.2861197 -0.07126988 0.40036774 0.6559005 0.7765222 0.7753474 0.6403067 0.8050025 0.5683027 0.48686603 0.7287273 0.5019558
0.1855248 0.4567896 0.16801575 0.9188398 0.93024975 0.4820057 0.8583555 0.3547949 0.2457041 0.85328245 0.94567394 0.5926639 0.41838607 0.6273633 0.12843427 0.9906492 0.85512334 0.68739563 0.34939644 0.45435837
0.16331919 0.522709 0.40819037 0.962002 0.66133845 0.101570986 0.3537315 0.86255485 0.21870899 0.7816071 0.37885156 0.59498364 0.29034057 0.23352644 0.40455744 0.62294334 0.9610573 0.1534412 0.5476288 0.95848405
0.03603937 0.16095567 0.4322182 -0.027876632 0.31592956 0.5881 0.015073408 -0.079449765 0.6272177 -0.0032962563 0.44647002 -0.08104842 0.32223958 0.5514697 0.49007758 0.7921365 0.5188309 0.5949215 0.38734895 -0.15769581
0.2819747 0.052741352 0.5483758 0.6750969 0.8637283 0.782628 0.3588175 -0.008884995 0.43868464 0.5878634 0.7842704 0.22046395 0.5452111 0.16186546 0.61519104 0.07133727 0.2704388 0.5752346 0.47576973 0.30143437
-0.014927528 0.8025574 0.19218017 0.6296921 0.5294325 0.8802598 0.5955908 0.91226727 0.77493405 0.5831157 0.2438044 0.6854456 0.011935797 0.6126289 0.070045196 0.75590926 0.09276448 0.67814624 0.86416245 0.26518705
0.22760792 0.12160273 0.19017282 0.7705045 0.9216204 0.9299417 1.0262434 0.3451513 0.15952377 0.37913638 0.16034354 0.30783617 0.213444 0.8592496 0.17496781 0.51126903 1.0263956 0.96044284 0.39505717 0.41435546
0.52789575 0.375377 0.53272074 0.35675186 0.2777304 0.21009268 0.14155401 0.8285625 0.3408057 0.8991546 0.669337 0.10143719 0.3980381 0.64609903 0.32607454 1.0815648 0.32384607 0.86779094 0.383991 0.85093
0.29526418 0.32460397 0.037178967 0.09552305 0.680802 0.19820707 -0.07093534 0.68641037 0.031910926 0.12362617 0.22458524 0.51164407 0.45794848 0.3107162 0.56451136 0.6289438 0.16893993 0.68711567 0.8603247 0.6637023
0.73658967 0.3698012 0.28269988 0.9052416 0.5435052 0.28126273 0.12039905 0.95925504 0.051575802 0.6581098 0.9569237 0.33899513 0.66754514 0.7864432 0.30432025 0.50285476 0.6561858 0.07696088 0.6589218 0.19714722
0.1974711 0.47276574 0.92382693 0.73767656 0.9783639 0.644374 0.6158524 0.5420603 0.3306671 0.4035395 0.80818635 0.09026822 0.14449738 0.9082202 0.10581028 0.7405898 0.31584784 0.786517 0.3381548 0.10277979
0.71448547 0.3975647 0.46798062 0.8903284 0.46807727 0.05186097 0.8175009 0.23854668 0.65510654 0.8784732 0.91739374 0.64147806 0.12927587 0.69786286 0.48776013 0.20895818 0.15067762 0.51441705 0.4055596 0.17476515
0.63037974 0.27246693 0.111547574 0.65445065 0.63432276 0.6544332 0.4592828 0.054217577 0.5165023 0.26575503 0.6247969 0.4681982 0.15751392 0.3002954 0.34740952 0.2905807 0.44958052 0.49769685 -0.0762289 0.09180255
0.09333021 0.7309839 0.63347596 0.06432147 0.42148387 0.61772764 0.64486384 -0.081663676 0.009935921 0.62886167 0.5387261 0.5788003 0.1867303 -0.11975428 0.6415085 0.25805262 0.076339036 0.23846929 0.66304916 0.38037664
