0.06216913 0.49692667 0.4433265 0.19085214 -0.046396006 0.35857272 -0.017423349 0.50721866 0.6102582 0.7838593 0.19059573 0.5022062 0.4668493 0.81929916 0.29425085 0.399691 -0.023992864 0.5431277 0.6239679 0.19108799
0.5309188 0.84389156 0.835406 0.5117571 -0.010228069 0.47429943 0.78132683 0.61371565 0.28921288 0.48165688 0.9006599 0.5081899 0.3472737 0.08144344 0.10636319 0.41774908 0.5488069 0.8588919 0.2729408 0.76231056
0.2671866 0.5602408 0.123269334 0.0024726393 0.5039633 0.7353609 -0.039045677 0.23568256 0.75268567 0.020567881 0.4427705 0.77830756 0.15811038 0.27943313 0.73928964 0.76713985 0.69503266 0.30265516 0.59949213 0.616288
0.68738616 0.5350494 0.6103942 0.5002198 0.1724469 0.5846075 0.6310799 0.21502572 0.8995269 0.55959475 0.6323706 0.27469397 0.16099404 0.64905024 0.6646016 0.35000572 0.651931 0.5718487 0.450305 0.33313066
0.7597339 0.26763725 0.32681656 0.32979003 0.7048218 0.51641953 0.22407137 -0.07627121 0.41598597 0.32043877 0.6743084 0.5311825 0.37548772 0.3796724 0.11824771 0.81792647 0.68443507 0.68515426 0.10909151 0.32634038
0.38305208 0.5894508 0.97034705 0.6167616 0.86275095 0.98741186 0.672744 0.47946453 0.66838306 0.27467215 0.56583023 0.5869551 0.55496186 0.8986671 0.3772994 0.31409946 0.823318 0.8075881 0.78318864 0.46263078
0.19508149 0.17827588 0.3064332 0.820678 0.6758438 0.1284776 0.88429725 0.96008223 0.72887814 0.5612932 0.40883678 0.21412559 0.4711809 0.37350872 0.53783417 0.8165965 0.20461424 0.8842498 0.5059687 0.16433217
0.28034374 0.4333618 0.023137638 0.7843458 0.12717447 0.79622686 0.7830273 0.55916816 0.4223084 0.3322203 0.099432155 0.8400032 0.34337005 0.49446407 0.751222 0.6295127 0.70342606 0.050167043 0.936633 0.6838122
0.38684094 0.89677364 0.082418405 0.97239286 0.1415448 0.3483472 0.5014611 0.600936 0.9671755 0.30633962 0.1754178 0.17914578 0.96469194 0.3645369 0.21817331 0.9692909 0.4748299 0.40369973 0.47091252 0.39671826
0.5684148 -0.049284145 0.79043406 0.21334963 0.17036988 0.31928775 0.32972607 0.43172267 0.21994743 0.25608197 0.7186989 0.79128826 0.3554616 0.3832446 0.18814468 0.8482231 0.78887993 0.7504973 0.63316876 0.17333953
0.260203 0.33275175 0.30380926 0.17857915 0.7689769 0.31915683 0.114192374 1.0210041 0.34604365 0.052279204 0.71137357 0.95749235 0.6188924 0.23184115 0.34735245 0.544577 0.5633544 0.3760924 0.38586715 0.36404562
0.6393347 0.7723381 0.22291993 0.8720354 0.854698 0.62775564 0.5626264 0.9060891 0.1467991 0.07263442 0.16986652 0.43188196 0.04669356 0.6425934 0.31851178 0.76140255 0.58425426 0.030394927 0.41135758 0.91491544
0.35915774 0.36607432 0.6010939 0.408167 0.7121172 0.882536 0.32683384 0.13068284 0.44970575 0.7561111 0.15372112 0.51514524 0.7782656 1.0037874 0.8975958 0.63992506 0.0942582 0.7856831 1.0009452 0.47793835
0.043256175 0.5166519 0.14274222 0.905039 0.41739964 0.1515594 0.6687972 0.693931 0.6776846 0.84860843 0.9511696 0.095904104 0.0459371 0.58849245 0.71950436 0.3486346 0.103357054 0.97456825 0.7059845 0.27951673
0.38467243 0.41475356 0.82907736 0.18217143 0.49729636 0.9443202 0.30760893 0.9358098 0.8886642 1.018095 0.23050122 0.15726121 0.73975146 0.51587903 0.1110968 0.58032656 0.8645184 0.27416882 0.09736591 0.32897955
0.46461058 0.19991608 0.2185727 0.6695067 0.7965106 0.71668786 0.47179788 0.49237233 0.1658521 0.7837549 0.27803624 0.612999 0.37132278 0.63796484 0.4764062 0.78967667 0.22630085 0.33096632 0.73528624 0.6651706
0.18150884 0.43864015 0.23069252 0.6230001 0.8142973 0.59995306 0.44641364 0.433238 0.68981665 0.6220609 0.19387026 0.25089252 0.8598959 0.17271759 0.48266798 0.06630275 0.60251564 0.70744395 -0.07436398 0.36501357
0.7823036 0.2751133 0.4703819 -0.04886406 0.37816146 0.18667619 0.73532647 0.7730814 0.5709375 0.37501493 0.6277646 0.5183491 0.5016878 0.6955375 0.28080735 0.81712604 -0.03342053 0.35394958 0.33959538 0.27382255
0.59123474 0.7518304 0.81195736 0.43382004 0.7945349 0.22111587 0.11417678 0.25818872 0.57130975 0.6045909 0.20491304 0.92785394 0.1193498 0.8241941 0.90932274 0.64791346 0.15816775 0.35840583 0.9962339 0.9272599
0.5786126 0.09193169 0.11151567 0.39743087 0.485686 0.45683214 0.8293092 0.7932708 0.4147784 0.5099081 0.66818947 0.03752097 0.82887036 0.051549762 0.28467226 0.7623305 0.72684985 0.8194347 0.23904671 0.8940799
0.27060652 0.7420133 0.13758074 0.09784434 0.53838825 0.69989806 0.89339554 0.81493604 0.6334136 0.69366556 0.05965564 0.7955355 0.8379885 0.43781707 0.84682053 0.41461626 0.01967864 0.77890545 0.8345485 0.8302321
0.7383822 0.5146166 0.8541913 0.24556473 0.6744316 0.522405 0.53725547 0.22915182 0.7594137 0.49884376 0.47241372 0.35853782 0.28679875 0.8336852 1.142289 1.1294942 0.51699114 0.6684235 0.95026207 0.87429386
0.9245692 0.2250431 0.086629964 0.13759787 0.29439333 0.63170815 0.62787473 0.4445685 0.45499608 0.09385812 0.52724403 0.56875914 0.24355477 0.66333914 0.09359829 0.7194258 0.40093696 0.7012722 0.13478546 0.66247255
0.68839103 0.50198495 0.39640555 0.7901821 0.099315435 0.5720483 0.5681153 0.8905448 0.76488745 0.75618136 0.66306406 0.45797172 0.60961103 0.2890548 0.5186735 0.59803355 0.12682721 0.7526735 0.7797497 0.7906122
0.021041723 0.74636024 0.79035455 0.5746053 0.8408215 0.57020307 0.7330381 0.68623143 0.66437113 0.9324093 0.7229649 0.046099182 0.869647 0.08145921 0.0061462405 0.124761194 0.5058488 0.17644024 0.20630036 0.75131327
