0.21672729 1.057584 0.8954029 0.5273002 0.1569513 0.4350492 0.7418125 1.0530058 0.25341135 0.11242816 0.72161406 0.16037545 0.6223446 1.0168703 0.577808 0.25053787 0.49551383 0.6448371 0.6547161 0.9799902
0.74825567 0.6138105 0.82536215 0.74300534 0.8680827 0.47293064 0.7416765 0.29579836 0.21168779 0.31095967 0.44881693 0.486505 0.46110234 0.5097948 0.0991766 0.88145643 0.40655547 0.81798196 0.68950105 0.7171742
0.47066894 0.93605775 0.5182544 0.713081 0.5685771 0.8312022 0.19696523 0.9826889 0.7774202 0.7533952 0.43880525 0.9268491 0.9355696 0.16656151 0.48301843 0.20688961 0.81082785 0.89471084 0.45240858 0.81826025
0.55563456 0.40559912 0.65731287 0.18243827 0.078361735 0.70665646 0.08948256 -0.0027176656 0.6408366 0.24080043 0.34779716 0.36792883 -0.13432282 0.66163445 0.3229842 0.19118461 0.2809679 0.6809026 0.42050192 0.74111116
0.3553412 0.28368437 0.27167392 0.2900026 0.52724355 0.6693953 0.58063716 1.0035228 0.5056713 0.36798385 0.27180082 0.30005005 0.9814487 0.65846187 0.7195491 1.120864 0.7940301 0.95725155 0.7491006 0.24427618
0.55422497 0.18975969 0.94191337 0.17106853 0.7471349 0.5867343 0.7525678 0.71224856 0.6826286 0.44033596 0.91249377 0.22060114 0.4506232 0.83748615 1.0045995 0.18846639 0.69826317 0.31389716 0.37201324 0.7510803
0.6004527 0.8958323 0.67550206 0.7554551 0.8655868 0.28999808 0.22684605 0.5687539 0.7654352 0.8397378 0.2522006 0.5615952 0.28320506 0.9744387 0.34420675 0.8945763 0.9552264 0.24585515 0.45505556 0.13850532
0.7317607 0.4685423 0.3643248 0.13290437 0.7858723 0.21945845 0.5764103 0.15391868 0.46731845 0.5431231 0.4689822 0.62073725 0.38099426 0.07089683 0.37851584 0.09375266 0.08682161 0.2863419 0.4327686 0.15122488
0.78151333 0.53588766 0.42354596 0.73166984 0.29312593 0.78293335 0.50000596 0.5326449 0.20127507 0.7943867 0.6402359 0.4402517 0.18194062 0.7538035 0.47933584 0.04124075 0.57427454 0.662827 0.47462448 0.39051208
0.46164098 0.83070517 0.3078054 0.5804864 0.18055497 0.91111106 0.99996215 0.97516114 0.17865239 0.14770094 0.65103763 0.7351492 0.36524627 0.6079775 0.69069785 0.3320563 0.81615514 0.705766 0.2747938 0.8594652
0.59856486 0.6108969 0.52089083 0.94549316 0.5140342 0.69111377 0.99723446 0.35402036 0.79748714 0.59386796 0.47379318 0.59312063 0.79589754 0.28388408 0.8732858 0.6134409 0.30801886 0.8759665 0.4040888 0.8054868
0.121405765 0.5488308 0.101169065 0.7598883 0.8347473 0.66447246 0.5167493 0.24150182 0.7405695 1.0098126 0.37530154 0.3251918 0.9887484 0.4631304 0.17233898 0.9824001 0.28881013 0.47070456 0.7531954 0.8958065
0.95054346 0.56462777 0.9279712 0.8599164 0.1491978 0.21888614 0.6964254 0.4453531 0.7936556 0.8124713 0.9065295 0.36261827 0.6955247 0.21451527 0.57106215 0.43402916 0.14507413 0.25342962 0.18570209 0.1512311
0.8778481 0.7688284 0.1329261 0.8979222 0.22493687 0.2603624 0.519812 0.6117952 0.4285854 0.79854846 -0.018112147 0.7753989 0.82185566 0.27182886 0.08904992 0.51998574 0.29179978 0.32176495 0.45429075 0.8537339
0.36094773 0.4669264 -0.00984662 0.7612017 0.7339736 0.6173291 0.14089055 0.24313317 0.3030743 0.11215987 0.601558 -0.094398834 0.5231913 0.29338256 0.5118991 0.21283977 0.09523786 0.59160626 0.70822024 -0.01674016
0.092063256 0.25350824 0.13409407 0.6586717 0.56456065 0.1885904 0.5470298 -0.1319822 0.11432694 0.44664523 0.14273709 0.71340865 0.7235247 -0.21728644 0.3424688 0.16931836 -0.18274765 0.4493207 0.5886128 0.26395583
0.11592096 0.6080484 0.31275532 0.7410626 0.6885497 0.16756207 0.5132234 0.43708333 0.8375773 0.2979653 0.6051678 0.5054009 0.77598685 0.18694586 0.04104797 0.70167404 0.32648623 0.7020725 0.8242029 0.82326895
0.82970613 0.630871 0.56234366 0.50292265 0.041691553 0.31013033 0.20508245 0.13864763 0.38035294 0.8364058 0.7407597 0.53200907 0.68410623 0.106883384 0.12338218 0.31400278 0.3594974 0.27073476 0.48788878 0.5123336
0.30709133 0.90220416 0.09947855 0.9383605 0.39295045 0.40890923 0.66533965 0.9629417 0.48985702 0.14092033 0.008416466 0.811607 0.82387376 0.20286588 0.2745547 0.10672898 0.13669547 0.3491579 0.17630883 0.61414534
0.24625939 0.9169971 0.45002848 0.79829293 0.4298191 0.53538334 0.5001547 0.05347376 0.38029647 0.7559362 0.3671765 0.35106936 0.7133799 0.95689356 0.23355159 0.8698723 0.7417384 0.7184756 0.79068726 0.66021997
0.79481965 0.942446 0.86026245 0.9133731 0.8441562 0.37818277 0.2980362 0.44131753 0.39547315 0.69780993 0.8741072 0.18322302 0.7834511 0.57681054 0.80977714 0.34452498 0.09519565 0.27023143 0.4386147 0.5134436
0.29550478 0.0066580153 0.48922428 0.8264758 0.6475597 0.41166794 0.1893647 0.43267524 0.32709104 0.106987596 0.7833885 0.080170065 0.6874206 0.42633662 0.66738254 0.19370821 0.5032861 0.23514697 0.42876747 0.75370824
-0.01019625 0.3366832 0.36238518 0.2603692 0.5118482 0.32062808 0.045258384 0.04120811 0.75764084 0.5420011 0.025904905 0.33809108 -0.061809603 0.5060362 0.6792342 0.713798 0.2813953 0.35172415 0.5094966 0.60095096
0.9186585 0.9517831 0.5749641 0.8861645 0.81151104 0.237411 0.52659816 0.13719282 0.49938774 0.63330954 0.90987945 0.5834103 0.48717692 0.671535 0.65203303 0.92522824 0.36113086 0.30177954 0.6901311 0.8954042
0.64876664 0.73749477 0.8625594 0.565598 0.099354155 0.23570995 0.06975967 0.11914014 0.5798818 0.85799664 0.6180273 0.6409926 0.27393132 0.31467307 0.32645652 0.72228444 0.6318503 0.41106376 0.34670994 0.8950444
