1.0475923 0.21680924 0.55291843 0.67627484 0.32731077 0.46915755 0.12406119 0.61242574 0.4684686 0.39811423 0.8063018 0.36590093 0.3637325 0.47942027 0.16511312 0.3699304 1.0309205 0.8620788 0.20552418 0.55460936
0.10305162 0.42962104 0.8149275 0.8477247 0.8430915 0.7739237 0.22448465 0.351709 0.6493152 0.13742378 0.55887234 0.80708 0.34302276 0.80929404 0.71198756 0.18209842 0.07814229 0.37271225 0.7012946 0.4982656
0.30527365 0.40249455 0.7840903 0.14767227 0.5038093 0.3352252 0.51199627 1.0468719 0.66846234 0.8961931 0.29640317 0.8625164 0.64823455 0.40851688 0.44251484 0.5257421 0.67712843 0.733443 0.20322227 1.0114931
-0.15030813 0.19140978 0.54629254 -0.13612185 0.09781008 0.39239633 0.6072316 0.37147397 0.40802 0.6682065 0.1281379 0.115444675 -0.2239883 -0.22393154 0.6220999 0.21537678 0.15758315 0.1934867 -0.03176017 0.3206146
0.27840972 0.17503309 0.14975922 0.6621777 0.703186 0.854714 0.7092376 0.3803797 0.087552436 0.24741244 -0.059060533 0.068050355 0.061250307 0.5682808 0.7946223 0.2698402 0.5626081 -0.07184751 0.40134966 0.39177725
0.13161409 -0.15740076 -0.08176593 0.12044475 0.01107868 0.4681034 -0.111527994 -0.18447223 0.12702323 -0.11574117 0.5709475 0.28694472 -0.11995077 0.6448378 0.1179729 -0.05266258 0.24134897 0.29285344 0.23263282 0.56407374
0.5014541 0.35076982 0.42966503 0.19660755 0.22673738 0.3156108 0.7989515 0.8981151 0.44620326 0.96401244 0.92276525 0.80680776 0.61076736 0.32188296 0.23654859 0.18714422 0.8392546 0.7196643 0.6545579 0.9894835
0.56122863 0.6893874 0.42565686 0.8767773 0.33754778 0.44986084 0.41676232 0.57062143 0.7786584 0.95783466 0.46380767 0.75843513 0.69147646 0.25650737 0.5047353 0.24804191 0.7125127 1.0351619 0.5080737 0.115639135
0.52027977 0.26968044 0.33185464 0.12695384 0.4518116 0.19487591 0.86038494 0.17475791 0.9069091 0.9773874 0.95439273 0.7860134 0.656597 0.13936901 0.8523875 0.70167375 0.22306243 0.4491714 0.18222487 0.13598001
0.261521 0.23185171 0.68286043 0.26338372 0.9425228 0.72305834 0.8074477 0.9621739 0.94018394 0.2309723 0.41256973 0.528131 0.80181634 0.2588573 0.092267215 0.98349875 0.8260346 0.83327156 0.31321672 0.45732042
0.81458193 0.874512 0.32984 0.28671026 0.724857 0.7242425 0.6843947 0.78553015 0.27340528 0.5168072 0.7153391 0.3356439 0.8246275 0.13627289 0.67156863 0.41475993 0.8370008 0.85378224 0.624534 -0.062840536
0.81158465 0.69005805 0.45649424 0.17785147 0.74520385 0.88682705 0.2565078 0.539889 0.27249676 0.34829375 0.86888707 0.9768674 0.21195376 0.5986445 0.2324086 0.13675109 0.91770095 0.9433523 0.62815875 0.8227967
0.21067844 0.7712831 0.9325522 0.2742242 0.7814165 0.73011583 0.8600636 0.82958883 0.52219546 0.8475571 0.49975157 0.9936408 0.31016883 0.2298635 0.6507355 0.1784526 0.5054292 0.9806044 0.13559712 0.3702073
0.73278546 0.71189547 0.5800819 0.5834716 0.16369818 0.80079687 0.33621275 1.0028517 0.26410678 0.5287754 0.8519345 0.59054416 0.13640098 0.48231593 0.7812214 0.39956924 0.16469897 0.5332115 0.20148972 0.38035244
0.70788664 0.6092659 0.3189809 1.0557922 0.48035392 0.8470991 1.1069536 0.619935 0.86360496 0.97103024 0.31076518 0.82246315 0.35494736 0.6259217 0.26992425 1.1368048 0.38904545 0.6381065 0.24176729 0.32100597
0.56134635 0.4256502 0.66909635 -0.002521641 0.5961532 0.7451075 0.580722 -0.02602414 0.048707593 0.85538954 0.56329614 0.62413687 0.8332209 0.7396434 0.7060477 0.07849885 0.31455442 0.8347689 0.7864223 0.34152392
0.23951063 0.16689898 0.26582056 0.390535 0.5556644 0.7668516 0.99698514 0.80566543 0.22374496 0.31529123 0.23053335 0.8052452 0.5995427 0.47389668 0.5340454 0.9614354 0.5547927 0.857087 0.11902045 0.36643437
0.5147666 1.0960028 0.62831265 0.3865284 0.9800003 0.39758617 0.43470395 0.8085729 0.20972072 0.56782156 0.9337712 0.45178086 0.5271701 0.1454652 0.8676788 0.42089218 0.17430177 0.15603223 0.25739962 0.20275529
0.66281885 0.48059273 0.12379587 0.9416978 0.9349932 0.8151523 0.50157535 0.9047887 0.18349488 0.6382845 0.22860773 0.08773603 0.06381314 0.18477702 0.27785107 0.7088799 0.77728623 0.5849316 0.5889276 0.33426937
0.7100318 0.7190679 0.9773318 0.82108593 0.31444114 0.54817647 0.3622335 0.4721611 0.5576099 0.4929778 0.14174084 0.29073244 0.45392767 0.7010811 0.17317289 0.71211404 0.22644669 0.14820342 0.76973546 0.28478923
0.43277502 0.8662374 0.18882425 0.22961734 0.8465853 0.82251513 0.85537195 0.94479424 0.015019349 0.18317375 0.4431537 0.08142018 -0.017550932 0.23249537 0.67744124 0.5349101 0.7389723 0.21397611 0.7060475 0.8594857
0.82160026 0.5631283 0.4745669 0.055739824 0.47977147 0.42588466 0.022710076 0.6205691 0.38071138 0.09355047 0.40972993 0.7731604 0.11796373 -0.02582001 0.6222549 0.58343685 0.66873956 0.7081767 0.8641017 0.20190518
0.27078906 0.46413517 0.48683894 0.6747866 0.4180408 0.7101198 0.8861357 0.55921793 0.3754912 -0.00806379 0.27174056 0.8782686 0.11110689 0.3710404 0.5104692 0.70101094 0.6554368 0.6923472 0.27276048 0.765564
0.42908013 0.023386836 0.3820126 0.035315968 0.219293 0.08698525 0.648126 0.9152384 0.7401089 0.035772473 0.49572587 0.14013745 0.0044947728 0.09788401 0.19392085 0.58339405 0.66286206 0.82121384 0.76449996 0.2153403
0.75848 0.9250247 0.17403144 0.54934525 0.3431674 0.3470575 0.36069712 0.45106208 0.1777342 0.6713266 0.73217857 0.226863 0.70846474 0.39314 0.643366 0.9609774 0.8638957 0.79641676 0.7757453 0.6425331
