0.3320381 0.58704346 0.5692854 0.16822681 0.23671524 0.66156703 0.86496025 0.9288442 0.677951 -0.015040755 0.02382413 0.67383343 0.2583308 0.689277 0.52747804 0.9166792 0.2572703 0.59808505 0.93331796 0.08234706
0.7058366 0.23328324 0.6349317 0.45681113 0.7890988 0.53722256 0.6818079 0.92814213 0.6564406 0.88340646 0.668667 0.14871426 0.47957152 0.624346 0.11388659 0.34667784 0.29600215 0.39625484 0.27550837 0.19157386
0.9808609 0.26859328 0.15082087 0.3756138 0.5881997 1.041192 0.6490235 0.5640719 0.12742864 0.660087 0.7137389 0.5007911 0.36055136 0.54033154 0.7808364 0.8575014 0.9170812 0.47229195 0.21713188 0.55456376
0.21854989 0.616327 0.83997476 0.59864897 0.46339604 0.585464 0.24852411 0.043060653 0.49559227 0.25973648 0.81639105 0.5855623 0.2428982 0.5490934 0.9948655 0.9381814 0.43436772 0.11115361 0.85300887 0.3797423
0.3799192 0.8579816 0.35109356 0.16406082 0.31011516 0.5913444 0.40542904 0.79115003 0.013908427 0.49609166 0.21299925 0.6330747 0.215728 0.8110006 0.3845226 0.33976412 0.8050376 0.8152536 0.57016146 0.9163237
0.8202039 0.8538373 0.5919944 0.39210814 0.10762752 0.7234639 0.78426707 0.582557 0.16906722 0.31910458 0.7138094 -0.004334802 0.6731445 0.6374062 0.5062472 0.7959358 0.28471875 0.23511258 0.54033816 0.49208662
0.21327235 0.37577483 0.51949036 0.4003445 0.67763394 0.9913984 0.91700083 0.96723175 1.0225881 0.3607287 0.34566325 0.80833405 0.34978077 0.7865624 0.30658254 0.1547564 0.32500762 0.6287612 0.67418176 0.48659715
0.43953297 0.87549734 0.638777 0.50950575 0.8680703 0.42522532 0.040614437 0.39947322 0.5560665 0.27561197 0.9007457 0.93789124 0.7504586 0.5913074 0.3381518 0.79395646 0.11698636 0.24907756 -0.0039092004 0.40011576
0.5166466 0.43317983 0.15051185 0.65218234 0.9295132 0.5830317 0.57438964 0.3691015 0.13783006 0.3274318 0.9698457 0.57003284 1.0232289 1.0172844 0.21193701 0.7398853 0.8032537 0.8547637 0.450907 0.1712557
0.3957131 0.76625824 0.22809233 0.32413474 0.7125089 0.47134686 0.7848773 0.54827416 0.40154853 0.37251863 -0.04729937 0.18940906 -0.13126895 0.42163938 0.30486354 -0.10755535 -0.13995223 0.29954487 0.056922346 0.1949339
0.23973736 0.88588977 0.6194354 0.5518975 0.29368353 0.20920433 0.08325253 0.5558972 0.4748476 0.38163444 0.5353156 0.41154483 0.48493022 0.8302361 0.9014893 0.6032796 0.949467 0.61528754 0.090857014 0.56228715
0.23044552 0.9939629 0.458674 0.27164635 0.44283125 0.634812 0.41781533 0.27703494 0.7377648 0.14705619 0.10354996 0.1200204 0.96834505 0.19937369 0.82110196 0.6535544 0.50432885 0.19744132 0.13315955 0.43164644
0.58427536 0.6618394 0.7861674 0.98191255 0.29328412 0.96959966 0.8052042 0.1314942 0.18693422 0.5934065 0.13776214 0.41862994 0.3124787 0.91471183 0.55517274 0.64555657 0.77290404 0.48431447 0.41222274 0.64299387
0.1827302 -0.083471455 0.5624565 0.47712356 0.8254654 0.4763499 0.28307995 0.43179402 0.41844675 0.36093277 0.72666425 0.7567718 0.3309101 0.608911 0.35735384 0.26004502 0.21198651 0.5225966 0.65949225 0.35287347
0.63481605 0.5695498 0.8241951 0.46685085 0.1268663 0.26444986 0.40747342 0.15463156 0.7701664 0.6702213 0.60320014 1.0121063 0.13256185 0.48686188 0.4263387 0.101277195 0.7776278 0.8848831 0.67852914 0.10039053
0.70313406 0.44595307 0.052018236 0.49668393 0.2220549 0.6617119 0.5431849 0.028313134 0.18697351 0.5052387 0.36365175 0.9562021 0.45051348 0.7454096 0.2801168 0.3103567 0.937056 0.25682226 0.6403189 0.02404245
0.8932879 0.5389137 0.6653013 0.17585443 0.46169525 0.36692068 0.5908964 0.4204319 0.59345436 0.78795475 0.21946327 0.8223836 0.8642045 0.4099262 0.44182983 0.7188458 0.99806774 0.06629602 0.62870264 0.5840535
0.7379281 0.44165906 0.4191747 0.31952363 0.2108394 0.29340023 1.0036628 0.6841859 0.16367033 0.16450864 0.18799862 0.8288591 0.76547694 0.287961 0.7021302 1.0743362 0.5169978 0.21865156 0.5763088 0.62724376
0.78413033 0.16339399 0.5595902 0.5625969 0.9601666 1.0436438 0.56453806 1.0360571 0.49764895 0.7747467 0.41911152 0.95320874 0.13249984 0.1749652 0.8881508 0.5738579 0.2912126 0.19573893 0.89695966 0.09739831
0.14125709 0.065601185 0.19364053 0.58901393 0.24284308 0.8671771 0.67111635 0.58461845 0.84368557 0.582635 0.35963562 0.24590394 0.3994489 0.5248179 0.64611626 0.5510752 0.17230855 0.057774365 0.28662887 0.51227087
0.79069906 0.5645703 0.34974667 0.29548216 0.8308044 0.40573728 0.79201907 0.021510765 0.5969193 0.8155924 0.4479958 0.13573891 0.16060881 0.77846855 0.07269539 0.3120081 0.01305245 0.062490463 0.44736055 0.85100174
0.35734943 0.67313385 0.38703406 0.3246219 0.7048704 0.7431127 -0.00031549056 0.6756276 -0.021331232 0.5157751 0.2708341 0.76923805 0.7610138 -0.040909342 0.12697428 -0.114889435 0.14138532 0.730279 0.10149875 -0.03369307
0.75918776 0.55605227 0.5615374 0.06211424 0.120660484 0.1426853 0.8528576 0.33677298 0.0941432 0.5206245 0.37593746 0.8703273 0.7561621 0.75527155 0.67322165 0.4487046 0.83147967 0.6915158 0.2918204 0.3932575
0.19115691 0.8625343 0.21588533 0.60948104 0.3161019 0.77665776 0.042079207 0.5793319 0.37556466 0.9023827 0.8891816 0.82732123 0.5246434 0.9745745 0.58507544 0.2772869 0.92959565 0.35148844 0.3951987 0.9460785
0.6912197 0.3729528 0.65960795 0.5298858 0.47206175 0.16009247 0.92679006 0.6459148 0.9236677 0.6404326 0.8124347 0.19835731 0.80824614 0.9986945 0.45721838 0.635192 0.36699483 0.5916297 0.33445865 0.47476858
