1.0928642 0.7868972 0.517413 0.6160092 0.8072908 0.53951013 0.7482354 0.54967564 0.17025928 0.6834709 0.28911555 0.6169332 0.40777323 0.74321747 0.42136028 0.5501163 0.5212028 0.56852835 0.17056292 0.74203825
0.6661315 0.9257352 0.48913282 0.20465271 0.78322285 -0.0370799 0.79941994 0.52028304 0.60306776 0.16294816 0.3722027 -0.019959724 0.8629693 0.17700037 0.665801 0.5001136 0.3116735 0.19074212 0.44302055 0.09234791
1.0475191 0.9985029 0.38713333 0.7597553 0.3051709 0.31076565 0.3668301 0.35439894 0.4508067 0.6626842 0.44343242 1.0175421 0.2543028 0.8338819 0.43464896 0.1879762 0.8235821 0.4583808 0.3758601 0.89793307
0.8881696 0.3732477 0.3909981 0.27204308 0.87343204 0.29220408 0.7694621 0.77072513 0.5140782 0.6211063 0.8633449 0.32967514 1.0715886 0.47239804 0.34700185 0.24797688 0.61452 0.3227726 1.0038608 0.29204732
0.284455 0.71630025 0.4166367 0.4982053 0.71159923 0.27650583 0.65415335 0.57559955 0.8939535 0.96412563 0.29959258 1.0082783 0.73623616 0.4262376 0.45785588 0.43655783 0.92082804 0.8471211 0.16820887 0.31906354
0.7758097 0.75756115 0.37194574 0.7924255 0.7667532 0.3722829 0.29247734 0.5297519 0.5920213 0.07657063 0.9460222 0.83683836 0.26233456 0.41467142 0.1215491 0.72802866 0.7105506 0.6192961 0.79516023 0.65917814
0.8498701 0.6662063 0.029474968 0.08323603 0.42054126 0.4417116 0.8701662 0.3874622 0.07444597 0.14340375 0.8409755 0.1275397 0.8158642 -0.013535285 0.5875961 0.46049008 0.79831284 0.6287796 0.017826384 0.5257209
0.7833851 0.79567534 0.8303153 0.8651102 0.15613805 0.028893122 0.486868 0.28957593 0.6678494 0.08417878 0.47280544 0.6117171 0.36103982 0.73550487 0.6519226 0.6149546 0.6647047 0.080906704 0.7799352 0.11505823
0.7612294 0.5159181 0.66939527 0.7010453 0.36671102 0.5276897 0.01574496 0.14071786 0.2080191 0.7573209 0.34650734 0.7644385 0.6507947 0.8066831 0.61098295 0.4027676 0.64968973 0.69382924 0.21496095 0.050344057
0.9281879 0.7571771 0.85371274 0.25160965 0.75801027 0.981827 0.44515216 0.45586997 0.8235284 0.27168772 0.23163414 0.40483314 0.5557831 0.4835636 0.7163491 0.91647345 0.35587353 0.6442696 0.1925251 0.3265803
0.91029483 0.49493968 0.59026283 0.17184798 0.7434572 0.35015196 0.45631322 0.54679215 0.69828415 0.49695984 0.1130181 0.98998904 0.5496631 0.30294597 0.48679727 0.41407838 0.8621621 0.14601022 0.60114586 0.07711716
0.51549244 0.3353215 0.4110481 0.68100154 0.18407655 0.2552463 0.9913833 0.2233253 0.5136797 1.0186404 0.5080127 0.7240884 0.3818626 0.4136145 0.6507839 0.14216413 0.24651605 0.5577449 0.5741776 0.8002427
0.39580628 0.8555571 0.56460273 0.24773178 0.06357365 0.86582744 0.82648945 0.62022305 -0.04285283 0.47448635 0.29777145 0.10411404 0.09112789 0.09314979 0.55590737 0.8336214 0.43333507 0.24050348 0.79226184 0.42921358
0.24067627 0.23917745 0.74664825 0.4936517 0.27993983 1.0083467 0.992899 0.1208525 0.9117086 0.51246834 0.12904242 0.94583553 0.6395141 0.37913033 0.79291654 0.71382207 0.33809757 0.74354416 0.9939564 0.28913993
0.24493681 0.40321937 0.512226 0.60230243 0.60914224 0.23007767 0.1968039 1.0398165 0.42542386 0.5222273 0.6736521 0.70941454 0.8803975 0.72649944 0.675969 0.54834026 0.9309466 0.80210316 0.17988035 0.62013364
0.5346849 0.1064847 0.81731224 0.09264726 0.18238893 0.64987105 0.09331586 0.44363004 0.4281458 0.8042913 0.735238 0.9380898 0.3250199 0.39489305 0.8541333 0.0083587635 0.6192221 0.5176223 0.6968919 0.7821621
0.45179147 0.9841139 0.26350635 0.46516725 0.55238295 0.03537269 0.80521274 0.39449006 0.5157358 0.33760497 0.17190254 0.48698372 0.35810196 0.92089087 0.5942026 0.7720417 0.43930525 0.61817414 0.41150728 0.36641765
1.0215915 0.13572013 0.6276059 1.018954 0.17151693 0.6711173 0.26006958 1.0711706 0.25850996 0.5347325 0.48657078 0.33004707 0.62979823 0.4174919 0.7250596 0.61562437 0.7227305 0.12304483 0.56317014 1.0637633
0.83003527 0.7011602 0.64543015 0.07153686 0.2689924 0.20685531 0.17189316 0.53078175 0.43064582 0.37715507 0.31781298 0.8226482 0.43864247 0.71289724 0.3153569 0.38972384 0.12697367 0.7712799 0.30992746 0.026666591
0.079599895 0.7559635 0.10759452 0.5705144 0.19261824 0.53828984 -0.046171103 0.23764098 0.09682497 0.09447249 0.06582387 0.54937375 0.7840044 0.7147884 0.7347769 0.28244683 0.55860716 0.18100786 0.25601843 0.37780124
0.80468947 1.0116743 0.24672768 0.96630895 0.21954066 0.22873785 0.7414069 0.35238242 0.40644965 0.6241092 0.66255057 0.20816518 0.58006674 0.5299004 0.35901627 0.44323382 0.0556668 0.35494518 0.9975975 0.43132064
0.9748915 0.8155134 0.925923 0.28935584 0.5051422 0.7738899 0.8838769 0.14905277 0.5101585 0.26107448 0.16041958 0.27067924 0.87576467 0.15907484 0.6793873 0.49717307 0.66499865 0.817557 0.48396498 0.6888216
0.5072098 0.12003941 0.6118179 0.18560721 0.720148 0.707472 0.768191 0.16582724 0.87078136 0.069381334 0.07207862 0.923735 0.33441192 0.751089 0.7676198 0.26903903 0.18022844 0.74986845 0.45898652 0.9478076
0.96140724 0.47290495 0.73106354 0.9439422 0.51898134 0.33410862 0.6811661 0.982522 0.7996063 0.28296944 0.477409 0.15916665 0.9176229 0.82571876 0.4493183 0.41085824 0.15880182 0.5035368 0.4460151 0.26001504
0.18327823 0.77393305 1.0289882 0.4928383 1.0063982 0.34669662 0.4116769 0.4718048 1.0526019 0.7934225 0.98599917 0.52180934 0.46793658 0.30064997 1.0065563 1.0688444 0.26854792 0.5622352 0.27386907 0.6702514
