0.5247575 0.82628995 0.3961816 0.47852206 0.4701685 0.88805306 -0.022416186 0.5497498 0.37052476 0.36983752 0.2628756 0.7074249 0.27918798 0.778559 0.6315833 0.6795148 0.32600895 0.51677346 0.64199287 0.5164821
0.7735167 0.33525032 0.8432632 0.41487366 0.7962706 0.15884972 0.63086605 0.65760195 0.82118887 0.8124658 0.377329 0.468098 0.43469548 0.32220238 0.42483118 0.027334694 0.2935168 0.6900891 0.38177547 0.6545306
0.3919724 0.59580815 0.5611949 0.43035242 0.9691972 0.13554104 0.7755664 0.54160994 0.36128977 0.88785136 0.54202384 0.98143804 1.0039277 0.7293199 0.6567493 0.21659842 0.7472821 0.9782891 0.50730664 0.6892085
0.56817764 0.11490396 0.07630277 0.19050747 0.7726568 0.2682946 0.23044261 0.6658848 0.7067616 0.78398573 0.5253685 0.20886368 0.21924278 0.5164693 -0.049744233 -0.021899488 0.09496313 0.8020794 0.35720387 0.4494411
0.7029442 0.815252 0.30244553 0.26228487 0.4620586 0.3715271 0.31666762 0.42565405 0.7137788 0.5777582 0.5355013 0.5367654 0.80614173 0.3920113 0.7476234 0.45478803 0.5488394 0.9173409 0.21368994 0.16780028
0.22646348 0.38449162 0.273263 0.24737945 0.30806944 0.14218895 0.11252614 0.79360646 0.09723878 0.4114512 0.7995414 0.722069 0.4344399 0.8462013 0.82531285 0.1477876 0.07664716 0.6270897 0.3117612 0.7165851
0.2155926 0.6383617 0.26108223 0.85723597 0.83430517 0.08767788 0.9367373 1.0404958 0.38032055 0.09455519 0.7352844 1.031372 0.4069448 0.5071425 0.1512164 0.85281056 0.8285172 0.49763143 0.5387144 0.759275
0.18366326 0.077072404 0.7569572 0.9465747 0.35056964 0.7490704 0.15957838 0.3518201 0.41998988 0.5478212 0.9354115 0.7741602 0.1184222 0.77327466 0.66352135 0.24785116 0.89032584 0.06952919 0.5092256 0.35238355
0.68539876 0.35013083 1.1326253 1.1406437 0.5433923 1.0067537 0.31239966 0.50953305 0.4304177 0.37940487 0.61976355 0.45189396 0.28773925 0.94748276 0.37736523 0.5001853 0.37094223 0.58227473 0.3536123 0.5117439
0.13385291 0.23812148 0.11678711 0.8364274 0.89509904 0.17890175 0.2770812 0.67392856 0.54631746 0.5009419 0.88108015 0.37424147 0.9750553 0.54725146 0.6574467 0.42976645 0.12587216 0.7840896 0.33648506 0.73050976
0.7220705 0.78496134 0.111348026 0.65987223 0.64703083 0.5411448 0.3828453 -0.04928415 0.48493382 -0.051736195 0.15861881 0.081334315 0.8331425 0.8389257 0.7563874 0.03564085 0.5240265 0.15024684 0.41157317 0.6982097
0.34794864 0.060728416 0.5993648 0.6245514 0.108616084 0.7083926 0.66496897 0.8277472 0.83196 0.5653487 -0.040953968 0.8486948 0.54232556 0.5750704 0.15725613 0.04863879 0.6737059 0.83794576 0.15015976 0.83283734
0.7350911 0.67523247 0.09083761 0.6852339 0.043328725 0.6436278 0.3561865 0.399205 0.4081059 0.70255077 0.5689512 0.6623888 0.34338653 -0.0849983 0.7757132 0.39037934 0.68727267 0.59638524 0.8134675 0.7258382
0.64163077 1.0007633 0.69307286 0.78191936 0.4547096 0.63186884 0.49772388 0.6053904 0.47534528 0.5057533 0.14679793 0.85158753 0.5657679 0.3966933 0.24825522 0.6110071 0.42590848 0.5443901 0.50363934 0.91874695
0.40227935 0.94435 0.8123947 1.0454413 0.6915371 0.2744717 0.42121518 0.48493388 0.99859476 0.15540905 0.6761856 0.16246694 0.45183265 0.39480427 1.0244867 0.8953803 0.51540095 0.6716953 0.4131454 0.11015799
0.9489801 0.0482237 0.30317545 0.39792937 0.4914236 0.94814044 0.7315099 0.51686037 0.36777732 0.47522828 0.5528296 0.96565104 0.047592696 0.22363828 0.88123053 0.2636453 0.67312473 0.5469736 0.12470111 0.6749263
0.44298816 0.663589 0.4083411 0.6785468 0.6950896 0.21466441 -0.18250528 0.3965408 0.4815768 0.46456227 0.1574745 0.077751 0.54540205 0.4678877 0.1608726 0.2706432 0.59435177 0.14255394 0.6451787 -0.11235503
0.39327022 0.25170177 0.9367294 0.79800457 0.39080128 0.4010086 0.56046575 0.5173771 0.70563334 0.77804774 0.29359397 0.30038485 0.50251 0.7145854 1.1263759 0.6679974 0.45670578 0.6803574 0.40596724 0.606533
0.0036573107 0.25858465 0.051907364 0.35134882 0.53702986 0.7106309 0.9010883 0.34768504 0.7535263 0.65095943 0.4178704 0.5419311 0.6993695 0.19775854 0.76362 0.7085342 0.72644806 0.41451868 0.33859095 0.7901884
0.7438182 0.4245945 0.38942486 0.1393532 0.61845535 0.4565427 0.62919897 0.46773028 0.77485067 0.7040834 0.05167917 0.5136577 0.723182 0.1437858 0.5514343 0.68413943 0.77454174 0.27697 0.91596097 0.17705743
0.18673329 0.7733454 0.8723715 0.117925055 0.51106614 0.44019347 0.8347501 0.71594644 0.053650424 0.1141086 0.5933181 0.8255723 0.45867413 0.89820194 0.70871717 0.3359978 0.1615851 0.8773092 0.53031385 0.20915246
0.38168105 0.84537244 0.69683844 0.9315619 0.66898465 0.3840436 0.9426575 0.7514462 0.30840823 0.39102796 0.09177143 0.29147655 0.45423117 0.75596505 0.6247514 0.7750268 0.069334626 0.41377163 0.8133644 0.9916827
0.15411393 0.21816275 0.3822033 0.14838408 0.563697 0.40224847 0.23198181 0.8273647 0.38049003 0.64458185 0.63916457 0.954451 0.10147307 0.99480295 1.0046062 1.0089061 1.0053225 0.9991268 0.60354483 0.28792644
0.42200196 0.17818242 0.52501523 0.3823974 0.8926289 0.30898854 0.6341779 0.622486 0.58495265 0.5839893 0.5328957 0.70532703 0.78078496 0.67904747 0.738968 -0.027085768 0.44290143 0.4410132 0.28619644 0.4105568
-0.16500168 0.32689095 -0.14848311 0.57205456 0.78545123 0.7817244 0.43117476 -0.13702832 0.112305276 0.37234432 0.093605824 0.14817788 0.39310652 0.119678915 0.63925356 0.47581717 0.74660164 0.53043514 0.6681811 0.31148615
