0.491632 0.9385247 0.68882316 0.6191226 0.49243742 0.65651804 0.9760641 0.22049834 0.45074615 0.25107044 0.40398782 0.73795336 0.74233955 0.17177796 0.23752521 0.12188007 0.77169824 0.90914184 0.06566877 0.34698787
0.5228981 0.7796528 0.9069568 0.9673498 0.27007848 0.28195676 0.5280899 0.70791864 0.19780521 0.5853503 0.09902067 0.31219655 0.8305793 0.21249583 0.39428297 0.88856596 0.4901937 0.97091335 0.5912508 0.73497003
0.78442436 0.21280508 0.35988232 0.3860571 0.9381398 0.3423985 0.38198742 0.10826933 0.33554468 0.35969222 0.9938632 0.1959798 0.42858708 0.6916277 0.4198881 0.05926081 0.6444469 0.6011871 0.9299916 0.8311189
0.06728573 0.39583403 0.38685298 0.47338963 0.73784226 0.19928804 0.8438799 0.89797777 0.50622535 0.5699699 0.3259072 0.041471295 0.09338994 0.5382724 0.42161757 0.7114295 0.6082189 0.76568323 0.8618223 0.7552101
0.029101824 0.36563343 0.66383004 0.9088226 0.16410959 0.9084196 0.8538641 0.19513884 0.40044394 0.34962988 0.917883 0.6320005 0.5796008 0.54116434 0.22334726 0.59614736 0.8700111 0.10211821 0.2700467 0.49496788
0.6738186 0.3731728 -0.007045755 -0.051059432 0.2811827 0.23603794 0.3065255 -0.0720029 0.35052297 0.31186005 0.12452148 0.82287544 0.5269327 0.27416193 0.73475313 0.4305005 0.67449003 0.033568706 0.743041 0.5039218
0.2055318 0.49133903 0.94642407 0.5326496 0.82553244 0.5140353 0.26063445 0.09111669 0.7037809 0.82281715 0.29240367 0.21378946 0.6461893 0.1548777 0.7888439 0.5376755 0.8723497 0.6685487 0.29976106 0.1747185
0.11436272 0.61720544 0.45438018 0.6382843 0.8952365 0.15593755 0.7265935 0.6022815 0.48490092 0.16569084 0.49661127 0.46424907 0.75917333 0.27580976 0.5743058 0.7260034 0.87500197 1.0073721 0.5180441 1.0014472
0.9765345 0.7491522 0.29438356 0.90757984 0.2611528 0.2727236 0.36370814 0.4466119 0.24919985 0.4064425 0.98096573 0.5559764 0.60552305 0.6004497 0.9462812 0.38706332 0.26786074 0.8916125 0.35348204 0.8046023
0.45215127 0.820769 0.5785147 0.535803 0.79165983 0.8076814 0.8707782 0.51831317 0.79535353 0.04964223 0.028657151 0.2861208 0.7687275 0.62123543 0.45332286 0.66744035 0.1688597 0.4241485 0.97339356 0.7676412
0.8115249 0.5445346 0.33684784 0.72826135 0.30103466 0.37159944 -0.010465976 0.7952099 0.5011544 0.7237328 0.8497254 0.7172601 0.44134554 0.8644209 0.051973563 0.27194706 0.7109042 0.7212777 0.44111365 0.11296222
0.37737867 0.3985714 0.96382207 0.21516849 0.6396488 0.58841413 0.4094841 0.70474744 0.25952193 0.24389799 0.8798283 0.2862269 0.23795702 0.22047287 1.0474187 0.4034862 0.2649606 0.59860367 0.50493455 0.92189735
0.45635822 0.4935475 0.3544571 0.5769955 0.63795745 0.7804758 0.3315145 1.1064323 0.46787432 0.71444297 0.55545604 0.5407372 0.5918375 1.0010386 0.5749805 0.43945047 0.82442427 0.27766946 1.0040475 0.93886846
0.28877681 0.2906401 0.43072227 0.317861 0.84520966 0.9602241 0.35851294 0.71327525 0.46167758 0.8996348 1.0698254 0.3907222 0.38456136 0.54652834 1.2221267 0.4179327 0.60229033 0.9849263 0.75708723 0.92230177
0.575833 0.86320525 0.8349169 0.44467008 0.63159496 0.7941532 0.37398228 0.32911313 0.32550812 0.64523566 0.43575242 0.4110867 0.8812067 0.93718 0.44591826 0.7913449 0.07621624 0.8263004 0.13607389 0.84916806
0.8638964 0.29005915 0.22464533 0.6432753 0.4624915 0.5646273 0.45560783 0.6493691 0.56566817 0.5560144 0.06910372 0.9535215 0.23178397 0.8733535 0.77795935 0.531232 0.6155053 0.4445255 0.8935896 0.63148147
0.25033268 0.3791841 0.42026135 0.61005044 0.45738816 0.08355266 0.5923448 0.39162204 -0.10472089 0.677619 0.27456132 -0.06199918 0.5251299 0.12629536 0.5586393 0.4916527 0.39593363 0.055648766 0.48741058 0.5946597
0.8540206 0.5311867 0.12311043 0.60881674 0.28679526 0.24522056 0.97587115 0.519468 0.34545228 0.25268888 0.6505479 0.92726177 0.243832 0.6313334 0.9760643 0.29866698 0.16307351 0.27255017 0.8063578 0.48087007
0.546337 0.31047198 0.63777375 0.69196904 0.34504506 0.6815077 0.26906568 0.77279836 0.93855965 0.10236808 0.5642767 0.7089935 0.8899608 0.09506943 0.4808716 0.54108644 0.7003567 1.029855 0.5243333 0.758759
0.80374277 0.10985761 0.25944266 0.019421838 0.3323276 0.20664315 0.68169916 0.5299154 0.38948902 0.40524095 0.058886692 0.21969455 0.8896434 0.39637068 0.027139759 0.27190703 0.45301288 0.9626621 0.33600175 0.017123735
0.37081277 0.25777644 0.5822296 0.5247518 0.67856175 0.23116347 0.28122202 0.9636102 0.14877973 0.69621646 1.039988 0.78539413 0.4670136 1.0322261 0.74165446 0.86187774 0.7640161 0.661309 0.13121177 0.34143585
0.26001376 0.7833043 0.6037797 0.12454359 -0.030520305 0.5183664 0.6471536 0.7115791 0.63531166 0.2402937 0.13586123 0.7809841 0.7536537 0.48491734 0.45776904 0.3481099 0.32471925 0.8613525 0.743933 0.7517141
0.67936057 0.47653115 0.5761646 0.5586107 0.13243987 0.576738 1.0388341 1.0049406 0.1774654 0.52638346 0.5205323 0.22106622 0.5830583 0.3312425 0.08441887 0.82508653 0.12417521 1.015394 0.18300638 0.42489952
0.9220873 0.7161041 0.9198188 0.8125665 0.040490877 0.19012691 0.63525265 0.9192502 0.62160975 0.13730547 0.14678627 0.5452934 0.050156828 0.33329046 0.87654835 0.32202184 0.7879531 0.0639404 0.8066836 0.38420123
0.728838 0.45948434 0.4498798 0.19142196 0.5370281 0.45414963 0.41017163 0.16027075 0.8554201 0.9389939 0.6709607 0.5186596 0.29357547 0.36218354 0.40875164 0.9151021 0.46853945 0.9951128 0.8506037 0.59488326
