0.7991292 0.1559578 0.29492095 0.59524083 0.40232018 0.68628263 0.4257289 0.7069964 0.8988831 0.9199333 0.20237987 0.90138763 0.29551712 0.6909182 0.102781996 0.93916637 0.43903756 0.8259942 0.44141 0.8470095
0.64992964 0.15657046 0.7237017 -0.0137859695 0.020819426 0.2829347 0.75932413 0.71868414 0.7870639 0.765121 0.82748693 0.6799307 0.6142221 0.29731658 0.8538871 0.49519253 0.7210291 0.4360321 0.5152712 -0.00016214866
0.78712636 0.5662377 0.8301858 0.8399616 0.2756839 0.38091448 0.30287287 0.9338945 0.16739641 1.0882934 0.90512085 0.71133834 0.46210942 0.5815963 0.6297098 0.87075335 0.2726954 0.9012206 0.6173526 0.5735516
0.30779326 0.070325956 0.92457056 0.3183174 0.38445133 0.5825984 0.49958658 0.1469768 0.17786908 0.9432515 0.06507138 0.5429558 0.23934284 0.9079389 0.47459605 0.84075433 0.08751891 0.24216156 0.63268596 0.11199192
0.826347 0.79774725 0.37887108 0.27588814 0.92558163 0.75209045 0.22783002 0.9042414 0.8094802 0.12409914 0.45704713 0.947245 0.13126867 0.88183314 0.33585623 0.15117024 0.11973396 0.5364299 0.99973994 0.85080653
0.52321815 -0.031672098 0.8388486 0.5062964 0.68482953 0.39729336 0.39986512 0.5211129 0.3797914 0.69681287 0.26594907 0.59448653 0.80252403 -0.0016761511 0.6904745 0.5301085 0.7649278 0.7798947 0.5353714 0.18076955
0.39530203 0.3540263 0.18062553 0.7128092 0.34186482 0.5703185 0.56577384 0.5428811 0.4488642 0.8236137 0.58789843 0.90671426 0.4001969 0.5107906 0.15035275 0.8863125 0.48268247 0.30527717 0.49928588 0.44589052
0.40723953 -0.09708525 0.7085275 0.5961357 0.0476314 0.16179597 0.21601231 0.02323476 0.61123794 0.5852271 0.5592816 0.44149598 0.73035604 0.77718544 0.11156892 -0.047200337 0.8419983 0.81875783 0.68812394 0.6249735
0.73291063 0.40632245 0.46811438 0.09436935 0.24689844 0.70934826 0.8170437 0.10081921 0.2880807 0.72479045 0.8540513 0.7880023 0.38102025 0.8628538 0.17045777 0.24105032 0.91152036 0.098498724 0.48578808 0.8043204
0.8960855 0.8882756 0.4547025 0.061020464 0.46168908 0.6092641 0.7124525 0.87810117 0.57299876 0.84164035 0.72456187 0.71406376 0.74811363 0.5230561 0.035112258 0.5957233 0.26005256 0.29585144 0.46674407 0.6978244
0.2719406 1.0247475 0.72543216 0.45237225 0.4651243 0.48400638 0.31571743 0.672276 0.51673657 0.3413902 0.7181347 0.8136205 0.87289894 0.5680893 0.7624732 0.57378894 0.29208693 0.29502034 0.5082257 0.77469784
0.33728036 0.66673005 0.05083746 0.85089976 0.63428533 0.79734594 0.01778951 0.05027342 0.15516426 0.15765987 0.593522 0.74090326 0.11062461 0.93368995 0.90155953 0.17783824 0.5092367 0.5151849 0.057811532 0.46867764
0.6261983 0.31001386 0.85761935 0.35070604 0.15841585 0.0028883603 0.006682138 0.8373918 0.104784414 0.65316945 0.08281178 0.728644 0.35399023 0.842377 0.04351826 0.4446525 0.6041503 0.44138032 0.5490928 0.5365878
0.16932052 0.562076 0.9146653 0.9514395 0.3534658 0.047494825 0.9005716 0.028121566 0.43244198 0.038396407 0.9169682 0.67589384 0.85438967 0.07931955 0.374413 0.7562755 0.67763805 0.7901731 0.5121869 0.3022141
0.26628298 0.71099687 0.07078263 0.6893976 0.2768445 0.46442318 0.6545048 0.038067136 0.70072645 0.7513094 0.5819107 0.5281487 0.4321093 0.9234205 0.7729597 0.362177 0.7470967 0.852755 0.8359298 0.81370974
0.26642215 0.19526793 0.5753925 0.8509723 0.8441932 0.67458564 0.65805715 0.18309009 0.8823013 0.38552704 1.0380554 0.3186268 0.5674057 0.33014873 1.0182823 0.6749412 0.8664902 0.8248323 0.37773648 1.1110115
0.24775983 -0.03055883 0.11286324 0.3769559 0.70801365 0.62686443 0.18418807 0.75435257 0.68009275 0.596548 0.19736789 0.5518527 0.9103381 0.26517323 0.8429154 0.5059041 0.8652973 0.58455026 0.65040076 0.6336727
0.15416157 0.61794424 0.65533495 0.33672646 0.7017789 0.7479285 0.52110016 0.92160684 0.9014967 0.3644439 0.15300271 0.44599357 0.2917159 0.086408466 0.037836313 0.6804068 0.015235074 0.30467016 0.6869601 0.07032288
0.9442073 0.19923489 0.2853243 0.6698629 0.8166807 0.9861715 0.42508036 0.2809463 0.85519344 0.8550632 0.7465749 0.9298801 0.76094383 0.22875436 0.41350392 0.30712494 0.37107453 0.10911876 0.6864158 0.6263241
0.2770916 1.065515 0.3645069 0.7539967 0.8240759 0.83647937 0.7881106 0.51826185 1.0185598 1.0576259 1.0536315 0.26457193 0.21563728 0.19605042 1.0702426 0.15047391 0.14525206 0.9439593 0.3391416 0.89190596
0.83935124 0.16462012 0.8034151 0.33648175 0.8807446 0.7708744 0.6237258 0.41784027 0.41459402 0.11162496 0.6859632 0.5433717 0.96263814 0.6777045 1.0325903 0.29770175 0.17777614 0.43051454 0.3087895 0.9336235
0.24391265 0.5769223 0.7475458 0.9278194 0.5149043 0.04998825 0.6698056 0.22646107 0.68818104 0.7583736 0.5449385 0.89431417 0.14376627 0.69087064 0.9646528 0.04772021 0.8295076 0.89088374 0.7017069 0.15792967
0.4902474 0.760681 1.0001826 0.077776685 0.10845169 0.80360466 0.6081667 0.49145374 0.8464323 0.9018492 0.58290136 0.7975719 0.15149452 0.48129776 0.47885025 0.96390986 0.88479817 0.6609855 0.23033932 0.15993316
0.8564129 0.9390198 0.61139864 0.6381348 0.47146603 0.7404318 0.57710487 0.29531506 0.7742877 0.70233893 0.6682944 0.9335924 0.30553532 0.7366338 0.5580065 0.29156426 0.32412192 0.45174414 0.3424446 0.18944496
0.38559622 0.6216389 0.9186869 0.58587646 0.49849975 0.91223687 0.4427633 0.23748644 0.8146408 0.50719666 0.27637756 0.6088335 0.7796472 0.37765545 0.48649848 0.2173286 0.21395971 0.4040781 0.45896998 0.4387693
