0.8168211 0.80922157 0.66761506 0.07230006 0.07101766 0.95246476 0.059860136 0.67807907 0.24919151 0.46433648 0.98942643 0.52327436 0.6540607 0.22140107 0.8319535 0.103752896 0.25766245 0.82787 0.1416895 0.70651984
0.36506933 0.7762991 0.5089083 0.2696133 0.84991276 0.6568933 0.2654567 0.5209973 0.62651896 0.73435056 0.047934696 0.10270025 0.62870085 0.82986665 0.6977007 0.41052663 0.20295776 0.44498748 0.21936323 0.86287487
0.49663466 0.73622257 0.29305083 0.71164685 0.4666443 0.49053925 0.17502487 0.9358776 0.69051576 0.17869233 0.31594637 0.22811542 0.5540391 0.90705514 0.086036175 0.60305446 0.37649676 0.7379093 0.5335594 0.68986267
0.34719872 0.40212828 0.31439492 0.4338754 0.54895294 0.30700466 0.5232909 0.67516047 -0.11730185 -0.065290205 0.36506534 0.550068 -0.06038644 0.7479396 0.34420162 0.82632697 0.35741708 0.044389565 0.10387795 0.57524306
0.7222887 0.3437398 0.49498528 0.33350453 0.15721889 0.4944005 0.43159935 0.5715152 0.47972295 0.51035416 0.38156423 0.6464427 0.677325 0.26690662 0.71356267 0.24972306 0.699513 0.7144577 0.42860955 0.7620686
0.37667865 0.9533192 0.26988065 1.0086659 0.20324904 0.13458425 0.7620135 0.3522592 0.4782902 0.40529966 0.43683696 0.13213521 0.41506493 1.0052617 0.6397733 0.59190184 0.3236887 0.41529387 0.3729396 0.90462977
0.4865835 0.6422802 0.7079951 0.078168385 0.70054615 0.26319337 0.783716 0.9529644 0.39060676 0.7187495 0.19422673 0.8639333 0.23096246 0.8886315 0.5396396 0.6280725 0.34983227 0.9365793 0.9011625 0.40449542
0.7633484 0.6538969 0.3391233 0.41423395 0.63260037 0.69860154 0.45792416 0.6577512 0.3174887 0.6811604 0.80933094 0.17400216 0.2950397 0.89524746 0.89698714 0.3611727 0.60802865 0.2994331 0.93340594 0.5186875
0.4898569 0.53223413 0.86485445 0.24288729 0.9709124 0.9909876 0.3424669 0.78467846 0.64648616 0.17697135 0.35722643 0.65194017 0.6198651 0.9646669 0.36804363 0.4681534 0.24649476 0.652704 0.4151552 0.79956734
0.78710353 0.7513906 0.9241309 0.6510208 0.19252317 0.09086583 0.33033144 0.4480562 0.2922495 0.8670803 0.4864404 0.0008558739 0.34060094 0.036982946 0.41098893 0.86291295 0.87780786 0.09186213 0.8244321 0.780455
0.8656359 0.22220567 -0.028579876 0.70666206 0.43970045 0.7399339 0.7412187 0.6942108 0.44824442 0.30042836 -0.033434447 0.66654396 0.86766505 0.7981492 0.76735955 0.34393612 0.77416205 0.6072016 0.4209253 -0.065968305
0.40888667 0.6434482 0.70938426 0.25411218 0.4001473 0.89939785 0.81203026 0.14773181 0.927662 0.38122195 0.27864566 0.043289587 0.7666913 -0.0045569246 0.21396711 0.89544624 0.7720805 0.6204469 0.36263186 0.6242631
0.5932633 0.87568635 0.80759525 0.3887193 0.5816774 0.32697356 0.8531536 0.71067804 0.5399028 0.39893702 0.93307596 0.73045117 0.34805456 0.50512886 0.03444436 0.6924903 0.62307566 0.29924476 0.72945833 0.5127813
0.51151997 0.5102318 0.6101626 0.87812334 0.26128128 0.30197847 0.5838155 0.7935773 0.36432594 0.7010502 0.7323613 0.7388229 0.9643925 0.4657139 0.7617516 0.3584174 0.064115226 0.83163685 0.98700094 0.08044832
0.045989595 0.40808147 0.709884 0.70745146 0.09265161 0.09931531 0.7084771 0.62070817 0.65373206 0.8946838 0.6486072 0.85201627 0.41578415 0.6009425 0.4891332 0.36442983 0.67908365 0.51832545 0.30256078 0.21957953
0.12132096 0.43810678 0.07308325 0.73504996 0.4317977 0.9353778 0.28824455 0.9553022 0.9169759 0.2164085 0.5961877 0.32322145 0.3977208 0.34384856 0.61758107 0.6858435 0.22955985 0.42211586 0.8695557 0.51369566
0.6954823 0.6341682 0.3870097 0.58863765 0.04146707 0.55805916 0.46058565 0.9156299 0.28482175 0.7017869 0.5776585 0.7834218 0.22685005 0.71363926 0.15211546 0.018674174 0.72683394 0.8065297 0.82487434 0.036325928
0.25903016 0.6922074 0.75265956 0.2918061 0.3605547 0.36094347 0.79084027 0.29627898 0.23243748 0.5175992 0.7781168 0.69300085 0.78973764 0.54100525 0.6634785 0.17153707 0.7242731 0.15894227 0.07775155 0.7983285
0.07932399 0.94465303 0.08766998 0.4043818 0.17229939 0.11894601 0.5256147 0.26452747 0.6845741 0.0778472 0.23599207 0.9366769 0.8784701 0.694181 0.82409674 0.7440389 0.02589731 0.8283127 0.54661924 0.90406376
0.50989467 0.40934178 0.18903328 0.74073654 0.9204537 0.8845222 0.71209204 0.4784175 0.11505435 0.64053977 0.61912984 0.7236859 0.57092124 0.1432784 0.5538817 0.7224038 0.7778723 0.64633906 0.61059743 0.72783524
1.0875642 0.22803408 1.0094018 0.58881974 0.17739208 0.48212898 0.35279405 0.5483965 0.9062171 1.0497953 0.8592502 0.21441875 0.27750462 0.6970678 0.3520991 0.38028565 0.6125666 0.4540094 0.5049863 0.47249624
0.20776702 0.16118884 0.9513543 0.22981766 0.55656403 0.97204095 0.9608721 0.24177775 0.44959477 0.5143101 0.150312 0.39074126 0.27894413 0.8713711 0.8394896 0.11154657 0.51038694 0.52757394 0.8936298 0.43153137
0.086341225 0.12361957 0.08976866 0.3005389 0.099325925 0.23998402 0.9325324 0.8300789 0.85746235 0.2112251 0.5616524 0.99367124 0.48829287 0.6786764 0.8023267 0.55718404 0.22718164 0.4660053 0.76783705 0.6777113
0.83938223 0.83048093 0.026925463 0.12966324 0.856266 0.44070897 0.85442054 0.3028151 0.5307118 0.3290738 -0.013942379 0.21223198 0.75721157 0.45032385 0.7312478 0.74638 0.35178143 0.7280175 0.83123666 0.04745393
0.5626593 0.341738 0.9499963 0.48803338 0.21086751 0.38256818 0.7213129 0.43104273 0.76914775 0.9103986 0.4638737 0.89416045 0.7997031 0.9540898 0.77584237 0.49247488 0.36435708 0.26918277 0.70310074 0.053522654
