0.25257853 0.7733723 0.38771498 0.6702188 0.6281325 1.0348526 0.98954135 0.8179275 0.821374 0.24153146 0.24243899 0.4166987 0.64454955 0.38992098 1.0189037 0.6827611 0.41496012 0.6548256 0.58672667 1.0362418
0.50530696 0.6003886 0.82726604 0.300452 0.60142565 0.9737397 0.60267043 0.5706367 0.35674545 0.8323464 0.95035094 0.7998231 0.7557644 0.3900483 0.20242777 0.57149935 0.21607684 0.5775642 0.437515 0.47415578
0.946295 0.36706552 0.19550261 0.056933604 0.30419636 0.70208985 0.5109154 0.40338176 0.34198084 0.6024393 0.50716704 0.082383186 0.14218733 0.49773356 0.5101964 0.14214683 0.92446166 0.42189488 0.19249788 0.627863
0.14041787 0.2738523 0.4622242 0.5016799 0.5156262 0.29562387 0.14812705 0.060368385 0.3783022 0.17876558 0.61466026 0.6797071 0.7541263 -0.009867747 0.3754327 0.48273718 -0.014370123 0.47065955 0.52082205 0.4505934
0.52737224 0.3062472 0.35072178 0.93448293 0.88218445 0.38408935 0.77742374 0.4583923 0.8015033 0.693821 0.7832466 0.013944941 0.76616734 0.96663517 0.36542046 0.7105837 0.03156497 0.12373499 0.07904157 0.14237906
0.9317344 0.8007186 0.14392178 0.18586342 0.3864953 0.18943103 0.61760724 0.87380135 0.2775738 0.8434793 0.36866647 0.48424673 0.38230664 0.7047249 0.90719813 0.4868284 0.98882407 0.7879108 0.55031157 0.47598225
0.41004646 0.42953184 0.34097025 0.2569517 0.63387513 0.8874259 0.84570944 0.878691 0.70668983 0.78214806 0.6847516 0.2595887 0.3430267 0.21753947 0.809453 0.8007394 0.3487258 0.19377804 0.5331163 1.000878
0.75335926 0.66954416 0.38796535 0.39144948 0.3671902 0.5261803 0.21603322 0.9900547 0.4854407 0.5347569 0.9837298 0.9655073 1.0499862 0.2368415 0.8265982 0.19365875 0.59654987 0.7235883 0.28216606 0.2807432
0.3164902 0.61855495 0.3643395 0.21029215 0.8998555 0.9226531 0.2146753 0.25600946 1.038742 1.097041 0.21737024 0.3299204 0.5201142 0.7324882 0.5979792 0.34363154 0.6934676 0.6109141 1.1659391 0.33195043
0.73906195 0.6908243 0.9624285 0.37164307 0.31057045 0.079009615 0.31263888 0.7319164 0.446955 0.8257827 0.6202455 0.6018326 0.52395403 0.644614 0.7857589 0.37791654 0.17967062 0.1508298 0.31956804 0.1606565
0.6831895 0.66719866 -0.060062565 0.5007453 -0.12019914 0.5352895 0.2690672 0.22794457 0.6971899 0.48182505 0.7612754 -0.08302143 0.7419198 0.69503665 0.66025585 0.26114866 -0.020277409 0.26794514 0.6812116 0.77031213
0.14828573 0.6237047 0.39670873 0.40279138 0.66682416 0.16225849 0.2564787 0.60561585 0.2932581 1.0141687 0.86721754 0.61867344 0.1624191 0.6463548 0.8516137 0.9052673 0.2496891 0.77156186 0.7608788 0.86727226
0.4191529 0.7741073 0.98268676 0.26023698 0.52183485 0.8485586 0.6521485 0.90578943 0.7944749 0.79045266 0.53869224 0.8713753 0.18954399 0.20212115 0.7048921 0.76430047 0.32681528 0.36455917 0.22258799 0.55406076
0.10003485 0.24166967 0.16545625 0.646198 0.86627936 0.6995767 0.87550837 0.61870193 0.9252846 0.68060553 0.83319026 0.7208312 0.93900996 0.6097193 1.0028754 0.51302874 0.6506939 0.095634304 0.13865547 0.14063026
0.23420762 0.10673943 0.44150227 0.6349975 0.9028326 0.5090316 0.18223763 0.11333584 0.29236147 0.68631786 0.17789486 0.37669057 0.73475635 0.8007101 0.9225376 0.48477057 0.59878373 0.28166148 0.75328547 0.85458964
0.21133839 0.73663586 0.4395457 0.23224519 0.4406316 0.56341696 0.5718042 0.71042395 0.32031423 0.8809404 0.9484146 0.40602025 0.35862702 0.8940987 0.5892834 0.5247534 0.9647725 0.0987029 0.090610154 0.112702034
0.2537459 0.32053557 0.8506924 0.37199733 0.013826648 0.8713892 0.82302743 0.5727414 0.7138471 -0.06774602 0.38850412 0.26850387 0.4501421 0.41582268 0.7110938 0.32870093 -0.054358795 0.8357643 0.16765377 0.36568058
0.84781545 0.20917574 0.2704124 0.7906781 0.37115917 0.24120699 0.64730084 0.60334903 0.7744412 0.01827461 0.014565677 0.057009265 0.09708846 0.4203571 0.70022744 0.53309333 0.73381 -0.013407558 0.4079353 0.7179615
0.88569885 0.457387 0.42910674 0.5605579 0.96441585 0.56138504 0.7944463 0.8475829 0.20992087 0.5734116 0.9350434 0.41846985 0.054478295 0.5718282 0.47918183 0.98421013 0.76392233 0.30016804 0.30535674 0.43502393
0.6352914 0.40275002 0.52459544 0.75053287 0.5478962 0.6285482 0.61095357 0.81759375 0.5262125 0.3466 0.51604927 0.27417922 0.18718469 0.27195826 0.23654117 0.25947443 0.61168915 0.49048203 0.96514696 0.30939758
0.13980424 0.95593864 0.3121309 0.590162 0.44431844 0.72175014 0.08260426 0.88928604 0.08784651 0.70248574 0.37402046 0.39240268 0.9288142 0.5793202 0.876968 0.44738504 0.14063962 0.18243611 0.6665385 0.47015318
0.62273926 0.75429803 0.86333793 0.92220455 0.4631696 0.8446843 0.5478443 0.3039634 0.1862429 0.28212404 0.850216 0.4590853 0.55221546 0.86899674 0.2678509 1.0150387 0.20372291 0.18712252 0.48736134 0.76750207
0.3870023 0.87722903 0.78617895 0.8332337 0.6346903 0.81156456 0.57055736 0.42527497 0.114795506 0.80119836 0.22571644 0.791834 0.03257059 0.77511823 0.6720904 0.31838733 0.23101696 0.8781756 0.6962767 0.52758056
0.5329364 0.4309722 0.35924676 0.8779457 0.61729026 0.94565934 0.61746484 0.2869123 0.53637356 0.83747005 0.73376757 0.5860652 0.7453059 0.15954055 0.20278615 0.24053724 0.84601676 0.9864845 0.6403237 0.41812137
0.3505335 0.279267 1.0467016 0.28532642 0.13382898 0.3949665 0.44113687 0.5951612 0.53535306 0.25635988 0.45261016 0.631887 0.8848997 0.39224678 0.41640747 0.5648523 0.37294114 0.40071195 0.76641583 0.8948884
