0.41935998 0.71663874 0.52365476 0.78794026 0.6682556 0.9155718 0.008359976 0.028275454 0.09220932 0.8558618 0.63050056 0.3455387 0.8251647 0.35303763 0.4728128 0.11371387 0.9315452 0.20290695 0.13655491 0.8437892
0.75337464 0.9623049 0.5450091 0.29295757 0.31641197 0.22533873 0.52740014 0.29212663 0.6046788 1.0353357 0.27253902 0.7548859 0.18124303 1.0202576 0.67069036 0.49919337 0.3327429 0.9090147 0.6931197 0.44891942
0.23884164 0.4091564 0.2435081 0.5686962 0.118761025 0.77116126 0.64233613 0.45463258 0.33700892 0.90576655 0.5065437 0.7954546 0.12277716 0.5787633 0.74295115 0.5386147 0.59932745 0.35509259 0.5142542 0.44601613
0.8944051 0.8854473 0.5085357 0.2924483 0.13503619 0.2879606 0.79769915 0.29056746 0.8187813 0.8851571 0.8742709 0.6040899 0.2640472 0.6420332 0.29022777 0.7449526 0.18728964 0.9816938 0.6295953 0.6175016
0.55180126 0.26620504 1.0098349 0.1433963 0.9335364 0.84607285 0.5170516 0.30147302 0.27032915 0.48437 0.75335693 0.10018042 0.6771001 0.791334 0.24848963 0.22985782 0.5668669 0.7546037 0.9069021 1.0324886
0.25004902 1.0913368 0.81141233 0.2567916 0.54132503 0.9666347 1.0021884 0.35377863 0.9019549 0.46857575 0.56473374 0.6108897 0.19341749 0.4376529 1.0301446 0.8292736 0.4455927 0.6033601 0.21618898 1.110608
0.43953943 0.80658305 0.07932524 0.6561706 0.59875476 0.8263644 0.16615383 0.182748 0.7371134 0.06714868 0.28335807 0.9683684 0.6332197 0.22821757 0.5215967 0.76837635 1.0164998 0.98939097 0.8730793 0.52469254
0.15143587 0.29628834 0.6144883 0.5094787 0.08406222 0.80715513 0.18605599 0.1517672 0.42078617 0.15650873 0.8386352 0.121924296 0.48773894 0.3621348 0.7493865 0.2362941 0.28588185 0.44911087 0.14776394 0.17806007
0.8574762 0.66895765 0.60468286 0.64750934 0.5690277 0.28681257 0.23346208 1.0246522 0.25068703 0.51585567 0.5539538 0.88163286 0.9762896 0.3060549 0.67162204 0.7191909 0.4945595 0.51094675 0.40959182 0.37226188
0.075899884 0.61705 0.7828443 0.51329964 0.5742408 0.7804889 0.673943 0.69031596 -0.049799208 -0.07646419 0.1603117 -0.004477104 0.0085382415 0.3213983 -0.05305515 0.34233963 0.055332106 0.3949176 0.31525248 -0.12609293
0.45909578 0.85041654 0.3822085 0.85634106 0.23287433 0.41688126 1.0546092 1.0120236 0.22492133 0.48136485 0.1211036 0.41975906 0.8130077 0.5052342 0.2114683 0.1522679 0.37801316 0.27727017 0.51487654 0.49327537
0.47470352 0.3848028 0.65788037 0.5584098 0.27500272 0.42162937 0.77378315 0.4435203 0.7014772 0.44036716 0.16805378 0.5788538 0.561591 0.37356114 0.15443128 0.010413553 0.37939674 0.7170224 0.055170678 0.3901968
0.96901053 0.5421616 0.28533506 0.33459285 0.6063921 1.0550575 0.5174914 0.9597134 0.8275791 0.49954665 0.76462597 1.0581855 1.013053 0.18288098 0.18111493 0.45227313 0.75041 0.3117783 0.94755465 0.49816567
0.741254 0.5290192 0.55999684 0.5516512 0.448081 0.52720815 0.87847835 0.8944578 0.24926229 0.5502328 0.6825261 0.073682256 0.89912605 0.6925396 0.32071406 0.5513315 0.41120455 0.72643816 0.79945534 0.32029667
0.63297427 0.29889983 0.1317623 0.45700836 0.40689182 0.9650907 0.31049287 0.17801751 0.7661654 0.25922182 0.25978005 0.35387483 0.30038428 0.5316955 0.46884617 0.7763184 0.7965374 0.796269 0.6667656 0.93015677
0.7498806 0.22009811 0.16835056 0.07048986 0.9031906 0.51885194 0.14339665 0.86103445 0.14678198 0.21526659 0.55535686 0.87988377 0.7226921 0.9028955 0.9490342 0.844612 0.38550267 0.36441183 1.023419 0.8577409
0.29864192 0.9354852 0.22107165 0.7917218 0.3732014 0.90345514 0.9702364 0.51766217 0.6214721 0.108970106 0.7266535 0.22635643 0.80181503 0.6491364 0.2237193 0.966553 0.28555673 0.74033874 0.9329977 0.04785359
0.03160991 -0.19218782 0.45777 -0.15327032 0.66513175 0.3480512 0.53220195 0.6891606 0.29843593 0.45812416 0.20189478 0.48160517 0.52121866 0.64175165 0.4905094 0.25124463 -0.25181362 0.6483313 0.56038886 0.37543082
0.209169 0.518768 0.25226924 0.8937428 0.9764489 1.032499 0.5631923 0.41786337 0.12842123 0.82240677 0.35945675 0.9916875 0.15530582 0.5425635 0.92194444 0.33105764 0.46469924 0.38176715 0.9490755 0.6614075
0.32507628 0.97862726 0.58048034 0.7605962 0.12257769 0.5290373 0.20568238 0.2616864 0.81851476 0.26640877 0.45004338 0.95172036 0.3936459 0.6068156 0.64229494 0.5338047 0.87610674 0.9825064 0.80166817 0.4353693
0.23156485 0.6602211 0.61483294 0.56175977 0.07042406 0.15183415 0.7172619 0.4243061 0.27816188 0.64993167 0.50003135 0.014935958 0.76723367 0.5405176 0.6883177 0.7363177 -0.037849862 0.64990586 0.23413046 0.14752279
0.90688646 0.8249477 0.79781926 0.9673422 0.25518048 0.8160106 0.18429655 0.8223504 0.46576223 0.69505787 0.20427309 1.0107996 0.76731044 0.8798094 0.19748503 0.65235186 0.524432 0.3805894 1.1099766 0.38496485
0.890918 0.7277914 0.06466795 0.6672068 0.45061913 0.09392471 0.76858187 0.23897472 0.31691155 0.90840346 0.1055255 0.600824 0.1597915 0.58467084 0.1575625 0.61363804 0.05600859 0.09348049 0.107590854 0.9972547
0.3293807 0.6958811 0.7741331 0.5364789 0.08729913 0.82394177 0.6321907 0.16423942 0.19205493 0.32036737 0.55825 0.4512528 0.07407803 0.7268456 0.8345623 0.44901285 0.53966117 0.34380886 0.053286318 0.21425577
0.8781504 0.90836674 0.47223327 0.58400697 0.33391464 0.4454013 0.30341646 0.23492502 0.47901136 0.6575678 0.46271726 0.3802743 0.43870044 0.7758425 0.7820903 0.683896 0.5583714 0.9095507 0.36312956 0.9467644
