0.62051165 0.99171996 0.3099983 0.57476157 0.12967281 0.54215264 0.11502542 1.0059118 0.53085107 0.549797 0.29270086 0.05993579 0.95807004 0.36887625 0.92849475 0.62542063 0.079495355 0.1398304 0.80256414 0.48577616
-0.016457813 0.2908564 0.5213804 0.13058032 0.5325251 0.21478698 0.46776885 0.33432588 0.590323 0.37572387 -0.16629064 -0.33305228 0.475407 0.21267568 0.4466092 0.24505714 -0.20435521 0.17070746 0.2919375 -0.15149926
0.5892936 0.14254001 0.5872639 0.6502466 0.30597088 0.21010646 -0.04428063 0.15932775 0.03471512 -0.017526917 0.21233188 0.82191724 0.5117816 0.751938 0.59285027 -0.0014481783 0.57282513 0.17805132 0.27668214 0.80532765
0.7383886 0.6344355 0.23191977 0.05555384 0.21341445 -0.028907068 0.84678435 0.14889625 0.7048164 -0.051716097 0.87264013 0.2899301 0.81147015 0.8930346 0.12211119 0.8137145 0.60956454 0.2406022 0.58758616 0.07945876
0.5759785 0.7948953 0.9630328 0.55256987 0.8014848 0.8048044 1.017863 0.15825786 0.71318513 0.15128386 0.885989 0.5209987 0.47454628 0.43914527 0.6168662 0.33619764 0.8877951 0.27080914 0.18246292 0.19387785
0.77008665 0.6040402 0.46626246 -0.05286463 0.4533117 -0.01932122 0.06287347 0.6822413 0.008047892 0.5807854 0.4760064 0.44759914 0.1551905 -0.15664494 0.094735675 -0.16856255 0.36921903 0.48012677 0.10024564 0.2993797
0.2086681 0.6701438 0.46584824 0.5114099 0.76840234 0.79977536 0.56390727 0.2206758 0.81937563 0.45885047 0.649668 0.39284915 0.5360058 0.3528623 0.78882074 0.85062045 0.6103858 0.8695488 0.3452697 0.42175916
0.20930591 0.106685996 0.64976746 1.0192864 0.32981953 0.23001519 0.46500546 0.8641044 0.27770123 0.2593033 0.20975673 0.19960035 0.2699682 0.7781813 0.52492 1.0392835 0.7086539 0.35927138 0.10108135 0.20365758
0.9830834 0.73785853 0.17771538 0.73616344 0.4357469 0.67795527 0.5152077 0.59015137 0.17857067 0.020336345 0.43850905 0.16250388 0.60417795 0.9222769 0.1709397 0.45149988 0.5881544 0.81489694 0.5815088 0.25563288
0.5061448 0.7066433 0.25831243 0.61338073 0.9260016 0.6225491 0.9750237 0.56781954 0.20140398 0.546454 0.12631582 0.6747115 0.7024122 0.8997037 0.2744484 0.38628402 0.5754256 0.7249158 0.5578436 0.63760483
0.39492297 0.23807655 0.5852203 1.0199796 0.8049689 0.19026065 0.74097353 0.4564973 0.25622728 0.8012823 0.7844195 0.8589259 0.5884283 0.37403324 0.32161796 0.6630351 0.7656973 0.20760342 0.45522282 0.8928613
0.23299569 0.72294736 0.20598206 0.8788909 0.36306548 0.9484618 0.6895082 0.7709482 0.2624025 0.37225863 0.9249318 0.0626069 0.547073 0.67277443 0.27754664 0.7648225 0.86970735 0.3478051 0.67655134 0.97370565
0.77005357 0.057919864 0.6500642 0.33398417 0.23731266 0.44096527 0.48591426 0.55456614 0.94605654 0.6956187 0.36878854 0.6240033 0.18181714 0.41091445 0.22865702 0.920658 0.25610206 0.7695769 0.43920556 0.8285742
0.55505633 1.000851 0.740679 0.30955157 0.814875 0.42329475 0.28998268 0.20974384 0.7493277 0.27400616 0.87655085 0.22250958 0.93361217 0.051670756 0.35499325 0.29603338 0.6095994 0.9178807 0.23623084 0.20357694
0.29055372 0.14645033 0.92962563 0.53653693 0.9497294 0.84807414 0.5807243 0.6884444 0.42811418 0.5636347 0.45797688 0.97200245 0.2805946 0.67015946 1.0331566 0.1907193 1.040744 0.984916 0.2497979 0.873171
0.6690652 0.64255804 0.05208618 0.6152371 0.3094881 0.84631443 0.70860744 0.29690874 0.3977247 0.5688544 0.7891941 0.79090345 0.26138556 0.7068849 0.056593567 0.92855614 0.2241123 0.14997114 0.9297384 0.3125062
0.34949687 0.041551642 0.6692593 0.81508076 0.5838933 0.043903686 0.35235775 0.21419555 -0.08618258 0.87021977 0.04055608 0.7136025 -0.06724295 0.72645515 0.50550234 0.66180176 0.7091453 0.52184284 0.5372409 0.593728
0.10890244 0.42718813 0.83918375 0.57635224 0.7530727 0.15458769 0.76438373 0.22083518 0.15920572 0.73180825 0.595892 0.48278245 0.36022392 0.99489546 0.23893291 0.90418315 0.533404 0.6690223 0.07963183 0.3051241
0.5606292 0.1739297 0.54598737 0.21161313 0.6867299 0.7981097 0.7584987 0.05596579 0.16476543 0.7162903 0.5085714 0.87680477 0.4308726 0.11927294 0.53733295 0.37730193 0.55755043 0.928655 0.76476514 0.25110388
0.84146214 0.057011135 -0.010613628 0.78775305 0.5490815 0.56285006 0.4840676 0.36036575 0.7954064 0.053879775 0.2544876 0.41273746 0.6729725 0.33151746 0.8175391 0.43470916 0.8281097 0.622281 -0.09112209 -0.043089703
0.4503727 0.09756672 0.9155548 0.24376008 0.107748084 0.57472205 0.13052262 0.3929972 0.7191063 0.8414249 0.19989976 0.71916336 0.0048961295 -0.019805538 0.76732576 0.08383052 0.1247696 0.24232504 0.09314681 0.5976227
0.8909593 0.27439374 0.36658898 0.88772166 0.48218423 0.5698206 0.35660923 0.28069147 0.56263834 0.45862198 0.15994698 0.12361541 0.17290583 0.9895441 0.8246074 0.41758177 0.16588219 0.5363788 0.38387686 1.024388
0.35386407 0.58692575 0.38125733 0.28317523 0.9871361 1.0162333 0.43643725 1.0019147 0.71827394 0.48603743 0.36283898 1.0020148 0.2486183 1.003196 0.9472497 0.36354962 0.7891979 1.1254659 0.30698156 0.26419458
0.20946823 0.37495625 0.83428305 0.32044038 0.4255956 0.7889698 0.87108254 0.3688165 0.951713 0.41684556 0.32291847 0.24205393 0.16504385 0.7999123 0.7667916 0.33115998 0.598248 0.71649414 0.4845006 0.16286454
0.80085665 0.37821108 0.16799496 0.45672032 0.3332002 0.18597044 0.6855091 0.30780914 0.32755676 0.4876981 0.7085295 0.52715063 0.18456769 0.9249798 0.6443843 0.9086227 0.14314461 0.76964897 0.5887533 0.63039076
