0.29565585 0.73534346 0.82450485 0.8915222 0.88600254 0.48631474 0.572874 0.16965672 0.8714681 0.1895716 0.6259807 0.47525182 0.5686127 0.123077646 0.9026935 0.252041 0.9740456 0.44390422 0.19166598 1.0296882
0.29428926 0.9695981 0.18355931 0.31283894 1.0982746 0.8822312 0.9996024 0.4704948 0.90354705 0.52606434 0.48523793 0.76676834 1.0682908 0.37618896 0.50102025 0.6549497 0.76170325 0.5532145 0.5290459 0.46405372
-0.021494314 0.26434815 0.66729796 0.22778937 0.6740769 0.12713656 0.5017655 0.32175806 0.008989409 0.5361227 -0.21967901 0.42314786 0.49062482 0.1408096 0.60961795 -0.10473974 0.11759408 0.6452469 -0.18783449 0.66384685
0.8369176 0.43867263 0.7177535 0.48529074 0.88589054 0.75377804 0.1933034 0.21020411 0.08449064 0.8191276 0.096187696 0.82001126 0.548063 0.021660458 -0.0013806807 0.46296036 0.11568861 0.36424696 0.23623197 0.49358052
0.23107134 0.79245144 0.7737251 0.8924491 0.6785369 0.20860936 -0.030410796 0.9229775 0.14441696 0.7644949 0.56664574 0.77053905 0.8909083 0.08167513 0.28212672 0.8927697 0.8073824 0.45533353 0.86088705 0.54195684
0.831606 0.58445495 0.022445379 0.23519996 0.17715901 0.90870696 0.31194618 -0.0033609362 0.73274225 0.7714576 0.2736896 0.12063945 0.48625782 0.49981025 0.08203172 0.67758924 0.8856127 0.20879018 0.690597 0.21412136
0.48618203 0.48649845 0.8290116 0.09802372 0.44992983 -4.6737223e-05 0.3710732 0.33192238 0.8667984 0.38385284 0.7776211 0.4581791 0.69376034 0.89178276 0.46549255 0.009444099 0.7650088 0.6805014 0.55018073 0.3396858
0.72179645 0.6839271 0.9419251 0.5522294 0.67097765 0.31656128 0.028870633 0.20870847 0.95955724 0.19702616 0.46669823 0.13962731 0.4908605 0.41792408 0.80320334 0.27116194 0.98678035 0.80130726 0.17744991 0.3345207
0.42770955 0.78001267 0.10139987 0.563317 0.8162857 0.17658272 0.6413257 0.775431 0.84088075 0.27411547 0.324315 0.6110758 0.26219767 0.827111 0.11672617 0.4533195 0.30389655 0.65761644 0.7433092 0.58808273
0.27614036 0.21280605 0.122254364 0.6222042 0.9651699 0.21921432 0.2740257 0.04156984 0.73627585 0.31352252 0.39120567 0.33687907 0.81956655 0.578234 0.62154865 0.6745237 0.58099085 0.7487587 0.0349223 0.18040872
0.5422333 0.21396102 0.52504236 0.12590419 0.3476621 -0.024981774 0.6217697 0.73913467 0.05925409 0.72897184 -0.04389156 0.10159186 0.72947884 0.24007215 0.28543678 0.36293617 0.6587394 0.48603615 0.19662303 0.470544
0.27638912 0.44339707 0.61357355 0.22622223 0.5739571 -0.061198488 0.032310884 0.13868314 -0.076517574 0.67141354 0.118194014 0.44647282 0.16245659 0.485785 0.56589234 0.71909547 0.5738992 -0.04872462 0.7301081 0.7422021
0.54391277 0.61680245 0.8191382 0.2919887 0.6390728 0.5820515 0.5418328 0.8411862 0.77453214 0.5124704 0.22014385 0.625643 0.60121346 0.772056 0.8887228 0.13497719 0.09445535 0.15391658 0.26428974 0.12194347
0.13994688 0.21100831 0.4655769 0.51396155 0.68334305 0.8518762 0.8712872 0.8247251 0.84321165 0.65231794 0.12129923 0.5422043 0.421652 0.11059626 0.67949396 0.9229438 0.42991763 0.1569183 0.11340837 0.53408796
0.79487956 0.07792704 0.055285964 0.65241957 0.2644262 0.8619669 0.30129078 0.088891454 0.8845041 0.16424853 0.52725214 -0.020429512 0.49232438 0.47708663 0.39218566 0.5875407 0.82859635 0.5759304 0.18240507 0.6025829
0.13891546 0.86084706 0.7603811 0.8200938 0.6785372 0.69018054 0.6426516 0.36706606 0.78798383 0.942304 0.08868733 0.7663142 0.12645143 0.17923671 0.43046072 0.81775725 0.1434225 0.429942 0.2077956 0.332816
0.45362833 0.59295785 0.6470141 0.39436492 0.3122574 -0.031506184 0.37036255 0.00013911788 0.8726554 0.70976037 -0.010630304 0.11881147 0.7325673 0.780442 0.6885874 0.3836202 0.76787055 0.55689746 0.7348063 0.81096464
0.6109046 0.5301388 0.6790938 0.36153305 0.0685409 0.60465723 0.003825468 0.791354 0.54597723 0.7350318 0.3535355 0.5542511 0.060606934 0.012980318 0.10736139 0.59184706 0.8438134 0.7803912 0.36478344 0.1262983
0.7496231 0.2976257 0.86388946 0.43772924 0.67738336 0.015602806 0.20190695 0.11998237 0.80632216 0.39815667 0.4107658 0.53144383 -0.06542155 0.49257883 0.57086664 0.6010413 0.53600645 0.60134995 0.01569002 0.38159236
0.48418567 0.35074666 0.57010657 0.88733685 0.39734718 0.41076097 0.8423225 0.08010374 0.31473982 0.6221482 0.30835068 0.252449 0.8850395 0.72134507 0.5571086 0.111836635 0.1858237 0.7429775 0.58789355 0.87021154
0.11518047 0.15857263 0.3342532 0.42223793 0.43940485 -0.0909447 0.25675517 0.80611414 0.25764027 0.27159226 0.63878864 0.6516243 0.56441224 0.47735175 0.022248836 0.8421461 0.004057548 0.45929345 0.22989456 0.5829691
0.5797387 0.5965965 0.62289214 0.28250122 0.5145877 0.95085615 0.20110928 0.53679276 0.18451317 0.32684886 0.847822 0.6975212 0.5993235 0.91796285 0.15457635 0.21315043 0.5960812 0.108513564 0.44362864 0.6646837
0.9067271 1.073591 0.8649641 0.20420666 0.25511447 0.15568984 1.0459073 0.124205984 0.67839354 0.17075123 0.96332115 0.7235588 0.65740114 0.21125236 1.0409164 0.95924246 0.64113474 0.1383818 0.43626526 0.2880259
0.12776828 1.0464194 1.0143497 0.61292076 0.43914393 0.14827874 0.27155286 0.52633595 0.3562715 0.71148777 0.16682276 0.33487716 0.81266737 1.0298227 0.8253717 0.5170581 0.65937245 0.6698847 0.3277038 0.70154154
0.48224613 0.38691467 0.5469771 0.60922027 0.49193537 0.7605071 0.30948427 -0.01543858 0.5037132 0.49358895 0.6235052 0.054901928 0.02851897 0.474893 0.75736564 0.1096174 0.030016016 0.60726047 0.87298673 0.68659085
