1.0054611 0.5039981 1.1385978 0.8028686 0.9855428 0.9229159 0.7707396 0.7446239 0.56708527 1.0992482
1.5497215 0.50127435 0.9878274 0.8820713 0.4771235 0.883789 0.96923554 0.9279356 0.8486173 0.5037198
1.2100322 0.83040017 0.7223347 1.0509336 1.2361958 0.53558344 0.931624 0.6468369 0.6744284 0.81338215
1.2780833 0.9195903 0.9619674 0.56280917 0.8488767 0.77367187 0.91772294 0.61491007 1.0120738 0.741692
0.6290945 0.9062158 0.8164575 0.9877209 0.82434815 1.0682769 1.0996053 0.9094767 0.65530825 0.65229726
1.3880566 0.7310794 1.0844542 1.0694308 0.31774658 0.6653143 0.91851205 0.5112626 1.0047991 0.9263809
0.864268 0.71011686 1.1142198 0.8712273 0.46660888 1.1579001 0.71676403 1.2585927 0.71628696 0.7227959
0.997473 0.5120833 0.54098207 1.0725938 1.2326157 0.9081763 1.1347252 0.7105333 0.58747065 0.8831364
1.1840252 0.9625265 0.63002235 0.31859553 0.70393157 1.1929809 1.4162399 0.7899587 0.75807714 0.61752105
0.55391484 1.084864 0.73687506 0.6198893 1.3347675 0.72522527 1.0295506 1.1268659 0.6380881 0.8212373
1.229965 1.0001451 0.85498804 0.9115233 0.93807375 0.92496234 1.049618 0.8970621 0.34283876 0.39023274
1.5518441 0.68011105 0.6105162 0.9040702 0.786029 1.0233711 0.9637823 0.65284836 0.63734376 0.7335497
0.8831094 0.76414484 1.0921938 0.52779603 0.8466389 1.3118902 0.87292725 0.5524998 0.85311455 0.89804846
0.99424607 1.0617809 0.8370146 0.7402229 0.867616 0.8524551 0.90814036 1.1997455 0.77205586 0.37621206
1.0300354 0.5087874 0.7168383 1.1405681 1.0551736 0.9651885 0.7841858 0.8025252 0.85462296 0.77902263
1.1008008 0.32360083 0.85584694 0.6085793 0.70749545 1.2254578 1.0787667 1.0535607 1.0176437 0.6911864
0.6201395 1.1853312 0.52664566 0.8527537 0.986405 0.4833969 1.2751913 0.53800756 0.88628685 1.3027086
0.624875 1.0334663 1.1392163 0.7515775 0.85687387 0.9300576 0.6225582 1.01411 0.76736784 0.85186917
0.9774519 0.9337957 1.2500767 0.7717714 0.90833616 0.7818691 0.8533225 1.0569128 0.046054058 1.0884211
0.46939322 0.87088275 1.026483 1.6391193 0.52220416 0.7983937 0.83476144 0.8773188 1.2086078 0.33079022
0.8121798 0.8566287 0.45043918 1.3573494 0.7747995 0.4205547 0.98723334 1.0310329 1.0425992 0.95924866
0.912349 0.7025678 1.0244303 0.8472913 0.8083602 0.8156873 0.56295323 1.1222619 0.8933172 0.85633355
1.0802376 0.56074554 1.2717001 0.588924 1.3189559 1.0158254 0.965588 0.16958909 0.9712083 0.6697534
1.5236105 0.703955 0.9914547 0.9301471 0.64254946 0.92037874 0.5289751 0.40189156 1.1804727 0.81780446
0.3146128 0.87094355 1.1357278 0.5260138 1.245618 0.5399997 0.9810942 1.2103181 1.1177632 0.7893344
0.9647481 0.61245465 1.0296239 0.72026026 0.509349 1.0208917 0.4364097 1.2137848 1.3168472 0.83242756
0.45591965 0.8852421 0.15830739 0.48913527 1.2779608 1.1257454 1.1705997 0.773689 1.2287323 1.1060251
0.4441473 0.90744776 0.91635615 1.14091 1.3357745 0.9399626 1.3529911 0.33505777 0.44320506 0.8296584
0.63050234 0.38279247 1.3642229 0.96607596 0.3899017 1.1422689 1.3901454 0.9040127 0.9017258 0.42668632
0.8115289 0.3566969 1.6638011 0.9453167 0.9300129 0.18198676 1.1866909 0.9383011 0.9079887 0.70116544
0.43442696 1.0284884 1.018674 0.49067944 1.2123014 1.1514975 0.85221916 0.83836895 0.80954415 0.780117
0.5024285 0.78808403 1.0853099 1.0293145 0.742522 0.7125272 1.3683172 0.9460412 0.7465988 0.6851708
0.9924915 1.0596695 0.6186437 1.2135144 0.1889335 1.1516044 0.86981386 0.84939736 0.9272677 0.66242784
0.6048485 0.81559014 0.56566596 1.1846141 0.8189805 0.8824215 0.4982902 0.7295367 1.1344514 1.3905563
1.2928673 0.8907972 0.69755226 0.6246941 1.1740471 0.9212906 0.92173755 1.0645592 0.24982558 0.7934379
1.2088075 0.8299839 0.96242595 0.8856378 1.0755552 0.80623156 0.66204613 0.9665652 0.05634077 1.1582179
0.9324025 0.39660603 1.3223462 0.45848393 1.0434189 0.50433844 0.9752618 0.95236117 0.8920644 1.172375
0.59909284 0.73258656 1.0486548 1.0744712 0.6270398 1.0878962 0.78003377 1.0336852 0.72010475 0.9270676
0.7177947 0.7906965 1.1023757 0.8233703 0.76220375 0.92762744 1.0031992 1.0010668 1.0675732 0.40915102
1.1945081 0.8757686 0.86037683 1.1727048 0.86493415 0.53860587 0.5869873 0.74477255 0.96408695 0.8373806
0.6576846 0.55012643 0.7720501 0.946081 0.6881988 0.7054945 1.0998461 0.61985356 1.3346726 1.2737561
0.8602211 0.46939802 1.0723498 1.030153 0.61481816 1.1217021 0.4365949 1.27645 0.75008976 0.9847076
0.8239069 0.42255908 0.90243465 1.1661261 1.0827581 0.94473165 0.38345912 0.6714781 1.4536293 0.736964
0.9674026 1.5585791 0.98540866 0.6810269 0.77722013 0.7184237 1.0259308 0.44805187 0.8884875 0.6517679
0.8530174 1.2416233 0.87903076 1.4032664 0.4330195 0.59104836 1.0585063 0.83510524 0.735054 0.59169745
0.5477214 0.3189161 1.0225416 0.54859906 0.8213537 1.381606 1.0214612 0.9794463 1.0204998 1.0132643
1.1280603 0.9314826 1.340787 0.6597487 1.0155207 0.5372008 0.81710863 0.5721641 0.950785 0.71842813
1.011408 0.34408543 1.0170887 0.7340507 1.2868749 0.85052615 1.1370616 0.7658626 0.84679025 0.67231834
0.682207 0.64876044 0.8520538 0.905423 1.3625321 0.54506564 0.89136875 0.3998228 1.0281638 1.2287824
0.9372062 0.6942318 1.242855 0.7674946 0.8400145 0.81200385 1.2540907 0.91869664 0.25452718 0.90834963
0.92104757 0.6097996 0.9541869 0.9802212 0.71258485 1.1369256 0.64862156 0.40719324 0.6301903 1.5730058
0.46371388 1.3300998 0.5753555 0.8929681 0.71294606 0.627818 1.5176231 0.68242353 1.1161406 0.733126
1.0169231 1.0632838 0.53005433 0.95379245 1.3189783 0.80674815 0.8717982 0.90922534 0.3038406 0.9218169
0.64434046 0.6760163 1.0481536 0.7579791 0.79778904 1.005252 1.027373 0.7359573 0.695049 1.2499825
0.8127523 0.9135615 1.0050838 0.5967428 1.1035416 0.78909475 0.654384 0.78084815 0.80766964 1.2541997
0.53791475 1.3231021 1.0554907 0.74231416 0.6195753 1.1041039 0.64655006 0.7892319 0.9456357 0.8494083
0.706263 0.4987866 1.0304744 0.8950924 1.0279206 1.2860681 1.2180144 0.24634932 1.1438524 0.47148976
0.9010803 0.81107086 0.92159057 0.65797216 1.046115 0.5174924 0.8428439 1.1297839 0.9793496 0.84923184
0.45639908 1.3972523 0.6699704 1.149236 0.99412274 0.8863468 0.98270416 0.61451507 0.79920447 0.581395
0.7345836 0.74467933 0.9239312 0.8181741 1.226824 0.32460845 1.0845596 1.7106794 0.89660305 0.18318228
1.0214767 0.42379525 0.83327544 0.74883336 1.6290021 1.0994579 0.9423397 0.7025442 0.21006644 1.0000134
1.0331098 1.1032678 1.217446 0.5480143 1.0806388 0.76200646 0.88267225 0.6005276 0.64502037 0.73430794
1.4186058 1.2578574 0.5561956 0.9173723 0.9801325 0.47854832 0.86111045 0.7450326 0.8885147 0.5323043
0.31101733 1.0699507 1.0710454 0.9743863 0.9909383 1.01778 1.0622793 0.62633735 0.74518263 0.6197955
0.90144217 1.0415789 1.0057849 0.7792048 0.434738 1.008133 0.9560847 0.90326357 0.6754475 0.90961766
0.679207 1.0405945 1.080748 1.0512452 0.4059541 1.1023957 0.5655968 0.7001042 0.8764734 1.0177195
1.1221758 0.62210864 0.43794703 0.50681406 0.7543568 1.2984979 0.8600362 1.123179 0.60103756 1.2499354
1.1937941 1.0105759 0.96361065 0.85977054 0.49396524 0.7520942 0.8424316 0.5912933 0.844574 1.0727236
0.8098794 0.44387734 1.1474432 0.93763435 0.8228242 0.68197745 0.84588706 0.64921445 0.8610643 1.3494914
0.47355407 0.94580835 1.1582202 1.0339577 0.5693651 1.2294607 0.4864768 1.1407411 0.8263109 0.7482363
0.9102964 0.63629514 1.0497936 0.6686209 0.6471897 0.826452 0.9581515 1.0634146 1.0291095 0.82831585
1.1093901 0.6114135 1.314527 1.0191114 0.8064967 1.0091296 0.81057334 0.39157957 1.1387484 0.37987173
0.51904076 1.0096763 1.0698647 1.0087459 0.28829765 1.2986016 1.0227389 1.0041478 0.40897018 0.98266333
0.81649935 1.1178678 0.5606052 0.48633134 1.0172248 0.7922361 0.83194244 1.1482943 1.1266507 0.79320496
0.89583504 0.3812419 0.9037176 1.3455348 1.1881135 0.550584 1.1256834 0.7847264 0.89457357 0.555151
0.77446294 0.8335351 1.129086 0.9675436 0.9871713 0.98233175 0.711104 0.5851699 0.92715275 0.65498936
0.5396288 0.5228591 1.0174134 0.6117504 0.89417845 1.515949 0.85741717 1.0664893 0.7206188 0.8463149
0.22572166 1.1074593 0.38764355 0.8087795 1.2435305 1.1475981 0.8490566 1.0640944 1.0086436 0.85247314
0.8679027 0.50535953 0.6120511 0.82309324 1.1108584 0.7463907 0.8674607 0.99209136 1.1784608 0.96766156
0.8415064 0.9778692 1.0535116 0.6549647 0.83316296 0.9965847 0.62112534 1.0617045 1.0391389 0.61570746
0.7155938 0.4463871 0.9133187 1.1580338 0.8380175 0.7174852 0.6865451 0.7707236 1.4655008 0.9426487
0.8978806 1.4507514 0.69206727 0.66640955 0.74153775 0.9598285 1.0246227 0.5829793 0.644193 1.0577996
0.834138 0.47849151 1.2267405 1.2235302 0.97321224 0.9095158 0.33397913 1.163446 0.55570674 0.8505768
0.47408545 1.147872 0.5923284 0.6651073 1.4008512 0.94711494 0.9192712 1.2050976 0.65595037 0.6002116
0.8765212 0.8503818 0.5570727 1.1122099 0.9650534 1.1347374 1.1619089 0.4773595 0.49075365 0.9524705
0.669014 0.94588214 0.6784216 1.1085123 0.72478735 0.89479214 0.38513583 1.6461141 0.7862582 0.70416665
0.6266219 1.0817972 1.2360531 1.3430692 0.62869084 0.68364704 0.5644406 0.84173554 0.8140774 0.6901829
1.0676839 -0.07249926 1.3415756 0.595976 1.4893179 0.83700544 0.68275774 1.0022594 0.5319688 1.1878756
0.96713334 0.4437534 0.8482199 1.3553116 0.699249 0.45479605 0.8881484 0.8168214 1.0707011 1.1343806
0.7853362 0.38407168 1.0304105 1.0186601 0.6511472 1.1737078 0.7974236 0.59814954 1.2240723 0.9230698
1.0095505 0.5756576 0.91438043 1.238616 0.594159 1.0517728 1.1060598 0.61815625 0.67400265 0.7578774
1.3628467 1.0949357 0.58047163 1.064463 1.0124521 0.75562626 0.6034287 1.3862104 0.20027255 0.54084235
0.7147203 1.06048 0.2948169 1.2256083 0.69108015 0.65345615 0.8843661 1.3837436 1.1603899 0.43357074
0.636065 0.5211482 0.6293481 0.50724316 1.1819648 1.0360473 1.2018038 0.9760475 1.0961558 0.8750829
0.7227277 0.78805304 1.0600799 0.95744425 0.5306215 0.7810528 1.242732 0.9628279 0.33431673 1.1497594
1.4103935 0.7132151 1.168076 0.29555586 0.86867124 0.70775396 0.79656166 0.88413006 0.8590765 0.90026915
0.78338224 1.467494 1.0884812 1.196682 0.0060418868 0.9514712 0.759022 0.8562849 1.031732 0.42422834
0.88763356 1.3253192 0.48179722 0.85555214 0.81669617 0.8257173 0.5537297 0.6675068 1.0363293 1.2893527
0.83250284 0.73030293 1.1860676 1.0833517 0.7214387 1.1099074 0.9632943 0.38497356 1.1438161 0.44325224
1.0652058 0.7956946 0.80391616 0.74069893 1.0481131 0.86979955 0.7240486 0.91680413 0.8211277 0.8269483
0.9442545 0.43895108 1.2211887 0.93534654 0.74526334 1.1082839 1.3836501 0.34670052 0.963592 0.467351
0.53452915 0.59383947 0.4529562 0.68293136 1.2619509 1.2260878 1.6254873 0.7014062 0.460448 1.0304093
1.0701406 1.0098556 0.78966093 0.41118684 0.6614666 0.7298752 0.8159781 1.2207439 0.789333 1.152948
0.41054767 1.4027172 0.9642017 1.2645639 0.99739534 0.28757006 0.94750804 1.117026 0.21117322 0.93497765
1.1862684 0.525754 0.4766115 0.5268513 0.97197044 1.1133308 0.44203472 1.3547235 1.0702626 1.0182688
1.0536108 0.93396175 0.92681336 0.59894013 0.77559894 0.8791752 0.61348015 1.0081614 0.75344825 1.1327128
0.9563226 0.5261871 0.60166013 0.76691437 1.1176686 0.9892574 1.1275648 0.7904177 0.956587 0.7770537
0.96661687 0.7281949 0.7936726 0.57342905 0.90469736 0.9275836 0.72582316 1.211506 0.7784182 1.0602436
1.2773046 1.1748219 0.8103161 1.0244406 1.328965 0.018379588 0.22767003 1.1950775 0.7976015 0.8766882
0.910119 0.73096067 1.116351 1.086234 0.6907473 1.2824347 0.59178364 0.5926688 0.92495614 0.64803314
1.028547 1.2024505 0.8442608 1.0309842 0.6729573 0.63316184 0.79104817 0.98826545 0.9081438 0.5292956
0.8517737 0.8328008 0.795947 1.0682034 1.3823652 0.66294235 1.1515057 0.6838006 0.71688896 0.5031058
0.61883265 1.3201214 1.1131965 1.3571515 0.20634079 1.4788277 0.7599605 0.44698417 0.41707745 0.79767364
0.5176701 1.1527212 1.0350604 0.92999494 0.7836641 1.2814119 0.09335456 0.8407423 0.86860746 1.105011
0.7464794 0.8563723 0.5063165 0.38293028 0.7291658 1.167548 0.6745755 0.58136564 1.277275 1.7056291
0.8774608 1.1012334 0.9790334 0.6891728 1.1042225 0.37721732 1.0665506 0.58743757 0.98202413 0.83082753
0.91196424 0.93173486 1.0740957 0.9930457 0.84898174 0.4739519 1.0968959 0.42352864 1.0014452 0.8763735
1.1176761 0.8986183 0.77073884 1.2605375 0.75595206 0.36247396 0.8114955 0.7008648 1.0021219 1.0047355
0.91237634 1.0609562 1.1057731 0.40594286 0.99160194 0.914167 0.6040018 1.1777246 0.8263317 0.58887005
1.3675269 0.49504903 1.3581033 0.67971325 1.377156 0.9292209 1.159999 0.58312666 0.4074634 0.29162624
0.71590936 1.0721463 0.7434785 1.2335031 0.8304273 0.9451165 0.41692182 0.9307843 0.59288716 1.156275
1.0751789 1.3524334 0.4415604 1.3750547 0.8419909 0.8379799 0.59092534 0.84473974 0.9591475 0.223886
0.5010793 0.9039101 1.0584618 1.2235211 0.9227753 0.98302805 0.5556413 0.97553676 1.1765908 0.26565224
0.77802867 0.8665715 0.97093475 0.49010238 1.5417429 0.7065182 0.9136647 0.7267737 0.99872524 0.628037
0.19684489 1.3007499 1.0617759 0.9841245 0.47595462 0.7447757 0.85906225 0.84422857 1.4530768 0.7029524
1.4223801 0.97260654 0.7177965 0.6120101 0.76932836 1.1782309 0.3586922 0.4442772 0.9901861 1.0520447
0.84198344 0.76122326 0.498988 1.5751411 0.4285307 0.69300926 0.7389742 0.8269115 1.3941169 0.82239926
1.2737595 1.051777 0.81551 0.46751696 1.048114 0.8115631 1.0046024 0.946895 0.36517742 0.8215868
0.98469645 1.1515594 1.1510288 0.8259703 0.6550101 0.93002826 0.8892376 0.5587382 0.7316986 0.76362777
0.37457493 0.5443589 0.5864676 1.1905758 0.98609394 1.0051827 1.0614617 1.1311781 1.1744171 0.6432642
0.52185524 0.8608763 0.9050912 1.1200179 0.55142206 0.42330372 0.87693655 0.921225 1.0307927 1.3503829
0.89412194 0.6795907 0.8519475 1.1935213 0.72941166 1.2123464 0.8375263 0.89403886 0.6179756 0.6391184
1.1427517 0.14543012 0.9021082 1.1081102 1.0204262 0.9935243 0.84534866 0.6186655 0.95810246 0.85973126
1.0599139 0.79947954 0.7922807 0.7321858 0.79719126 0.9470328 0.8047709 1.1222918 0.7369562 0.8116315
1.3244708 0.7988194 0.5011521 1.0110955 0.8104715 0.8883523 1.1281765 0.6379044 1.0686553 0.4098435
1.0730121 0.752465 0.8831363 0.9124961 1.2418922 0.8197391 0.5551228 0.9360397 0.8542541 0.61422306
0.7873343 0.4730864 0.92018 0.76152664 1.135706 0.82486534 0.81659293 1.1919864 1.0596683 0.65328443
0.51448685 0.8360058 0.9617976 1.1310464 0.9569411 0.7829891 0.80167395 0.61425 0.92340183 1.0268955
1.0832717 1.0559736 1.2728409 0.56382054 0.8929759 0.53775954 0.8059504 1.008561 0.88957995 0.5319431
1.1958089 0.93263 1.4585515 0.9319904 0.5184028 0.40270975 0.7131987 0.71166015 1.3155421 0.40536404
0.9467169 0.38749656 0.23475227 1.3110236 1.3161771 1.0234007 0.72714144 1.238887 0.9967154 0.39180624
0.9577291 1.0805931 0.8308517 0.4998077 0.51648754 1.1591038 0.9374827 0.6395551 0.90919864 1.05965
1.2809032 0.39015004 1.1143953 0.93159515 0.76012796 0.75034547 0.8916271 0.906385 0.5360926 1.0507325
0.77576816 0.9368016 1.240513 0.8719573 1.3403188 1.2864394 0.5353427 0.3484661 0.76129174 0.34981403
0.6769537 1.2080704 1.0819558 1.0727634 1.0623658 0.5990464 0.8493766 0.28989598 1.0938939 0.688363
0.7445136 0.36060047 0.843278 1.0531223 0.59954906 1.1047333 1.3399088 0.8944616 0.8464609 0.8067238
1.0465143 0.696888 0.98142177 1.2171113 0.9666839 0.6302254 1.0246246 0.6652727 0.57412106 0.6963611
0.9401698 0.93249905 1.1763796 0.656673 0.9743264 0.5338906 1.0628148 0.83761746 1.0512159 0.41323593
0.62792814 0.9791676 0.71131825 1.4742337 0.9801657 0.3471225 1.6888222 0.5511952 0.7362011 0.5453134
0.67943436 1.0436666 0.83133906 1.3584292 0.7210251 0.3985317 1.1789484 0.32046047 1.2368773 0.8729308
1.3593061 0.8638453 0.94956213 0.49863604 0.77986825 1.0151908 0.36899093 0.9411635 1.4277431 0.4093962
0.6370342 1.2305578 0.6782962 0.61027026 1.1135472 1.13851 0.7730236 0.6257624 0.90238726 0.9428329
0.6374738 1.0344732 0.89037114 1.5252639 0.47842026 0.6339741 0.7751487 1.5411191 0.5621512 0.4295368
1.2691526 0.6491652 1.2130127 1.023454 1.2609285 0.063454814 0.72941947 0.6182302 0.90704566 0.8997781
1.0933187 0.49768943 1.2381247 0.99388677 0.99983114 0.5224319 0.8809426 0.60230756 0.9037839 0.84148335
0.8004897 0.54123884 0.83995 1.5737094 0.8625296 1.1708255 0.52494985 0.7348915 0.6032545 1.0149158
1.2185692 0.6123386 0.6858402 0.5215035 0.7500959 0.9172432 0.7768715 0.8177302 1.5481088 0.7623878
0.98804146 0.94830287 1.1284688 0.6748603 0.89778405 1.0831041 0.99008083 1.0097488 0.4944536 0.40499178
1.566597 0.83421165 0.7429316 0.7146705 0.98672533 0.6266441 0.5002497 0.979841 0.62050986 1.0885578
0.5987331 0.6799753 0.7617772 1.3957231 0.6831551 1.1331589 1.1121457 0.7232961 0.648132 0.965006
1.1188967 0.9902286 0.67047876 0.9042453 0.6023897 1.0725238 0.7406108 0.45060775 1.3919759 0.7023979
0.8634923 1.2045369 0.7219841 0.82581353 0.96563333 1.0847093 1.1785593 0.24224274 0.81789887 0.713617
0.68835014 1.0750022 1.1611074 0.47377598 0.5511382 0.76259184 1.2530162 1.4541101 0.48481682 0.79323906
0.6861353 1.0623199 1.1087933 1.2101597 0.84445953 0.8840762 0.5429252 0.6395611 0.8036284 0.8925986
1.2455547 0.6652432 1.4279318 0.42477483 0.6428741 0.9548603 0.5702542 0.8960087 0.99858916 0.8074067
0.89704573 0.51958895 0.8263728 0.70673424 0.5414 0.6187816 1.2153735 1.4220661 0.9062087 0.9755777
0.9643522 0.6462834 0.46871564 1.2851057 0.53231025 0.73092103 0.99236375 0.9533122 0.47962782 1.5380735
1.62984 0.4272952 0.5175774 0.9341549 0.882934 0.9668849 0.95739615 0.5240479 0.8847868 0.87643665
0.665401 0.7926319 0.5646854 1.0391726 0.8364582 0.75584185 1.091379 1.0450594 0.8319678 1.0148087
1.194997 0.8983387 1.3913928 1.0805439 0.79963386 0.30390286 0.76591 0.67500913 0.77089703 0.7197045
0.7355337 0.853487 0.94088435 0.9392248 0.95128316 0.69516206 1.0939233 0.8828504 0.92868084 0.6271785
0.42120498 0.42067727 1.0756845 1.7385123 0.5987254 0.62377363 1.3938744 0.49364817 0.6824592 1.093916
0.7193584 0.9437967 0.9248694 0.6578111 1.0782921 0.86563456 0.78939354 1.4218965 0.6526292 0.6259369
0.7067963 0.87647 0.94210684 1.04733 1.0620438 0.5774866 0.89259833 0.91614324 0.7426459 0.82143754
1.0884519 0.7929119 1.1553782 0.70724654 0.79456717 0.93972266 0.5062113 0.79260886 1.116188 0.7635634
0.19645697 0.9587602 0.8591714 1.3928902 1.2855785 0.91943896 0.6806407 1.0288866 0.6744846 0.60699445
0.8051517 0.5249222 0.9869295 0.9493228 0.5978106 0.74913514 0.114659235 1.4142586 1.3658029 1.0842066
0.537105 0.61214405 1.0649868 0.8309299 0.5539935 0.9965784 1.2791307 0.8667944 0.916788 0.94216394
0.983416 0.5162678 1.7299474 0.78627133 0.4924762 0.79676265 1.2652514 0.28032744 1.1156743 0.6510859
0.760705 0.3475859 1.3141519 1.2443029 0.9362015 0.4443609 1.0867108 0.98853254 0.7428203 0.7262125
1.1591334 1.1649082 1.12018 0.68462205 0.41629803 1.0325482 1.052354 0.6454776 0.57584447 0.7467779
0.7358961 0.78548056 1.1447546 1.2745378 0.93725467 0.7541496 0.89687264 0.72059745 0.5394232 0.8795305
1.2861593 0.64162856 0.759416 1.2377499 1.081873 0.70522934 1.2181677 0.526856 0.5842971 0.5481448
1.2084525 0.7619683 0.70456535 1.2219855 0.5117215 0.967502 0.47585478 0.69471234 1.044723 1.0282011
0.8854777 0.38715142 1.3497293 1.2599 0.28469804 0.8271962 0.5704653 0.5585526 1.7501466 0.749517
0.36981702 1.1610492 1.1262918 0.5774458 0.42493355 0.69171536 1.1484941 0.9855407 1.2646234 0.8421753
0.7047303 1.2932122 1.341529 0.99288607 0.58585757 0.9912119 0.5687578 0.87167466 0.8297877 0.41762796
0.77372754 1.5508606 0.34284842 0.91111106 0.80632055 0.6529485 0.8016561 1.0580477 0.72675496 1.1107187
1.0724595 0.8539645 0.5518316 1.5213356 0.51901233 1.2641243 0.53093386 0.8542127 0.9627798 0.40788922
0.46104467 0.8921877 1.0015335 1.5701338 0.96048564 0.4279691 0.37970802 0.8783017 1.3409164 0.70183665
0.99297225 0.8843417 0.8351763 1.2748429 0.80631715 0.5322364 0.63194615 1.1445156 0.4209172 0.9869487
1.1929266 0.8998936 0.574002 0.97710645 0.86789507 0.9875771 0.95593137 0.8685248 0.6571527 0.6032104
0.49259555 0.7943168 1.1595063 1.4648207 0.9844576 0.9824483 0.53144115 0.77808386 0.71761066 0.68340653
0.99019766 1.1165204 1.0423524 1.1508812 0.21637101 0.41276628 0.54067457 0.7926224 1.218745 1.0992998
1.2292675 1.0088487 0.9132504 0.95450336 0.72330886 0.41613668 1.1730783 0.4998118 0.6972219 1.0611173
0.91650754 0.62469953 0.6070683 1.1640854 0.85043097 0.8264639 1.4384301 1.1476665 0.53025126 0.5153776
0.6721463 0.965332 0.87660354 0.7771253 1.2165034 1.1309769 0.59506685 1.1147956 0.65360916 0.5554134
1.5905493 1.3014439 0.41273296 0.47435096 0.92251986 1.1949306 0.6445444 0.6749452 1.0237521 0.42746446
1.1103619 1.3089155 0.37691337 0.87386775 0.8883159 0.26062196 1.0026911 0.7546367 0.9990857 1.1034831
0.35103258 1.4442436 1.1727406 0.98756784 0.9021527 0.82456625 0.7555024 0.65114903 0.5701592 0.9704683
0.78430796 1.1069252 0.897372 0.33713543 0.44418815 1.0719655 1.0859509 0.77129793 1.0669374 0.9820334
1.243112 0.7146175 0.5454658 0.94091475 0.4887007 0.7992793 0.97761685 1.0409622 1.1481572 0.7378204
0.99222517 1.581462 0.82999885 0.8655156 0.5761666 0.9724068 0.73794395 0.6970295 0.6407979 0.6969323
1.1295431 1.0063766 0.6486761 0.90858036 1.044745 0.72116375 0.9663499 0.699879 0.9152734 0.5690037
0.93281484 1.2328154 0.29984 0.54726964 1.3776042 0.90993 0.95974076 0.77020955 1.1024919 0.6719589
0.64977556 1.0140338 1.1232576 1.0271295 1.1056043 0.61626405 1.2314334 0.48104203 0.6059398 0.82478344
0.63136077 1.0116904 0.76377296 0.74085677 0.82640254 1.0211887 1.2286329 0.94786274 1.166931 0.2801089
0.7255904 0.5910027 1.4329705 0.7769173 1.0426482 0.6412563 0.6207023 1.4869189 0.6650088 0.6677251
0.38357976 0.77317095 0.82157606 1.1696458 1.2671926 0.43143708 0.79038876 0.80839187 1.2656639 0.9543314
0.8422487 0.9247782 0.8426935 1.093042 0.8478852 0.62277997 1.0566177 0.6026358 0.9038553 0.9189496
1.1370442 0.6549579 0.5550242 0.91349274 1.0659485 0.8315098 0.94514096 0.3885935 1.4502969 0.6882892
0.97183025 0.4156374 0.76332545 0.48422182 1.1507121 0.8835489 0.7924932 1.2153146 1.0475887 0.96543705
0.35922727 0.7173787 0.49117506 0.8476416 0.75224555 1.2367014 1.165291 1.277849 0.96512115 0.7213981
0.7235839 0.9825212 0.55692005 1.0308377 0.5292723 1.1053549 1.1327791 0.8420204 0.7624893 0.91151965
1.4535778 0.93244857 0.7584215 0.7245777 0.69050515 0.83044505 0.9004974 0.7630959 0.6367588 0.85422766
0.71653855 1.2987888 0.84070814 0.7344179 0.9477556 0.442822 1.0004655 1.1751553 0.3024777 1.2216886
0.8127437 0.42288208 0.68065315 1.0301644 1.0835702 1.4332204 0.666425 1.1499331 0.65421027 0.64864355
0.75006837 0.6118018 1.0361177 1.0392067 0.99050325 1.1689044 0.7553368 1.067698 1.0768137 0.05824845
0.73788166 1.2610127 0.9235051 0.623728 1.0946498 0.7002321 0.5238632 0.6236569 0.6945884 1.4592316
0.9935968 0.59812146 0.7787301 1.0656563 0.9194545 0.47802028 0.9824889 1.1097858 1.3013586 0.4177021
0.9298303 0.7329457 0.31640846 0.71404326 1.2695436 0.7246465 1.6560823 1.0381312 0.75469536 0.45797417
0.8591988 1.3143759 0.83909917 0.98823875 1.0458033 1.2078108 0.24412933 0.61000276 0.98846895 0.54691976
1.0552269 0.5840623 0.7905666 1.24961 0.43743947 0.98686624 1.0406549 0.9836101 0.5021777 0.9830275
0.8089497 0.8966073 0.3071858 0.6425829 0.71564656 1.0253373 1.4345698 0.8999304 1.0366211 0.8366642
0.87093997 0.8475939 0.276557 1.3655112 0.60010993 1.0343701 0.97599983 0.73642325 0.80667806 1.0705721
1.2190387 0.66614956 1.0775385 0.7419781 0.95584714 0.950751 1.18339 0.68169 0.37684816 0.7244957
0.81463355 0.82182133 0.59174794 1.3182597 1.0725067 0.6027125 0.47691625 0.87596685 1.0803412 0.93925124
0.73734635 1.0872909 0.83732456 0.22021477 0.83162516 1.2806813 0.5038168 1.2687824 0.77987045 1.0985101
0.73601294 1.012921 1.1271565 0.8847167 1.3814269 0.76091564 0.77370465 0.5813995 0.4092508 0.9484187
0.8977269 0.8654262 1.259688 0.62288696 0.60458267 1.0839286 0.83617437 1.0330203 0.6261698 0.77423084
0.9536074 0.97047055 0.9598721 0.6189285 1.118774 0.6197747 0.7949032 0.8728541 0.5271397 1.2717998
0.78898597 0.37862873 1.1536094 1.2085505 1.0164458 0.9764632 0.7909439 0.65471756 0.6449798 1.0088162
1.0491234 0.77598715 0.4831181 0.87101394 1.0023403 0.7212491 1.1136925 0.6158571 0.87563705 1.0814946
0.89853716 0.6771419 0.8166063 0.90581876 0.41734204 0.79518557 0.9628227 1.2949178 0.99522233 0.8824024
0.5918458 0.52171266 0.94749767 1.1326838 0.7692831 0.62433237 0.73665935 0.697807 0.9690824 1.5627582
1.1120528 1.3601649 1.0299928 0.705142 0.52438694 1.0720834 0.36671197 0.45600823 0.7639449 1.3005944
0.94099337 0.51779836 1.0483742 1.3027204 0.40795007 0.6065097 0.71097785 0.8855219 1.1047417 1.0171947
0.63527757 0.8080536 0.8538114 0.9808416 0.7187202 0.6067244 0.807387 0.6978176 1.46053 1.0998031
1.0770769 1.2242817 1.0634872 0.8513507 0.8651748 0.05027432 0.9202415 0.6380647 0.98461473 0.9197073
1.3189955 0.7032636 1.2567095 0.45757836 0.08229668 0.931831 0.92429185 1.5769098 0.78950983 0.5435764
0.7485096 0.3871384 0.4766742 1.1135309 0.8300341 0.88515276 1.0178292 0.88402915 1.2035972 1.0407847
0.9759175 1.0074703 0.44540656 1.0042595 1.1191856 0.88788915 0.98793596 0.70771176 0.62055784 0.8948161
0.4728964 0.5487622 1.2014884 0.79503244 0.6798834 0.45648614 1.2433503 1.2931272 0.96396923 0.97229
0.698636 0.58020777 1.0288448 1.2618791 0.5596998 1.0564337 0.82946587 0.90591156 0.6091497 0.9898287
1.2109255 1.0166781 1.1618099 0.7179494 0.5675825 0.65107673 1.0897034 0.34732267 0.7296141 1.0463307
0.8546272 1.0500214 0.75228024 0.86850715 0.4122768 1.2583755 1.0666416 0.79150665 0.58018744 0.8403769
0.8448155 0.99501103 1.0755639 0.63714045 0.8051017 0.40227985 1.1804783 0.48838085 1.391917 0.86458015
0.89988124 1.0963827 0.7693079 1.0638319 0.51180625 0.61355436 1.0647451 0.6382059 0.86704296 1.0841069
0.8563678 0.9611878 0.7199122 0.50519985 0.51301724 0.9329118 0.7088651 1.2011868 1.304366 0.96655774
0.7464999 0.8227139 0.79508716 1.2765605 1.0763171 1.0414541 0.98308945 0.3255651 0.79032737 0.7224834
0.9003444 1.379655 0.71055794 1.7049668 0.17360926 0.5673785 0.6639838 0.61455333 0.8717827 1.038918
1.0125701 0.53302056 1.0462241 1.2009556 0.8948075 0.8093835 0.39950114 0.88463604 0.7303801 1.0912924
0.7335744 0.6983178 0.92329085 0.96482444 0.7734981 0.8311172 0.831639 1.1480465 0.79598624 0.96691555
1.3306872 0.97958785 0.6495651 0.67382324 0.5753527 0.9738906 0.4556503 0.96555835 1.0041106 0.97466725
0.7934396 0.74398124 0.61768705 1.2469832 0.7343202 0.9116585 1.2267963 0.632783 0.35339287 1.3270631
1.2394022 0.88002574 0.42074883 0.8857787 1.0485071 0.9555344 0.986579 0.5215109 0.9834435 0.78201854
1.2441489 0.3971948 1.166 1.0153755 0.93316203 0.92010397 0.564776 0.6662875 0.8371428 0.87159574
0.910774 0.8843988 0.73908484 0.7140309 0.7464845 0.095429875 0.85661846 1.1605102 1.2798305 1.3547587
0.68056315 1.0743672 0.5770062 1.3429499 0.84943134 0.7221998 1.0040913 0.99989986 1.0277654 0.39903578
0.89609617 0.2730022 1.1497753 0.63391215 0.5473577 1.0934608 0.7584376 1.280108 0.9392549 1.0149412
0.6158099 0.8918824 0.7316698 1.1839831 0.7897315 0.9665284 0.6142874 1.3992442 0.6168493 0.7823493
1.0466278 0.8960424 0.90485483 0.7031362 0.6616756 0.5203584 1.1834427 1.3209008 0.67294264 0.75957525
1.1928301 0.62137944 1.2321261 0.8215694 0.76563764 1.531363 0.7541576 0.5166691 0.43363574 0.7582759
1.0157018 0.790668 0.5982827 0.9434812 0.6700056 1.1648916 1.3416027 0.82644904 0.8314176 0.34526166
1.0661069 0.8366999 0.64174837 0.87604815 0.9745167 0.47374183 0.20203866 1.0344431 1.0880842 1.4403503
0.66505027 0.89698577 1.4457655 0.9617181 0.4311201 0.40116808 1.1121649 0.8966826 1.1471518 0.6188953
0.85901976 1.0376805 0.48110935 0.8925892 1.3257262 0.81669086 0.57642436 0.93014896 1.0860764 0.6752611
0.7522076 0.38793054 1.215916 0.7692697 1.0149822 0.68046707 0.6298869 1.2463502 0.5878931 1.3584334
0.5093202 0.7504496 1.1519917 1.3347844 0.8467035 0.54189503 1.135884 0.6313552 0.8010388 0.8773822
0.6561006 0.57477444 0.5298802 1.1003895 1.3703555 0.5152985 1.4076273 0.8235077 0.81716555 0.8312523
0.7907699 0.5364259 1.0526068 0.93785465 0.97869575 1.1417603 0.73851293 0.4877326 1.1424599 0.7816746
0.23744503 0.91579634 0.8435427 0.9945847 0.6213116 1.6942861 0.57994044 0.87493086 0.73470116 1.1289189
0.5665171 0.7559455 1.0543143 0.9530804 1.1969597 0.6569708 1.2025899 0.60454106 0.91464955 0.771631
0.75080603 1.1630194 0.92110026 0.7166347 0.8731613 1.2950435 0.6092252 0.84060746 0.55330414 0.93648565
1.3382905 0.9500067 1.060129 0.9527466 0.9762276 0.97069037 0.17711264 0.82810897 0.40291756 0.89537513
0.9759837 0.79794735 0.802342 1.1138413 0.9467743 0.8170801 0.9340943 0.7206331 0.82613295 0.6849884
1.3083522 0.8567642 1.2476584 1.0348101 0.7187844 0.70699126 0.5393178 0.8759606 0.88325936 0.40653735
0.96653175 0.7387077 1.1145046 0.6314675 0.923385 1.3597581 0.80658686 1.1014273 0.4789911 0.5686733
0.960774 0.76190746 0.7148679 0.9444798 1.1254712 0.9608431 1.0297271 0.74219066 0.90086126 0.46215814
0.7624218 0.91191906 1.2789884 0.7696873 1.115381 0.8959378 1.2905284 0.04953926 0.6349702 0.966976
0.84656405 1.1968287 1.0679774 0.7303553 0.9879787 1.1520851 0.7585242 0.4952225 0.66829973 0.7158079
1.0276076 0.85444885 1.1037012 1.3839132 1.2141061 0.97470915 0.46010587 0.6353381 0.38232183 0.5405523
0.23470716 1.2052025 1.1980401 0.5857036 1.0792832 1.0303775 0.8673765 0.77111375 0.48250005 1.1521063
0.8661276 0.9208593 1.3002173 0.670108 0.9698173 1.116424 0.6635163 0.9270641 0.5437294 0.6152419
1.260589 0.815932 0.8349491 0.45958993 1.1529489 0.735753 1.0034009 0.53914946 0.8009908 0.927821
0.8135223 1.0780643 0.9532306 0.74246144 0.9085263 1.024454 0.6875696 0.80842525 1.207763 0.36874458
1.013695 0.7521701 0.81144303 0.78297853 1.1121696 1.7549902 0.6959516 0.18233396 0.6933583 0.7824351
0.46986306 0.34981757 1.0812279 0.7273482 0.8929345 0.7467965 1.5075562 1.2364666 0.7808937 0.7999495
1.1036739 0.6827796 1.1281317 0.90341324 0.3790144 0.9520703 0.66472197 0.85707265 0.5577142 1.347264
0.77609926 0.95351094 0.9637859 0.30432433 0.44933775 1.1079127 1.4605601 0.99638253 0.80275995 0.85287076
0.9523355 1.0726894 1.5006777 0.8463016 0.41161206 0.7048079 0.5219538 0.7744106 1.128558 0.6110837
1.0185364 0.66903234 0.65315753 0.8648501 0.54548836 1.047493 0.6828952 0.93064326 1.1708205 1.0492309
0.83177906 0.8210746 1.4229522 0.55940783 0.86464626 1.2810347 0.65394074 0.94492656 0.37311655 0.9418875
0.8413112 1.3231802 0.8115549 1.1135947 1.5368053 0.81123906 0.5574936 0.1887666 0.8299014 0.61576545
1.1478949 0.9358497 1.0405188 0.87620306 1.0133933 0.96104777 0.75153923 0.8744342 0.4428859 0.58994186
0.88668156 0.80357504 0.60800403 1.0449649 1.5874814 0.6983838 0.40634152 0.8439829 0.6638512 1.089225
0.5003522 0.6726364 1.3962787 0.8727022 0.679458 0.8545177 0.9298929 0.8401021 0.68189526 1.1303049
0.43598023 1.0856955 0.7679794 0.79679847 0.920999 1.1708812 1.4412779 0.7295799 0.5162199 0.6764442
0.43010512 1.1304934 0.5140008 0.79615945 0.5563545 1.3233558 0.65242743 0.7707954 1.2903059 1.2168063
1.4622576 0.5731762 0.88260865 0.663469 0.98840135 1.4618398 0.89978516 0.53437525 0.49932334 0.5883573
1.2013687 0.8205946 0.742354 0.5516077 0.66890585 0.70165336 1.1279969 0.3956872 1.368925 1.0759897
1.0497102 0.9177821 0.61690336 1.0211157 0.9030809 1.4992981 0.4409026 0.59904075 0.653899 0.9480544
0.23481096 0.48785162 0.6290777 0.7768267 0.7962238 1.0762028 0.7006945 1.3777221 1.1700062 1.4654596
0.74217755 1.0442127 0.7320091 0.86718863 0.87595844 0.9596916 0.88530934 0.71334857 0.88172394 0.9216284
0.8970667 0.70792156 0.69120663 0.6285055 1.0676985 1.3803042 0.8680538 0.98900694 1.1468732 0.2722667
0.37092733 1.1881363 1.040734 0.8911507 0.68198055 1.0809958 0.46033457 0.8184893 0.8900833 1.1988498
1.0580555 1.0464189 0.53258324 0.8944282 1.0062963 0.81907505 0.75679314 1.3354387 0.5624469 0.6548171
0.93416125 0.8377301 1.0054681 0.9114932 0.9705805 1.0627773 0.41659746 0.83256537 0.55005974 1.0959064
0.67869663 1.0135349 0.76342005 0.42109403 0.54673535 1.2314819 1.3890563 1.178454 0.6342834 0.8101975
0.4968804 0.83030677 0.7031325 1.0007234 0.842872 0.6943941 1.230973 1.3226895 0.46385586 1.1148125
0.80454284 0.69103867 1.3976073 1.298873 0.8594639 0.6859534 0.51500684 1.0897989 0.57823247 0.7041577
0.9397993 1.107148 0.7713923 0.840259 0.08308319 1.3678484 1.0850415 1.0101128 0.41341352 1.0433246
0.44818342 1.1533798 0.50437665 0.73970616 1.1268665 1.0635333 0.3796913 0.897049 1.4323164 0.93234247
0.4878014 1.3599358 0.6463413 0.81101066 1.3485587 0.5343103 1.2268854 0.89002943 0.8692626 0.5388097
0.7974996 1.1347883 1.0416317 0.71969646 0.53963697 1.0453552 1.0073218 1.0319496 0.47433668 0.81138533
0.22696273 0.8181975 0.92067695 0.73411906 1.3313715 0.8159791 0.6731059 1.2416216 1.2052668 0.60019505
0.21796978 1.2085806 0.6479368 0.9037546 0.77644795 1.1459142 1.1282477 0.6970714 1.2721522 0.6159602
1.309292 0.4647038 0.9161551 0.36769202 1.4416932 0.890007 0.79539317 0.49264455 0.7711725 1.1820531
0.77291477 0.9192857 0.64534277 0.96010584 0.35209242 0.63919854 0.80733824 1.0999432 1.3783138 1.0910667
1.2279161 0.9881914 0.6477848 1.0106125 0.8201778 0.9577834 0.8368231 0.6370344 0.8415111 0.60401833
1.2089498 0.83883816 0.61473024 0.70050544 0.72636586 1.2827928 0.93931395 0.9316369 0.8459049 0.5189757
0.60120106 0.620857 0.5962216 1.342949 0.9370319 0.6647188 0.45071197 0.85298073 1.2356613 1.3893883
0.4204242 1.0026441 1.1334435 0.4419996 1.861189 0.96891207 0.74454516 0.6564133 0.91677386 0.43223873
1.0721719 0.45889747 1.1144127 0.82613266 0.74142253 0.7615282 1.0606333 0.97931683 1.1818092 0.49944666
0.564977 0.99099404 0.7575525 0.9021237 0.6922857 0.35365805 1.2790434 1.0577595 1.239184 0.76706964
0.770762 1.0682064 1.0329248 0.6557691 1.0667603 0.98893297 1.0101919 0.6032254 0.89068806 0.48957828
0.9665328 0.62040615 0.959191 1.1996261 0.5187358 1.5505387 0.9348941 1.0796993 0.19834214 0.5714817
1.3218775 1.1986648 0.85014564 0.8963709 0.5632747 0.925886 0.8220411 1.1566107 0.35773715 0.65099204
1.0591168 0.7920472 1.4917876 0.64222026 0.44074512 0.8167699 1.0213146 0.4093241 1.0609958 0.85449046
0.5563298 0.82976043 1.1389124 1.3810197 0.9506668 0.8910516 0.5776711 0.76159173 1.2712932 0.26466942
0.51315385 1.085968 0.8245782 1.2699506 0.5575359 0.8579628 1.0969218 1.1576068 0.6824174 0.55759186
0.9890561 0.7283857 0.7275596 0.8555472 0.3153221 1.3007481 0.65491235 1.0211219 0.8104277 1.1555604
1.0250244 0.71456736 1.4824615 0.8249479 0.66509545 0.86110544 0.7008019 0.4556569 0.8548395 0.9614771
1.1198369 1.1518486 1.117921 0.7873491 1.0648417 0.40774933 0.55212617 0.80069363 0.7772532 0.82982206
0.570322 1.1367412 1.0017924 0.94682825 0.44635487 1.0146452 0.92635095 1.1973115 0.34874937 1.0076318
0.90534997 0.3351161 0.8798826 0.6168507 0.80755043 1.2074183 1.4192178 0.5888836 1.2513375 0.61333925
0.4801351 0.6144726 1.3483222 0.72771543 1.016766 0.6886178 1.090998 1.111407 0.9176052 0.6252323
0.66301566 0.9614441 1.3420451 0.47445455 0.89553344 0.43642825 0.9771466 0.73000735 1.3580211 0.8827306
0.80579084 0.42288592 0.69637877 0.80343413 0.8916844 0.858797 1.463113 0.81008285 1.0706984 0.76846635
0.4103466 0.9680936 0.80387574 0.8834474 0.988442 1.0335015 1.197404 0.43155643 0.96753216 0.8579783
1.357188 0.26280284 1.3345879 0.6555093 0.55329883 0.7961995 0.7375772 1.6072983 0.8113594 0.5005965
0.8306005 0.4734941 0.60618126 1.1374886 0.7703204 0.8515466 1.1888784 0.8486231 1.1453204 0.73649937
0.91708493 0.9327786 0.73907375 0.87617373 0.53171706 0.80687696 1.0067745 1.1582298 0.48620805 1.1722465
0.8750258 0.8075312 0.64303774 1.3111082 0.8873541 0.93631655 1.2374582 0.59547395 0.7346411 0.47506613
0.52821946 1.29836 0.9332129 0.9118325 0.9398579 0.829155 1.0359371 0.96398884 0.46505204 0.6657791
1.0194477 0.73232836 1.136494 0.82208204 0.7800461 1.1399215 1.0490873 0.6168189 0.729821 0.5674885
0.68891156 0.72019786 0.75470763 1.3482935 0.6256861 0.75160515 0.96641886 0.97702444 0.4210636 1.2724214
1.0051211 0.5950521 1.3959304 0.68725395 0.27170092 1.0154524 1.057587 0.47701812 1.0671705 1.1202737
0.81757456 0.6155775 1.0670117 0.8954731 0.60174406 0.76646394 0.8931633 1.2904949 0.7074774 0.9544559
1.0867944 0.040956195 0.8864342 1.0300875 0.95478934 0.847375 0.6909046 0.87724036 0.9299594 1.2554424
0.7940173 1.2140018 0.8621908 0.5040273 0.38516778 1.2635772 0.63811415 1.0963087 0.8774031 0.9500886
0.9955008 1.2337542 0.95008904 0.6360034 0.6928983 0.7829661 1.0507131 0.5224645 0.64574313 1.1435308
0.4602074 0.7135582 0.97057515 1.1748531 1.110788 1.1480157 0.7265155 0.6587678 0.74893224 0.85275286
1.3238761 0.7601421 1.1049702 0.24327485 0.85707265 0.85955423 1.0304339 0.81076956 0.9159623 0.73751116
1.0940105 0.7842609 0.74614257 0.84618956 1.5165612 0.6783937 0.85459137 0.85979474 0.33219683 1.0198923
0.73465186 0.6379058 0.41983017 1.0978101 0.9933987 1.0764735 1.1374208 0.73962986 0.9106636 0.89203554
1.0471419 1.0197603 1.0895904 0.46188056 0.7629981 1.1328385 0.882297 0.5806569 0.6972496 0.9753747
1.5320185 0.8064354 0.7112015 0.9758676 1.0830003 0.7593097 0.82781744 0.6542564 0.6312398 0.5278231
0.73372376 0.86237663 0.8941197 0.65081674 1.1346903 1.0329447 0.76362604 0.7200289 0.88378716 1.002607
1.3903899 1.659534 0.76436156 0.08581155 1.1271547 0.8744501 0.8007871 0.6115092 0.7898784 0.5847752
1.2645855 1.1367555 1.0913363 0.43049428 0.6627565 0.18178223 1.1180252 0.7486288 0.72275007 1.2373755
0.52995825 0.7894638 1.2961557 0.85172397 0.89252007 0.9091442 0.7940048 0.83932143 0.7941375 0.9461081
0.8549719 0.8458158 1.0272577 0.8948158 0.80781007 1.2899923 1.1271902 0.6124617 0.49728566 0.62445766
1.32884 1.3336037 0.58988845 0.5337784 0.5892427 1.0661287 1.048709 0.64367115 0.6102252 0.9344844
0.7763952 0.866866 0.85162413 0.92805815 1.1723788 1.6117647 0.43450737 0.5446551 0.7943897 0.6276848
0.8411179 0.3494657 0.93332434 0.52098095 1.0976328 0.8835962 1.5484738 0.9302354 0.558037 0.88365716
0.8092812 0.7059828 1.2517984 1.1336137 1.1859757 0.818612 1.0205929 0.3826541 0.77425843 0.5136084
0.51360226 0.5046734 0.6899283 1.0175955 1.2599925 0.92380863 1.3894181 0.40962 1.0917708 0.839856
1.0205824 0.91872334 0.3751467 0.5382225 0.67520857 1.1858695 1.0046096 1.1279296 1.2927027 0.5320091
0.6170376 0.5950531 0.9413 0.9574721 1.2113912 1.2615958 0.5436346 0.8145005 0.77982664 0.87568545
1.0092819 0.8383432 0.8425112 0.7643482 0.7196597 0.7912974 1.0324346 1.1339644 0.7418156 0.73487806
1.3022785 0.8183685 1.3046974 0.80517656 1.1424704 0.7328983 1.1524746 0.6903137 0.548466 0.036587864
0.60337085 1.13002 0.69589514 0.806399 0.7262572 1.06495 0.78589964 1.3271052 1.056626 0.31647223
0.95490843 0.18865083 1.0948646 0.9396598 0.7167409 1.1088444 0.6622239 1.2745895 0.6924416 0.95557886
1.1199592 0.6504408 0.65344095 1.0860262 0.9025608 0.9783486 0.61348385 0.6375535 0.8665945 1.0538558
0.79244393 0.9623049 0.5821592 0.6782259 0.92953926 1.3063062 1.0111676 1.0150789 0.6025535 0.73909736
0.8268779 0.7000636 0.9356156 0.6531224 0.110896096 1.3413289 1.0289646 0.8912829 1.2921907 0.8360917
0.8730921 0.8171816 1.0492387 1.1874268 0.85743797 0.4259414 0.8621562 1.0239732 0.7424399 0.65941703
0.8948102 0.5166032 0.8927896 0.9413687 0.9150032 1.167315 0.93633723 1.318883 0.55763793 0.5396991
0.75367033 0.9321491 0.92029876 1.1202844 0.7383839 0.80016154 0.47923824 0.9242605 1.1465424 0.82924527
1.0791345 0.8924807 0.7961035 0.7743765 0.71458447 1.0416576 0.79024905 1.1309979 0.78163326 0.5394798
1.0721787 1.1356354 1.1949657 0.7342254 0.9830846 0.988839 0.84466845 0.5237443 0.7132089 0.42984155
0.42507434 0.8602671 0.64487004 0.88654584 1.1870449 0.867925 0.6305404 0.9793887 1.0662769 1.06239
1.1013061 0.70708287 0.6550156 0.99289817 0.74554807 1.122219 0.5663688 0.6113193 1.1297662 0.969176
0.8300641 0.90458477 1.0829289 1.0987611 0.49406144 0.8393805 0.7069799 1.1697073 0.30133712 1.2074397
0.8067561 0.9123051 0.98129386 1.1802757 1.1033871 1.1453301 0.514462 0.8890283 0.2133283 0.81614727
0.9104798 0.5087428 0.8543867 0.9213517 0.6985375 0.61046743 0.9912318 1.0428473 0.9322189 1.187674
0.27560163 0.9152644 0.8937975 1.2924329 1.017352 1.0343243 0.54714876 0.8068385 0.9728628 0.80252075
0.6172565 0.6277468 1.0133886 0.96033597 1.0657327 0.9741502 0.5529777 1.082732 1.0896533 0.6332409
0.731649 0.3086524 0.8355071 0.7604865 0.9777349 0.8276632 1.2717416 0.74399316 1.3877808 0.81082857
0.89103454 0.8831295 0.96569663 0.74093026 0.6679533 0.76979077 0.87521523 1.0047518 0.86724114 0.89410406
0.9887715 0.8088399 0.8077891 0.81523687 1.165904 0.7533793 0.4397069 0.7090701 1.3532573 0.8296063
0.9650431 0.97393936 0.805515 0.9496777 0.5620086 1.1260835 0.62258947 0.8213722 0.62353176 1.095354
0.8482704 0.6255976 0.96465623 0.7743743 1.0663664 0.77999127 0.9593969 1.0040771 0.9584843 0.6352919
0.9646216 1.0744919 0.39928663 1.0849822 0.65853566 0.9385383 1.0638002 0.6990762 1.199962 0.5772183
0.44396716 0.54953974 1.3323684 1.442559 0.8007493 0.2413514 1.0027431 0.6360678 1.2710208 0.8506761
1.2226233 1.3342627 0.6183355 0.6740872 0.38592124 1.1761519 0.46168923 0.79258305 0.7996294 1.2104583
0.8684139 0.97617316 0.6103834 1.0293853 0.5382416 1.0338111 1.2619171 0.89577895 0.908966 0.45984513
1.3683531 1.0296727 0.72815377 1.0266681 0.92608917 0.46511337 0.83172053 0.68904257 0.8374647 0.70789915
1.3239963 1.2084694 0.7113653 0.5816603 0.79981434 0.683253 1.1535286 0.78139573 0.8866127 0.46346143
0.9994943 0.17879099 0.81592524 0.81363213 0.8062391 1.3020731 0.93374854 0.9640726 0.6593274 1.1058052
1.3157533 0.36320287 0.69126076 0.62008977 0.5397128 1.3705223 0.88473374 0.9858835 0.579525 1.3125094
1.0252775 0.7295745 1.1990434 1.035207 0.56730735 0.82574743 0.47691926 1.3956852 0.38173658 1.0329257
0.65138406 1.5325776 1.2242764 0.69955426 0.9746575 0.22462457 0.7499797 0.79074043 0.5287127 1.2675079
0.5001573 0.80925244 0.26990595 0.7289323 0.9876415 0.8188481 1.1556523 1.2915936 0.76557165 1.3290192
1.0294336 0.983484 0.78675467 1.0926089 0.8194116 0.78017986 0.8437126 0.7348489 0.74452364 0.8218731
1.0292292 1.0376313 0.65205777 1.3786205 0.7188951 0.676913 0.6250937 0.9731619 0.9031292 0.6015208
0.5023477 1.0284379 0.71735275 1.0161896 0.9557346 1.0283355 1.0138832 0.7686503 0.9921017 0.64464635
0.78200823 1.5527354 0.78043747 0.48892412 0.80443704 0.91848123 0.976749 0.93282163 0.6290244 0.8502434
1.046802 1.2835641 0.2748646 1.499077 0.8714729 0.90534586 1.0878317 0.5379456 0.27055183 0.8203389
0.54613996 0.8731721 1.1554685 1.1678994 0.44934124 0.8632443 0.7616795 0.47549698 1.3131754 0.9131987
0.97135943 0.7179433 0.95613885 1.0191988 0.6218792 0.7579255 0.5681072 1.4920324 0.9363276 0.6182416
0.47142297 0.8879147 0.7694209 0.78427446 1.2666583 0.7304847 0.89494616 1.2170316 0.8206945 0.8272266
0.8846752 0.7109236 0.99062425 1.0966083 0.7021362 1.1425748 0.6590348 0.91342425 0.4856747 1.0688653
1.0469395 0.9877304 1.408137 0.8672601 0.65652114 0.85348123 0.48195827 0.8608214 0.8139261 0.5799262
0.9826356 1.0395812 0.83931494 1.1061916 0.9628107 0.741128 0.9757202 0.36213407 0.80649084 0.7940441
0.64981884 0.5651925 1.0417585 1.1625196 1.1483208 0.600895 0.9359681 0.9679956 0.56198454 0.9857875
0.9348757 1.0851574 0.29672545 1.100655 0.65646976 0.9976236 0.49382493 1.102428 1.1708678 0.7971807
0.8607025 0.89455396 1.0073459 0.5552284 0.89010054 1.2422558 1.0389426 0.47592077 0.62781394 1.0161637
0.71448606 0.8593505 0.39533275 1.0714067 0.7335679 1.0353584 0.8781397 0.6339002 1.433534 0.8559828
1.0260366 0.6464931 1.1181922 0.9866372 0.3859109 0.81898 1.0496563 0.48682117 1.4533968 0.61163807
0.8655944 0.81415987 1.1072072 0.7630353 1.0006096 0.7821624 0.9904529 0.7157886 0.93959284 0.64053905
0.6841751 0.7482719 0.6274469 0.9535204 0.5562417 0.67009205 1.2390313 0.8577906 1.1152571 1.0916464
0.8297073 1.088062 1.0658941 1.0056651 0.55506295 0.86364627 0.89090234 1.024562 0.66030616 0.52543837
0.81931084 0.6229539 1.1720936 1.7007991 0.4961942 0.75355417 0.997347 0.68056047 0.4574143 0.81450194
0.6637906 0.73035955 0.6843357 0.60602933 1.3856585 0.7431703 0.65655786 0.7916771 1.1999063 1.2976224
0.5881898 0.7030422 1.1436485 0.9696777 1.2012075 1.1068288 1.1842469 0.09240268 0.7083253 0.9097077
0.38616273 0.57027495 1.0226561 0.7477485 0.9852629 1.0079601 1.17225 0.5794302 0.77273726 1.3449285
0.76219964 0.75367767 1.0565116 1.060339 1.3347188 0.7947569 0.44397298 0.36327487 1.1227075 0.9647338
0.95811987 1.178537 0.32913285 0.93224996 0.92220986 0.734547 0.7728391 0.55211276 0.9328171 1.3723961
1.0461953 0.6585128 0.8331924 1.1606534 1.086578 0.9636136 0.9087587 0.6654408 0.7294576 0.4907786
0.75441295 1.2299638 0.22484413 0.81744546 1.1882513 1.0972278 0.86729586 0.62200856 1.0263697 0.7740509
0.8846483 0.2981278 1.4492679 0.8341551 0.6309377 1.3219364 0.4437784 0.6876279 0.8912096 1.1557237
0.80941635 0.71237916 0.8372876 1.0932516 0.79252154 0.6447464 0.6659205 1.0532672 1.3467065 0.6399158
0.6009663 1.1266975 0.42213124 0.65596914 0.9501087 0.95352954 0.99531865 1.2026758 0.90388346 0.8852235
1.1945429 0.6661767 0.7839422 0.899974 0.8376104 0.88917273 1.196703 0.6603815 0.57328373 0.8920307
0.96980846 0.4775869 0.75109637 1.5604451 0.678398 1.196235 0.8982898 0.7942106 0.77533954 0.4491838
0.6371953 1.3293796 1.3182312 0.84831154 0.4720189 1.1108769 1.1805073 0.33844963 0.9476636 0.37703046
0.32263863 1.0070745 1.2651273 0.86015064 0.7005492 1.0737616 0.8257122 1.3250355 0.74229246 0.4411903
1.1531043 0.54422456 1.1588023 0.8462255 1.1064188 0.591983 0.92866564 0.49871707 1.2950238 0.4049033
0.9331991 0.5741208 0.38631225 1.2657671 0.71837705 0.66920584 0.8891354 1.5729878 0.66314614 0.8972939
0.53900725 1.07328 1.3006688 1.0565448 0.92281497 0.8636378 0.66155595 0.5480202 0.8610973 0.7516949
0.9455777 0.64153874 1.1291987 1.136032 0.55696934 1.4741427 1.3500707 0.6246011 0.54361504 0.16463432
0.881453 1.0989467 0.9343053 0.970832 0.9676194 0.9621822 0.9737325 0.5860619 0.40084973 0.81547767
1.1853988 1.0913671 1.1512783 0.8619168 0.74521065 0.45439008 0.8562996 0.7554307 0.938074 0.5762844
1.2479726 0.37696734 0.8337981 0.5997968 1.0356824 0.9821717 1.1686674 0.59007853 0.7588418 1.0928019
0.3857567 0.83630097 0.5315522 1.1424094 1.1823212 0.6705244 1.2248297 0.8413021 0.8388182 0.9880864
0.57953715 0.8785231 0.8024199 0.93446916 0.78784597 0.68160534 0.8114874 1.2916454 0.70605874 1.2315267
0.8686289 0.50288564 0.99622995 0.7834248 0.34551916 1.4161481 0.6907373 0.7674717 0.9523169 1.2839308
1.1389475 0.43883976 0.9414546 0.99372625 0.41758382 1.1880686 1.050625 0.59144 0.86646134 1.0673344
0.98994654 1.1274633 0.94984835 0.32556838 0.92232156 1.1509904 0.4002606 1.0351353 0.89279467 0.78468764
1.0512153 0.9816193 0.96675974 0.9328597 0.64187175 0.7702364 1.0161757 0.8025114 0.56449765 0.86069334
1.1534688 0.9922899 0.78606915 0.5629754 0.8646774 1.1153413 0.52124864 1.0282615 0.9310901 0.6862837
0.6433955 0.56877446 1.1546088 0.74985826 0.9037745 1.2018541 1.0875432 0.66625077 0.8821313 0.7093039
0.8365688 0.94293433 0.8051237 0.83842653 0.47517577 1.0637742 1.0402809 0.904939 1.0955982 0.5590232
0.9426725 1.0490953 1.0684329 1.2983031 0.658941 0.8828998 0.919619 0.71481204 0.35737908 0.6282532
1.0008143 1.1763233 0.8716854 1.1143992 0.7432479 0.49520633 0.8018333 0.74153805 1.2631193 0.4015157
1.0553228 0.14496276 0.6498172 0.7538314 0.582141 1.1009865 1.6194272 0.73987126 0.91207993 1.0178101
1.1548594 0.46928236 1.1363308 0.8728211 1.1234092 1.156173 0.2418084 0.3315046 1.2689887 0.8489697
0.6900962 0.5555606 0.7939898 1.3962415 0.7759273 1.0188761 0.66704565 1.1084003 0.8019449 0.81748754
0.75042415 1.4041678 1.0862367 1.163655 0.5218345 0.70654184 0.62740755 0.94813335 0.58334506 0.8144694
0.5330246 1.0426999 0.72027814 1.3574382 0.9197388 0.5862487 1.1794217 0.48759025 1.214738 0.5956105
0.7123127 0.87766284 0.69258934 1.2003785 0.90866613 0.94235814 0.7973183 0.57982624 1.2762533 0.59171176
0.66439724 1.219034 0.525342 0.70126474 0.66304743 1.2848731 0.85741735 1.0755284 0.60233796 1.0556105
0.8839103 0.8732338 0.6515235 0.6902414 0.6662301 1.3337613 1.2865802 1.2319169 0.66804403 0.34492213
0.40163097 0.9250024 0.96000683 1.0957111 1.0147029 0.61450887 0.85392976 0.99932986 0.84314567 0.9941098
0.9038389 0.8155637 0.58639467 0.99612206 0.8235974 1.0351037 0.6374914 0.9599942 1.1447687 0.72772056
0.9159495 0.5530285 0.4547498 0.89748836 1.2443242 1.0893389 1.0772825 0.48432788 0.821407 1.0008196
0.7119657 1.0936226 0.7966934 1.304628 1.2624651 0.764155 0.7892213 0.6561331 0.31129128 0.9520993
0.958464 0.98945415 0.76744664 1.127477 0.75782794 0.34257197 1.4177452 0.74678266 0.7337262 0.80249846
0.49130696 0.7498658 0.9110752 1.1044369 0.67200434 0.736512 0.5671053 1.0871031 1.3108077 1.0042725
0.46189955 0.6379671 1.1759664 0.84422314 1.1404519 0.81283647 1.0336682 1.0656679 0.93458533 0.5292044
0.7878039 0.89114106 1.1850055 1.0149969 0.43458322 0.8401447 1.1492217 0.795288 0.916138 0.5290282
1.1436498 1.0874515 0.88457644 0.858891 0.6550983 0.8773291 0.5886045 0.7583958 0.7325905 1.0010507
0.8854964 1.203114 0.47554013 0.49638262 0.9313571 1.2675833 0.9432731 0.8297555 0.9327091 0.67589134
1.2350565 1.1256346 0.74960536 0.6529846 0.78791755 0.9760214 0.68256634 0.85287404 1.1285619 0.38709518
1.0870775 0.50026715 1.087716 1.4419641 0.66896003 0.4584531 1.0224637 0.64285666 0.7207828 1.0073823
0.7051052 1.2299306 0.5564512 1.4226547 0.81536734 0.69634014 0.5118527 0.52876234 1.152312 0.98175657
1.2007422 0.9689175 1.3429943 0.63188803 0.839954 0.84087795 0.93556887 0.7134953 0.18901312 0.9458031
1.249053 1.1351637 0.7498006 0.9536538 0.58768934 0.6074579 0.4740045 0.7651769 1.0182638 1.1167632
0.7663322 0.7980103 0.802571 0.605724 0.965983 1.1268446 1.0211309 1.0433341 0.98937166 0.62388456
0.6157955 0.3617992 0.975596 1.1813003 0.9108965 1.0380936 0.90354097 1.1913433 0.70663464 0.69781876
0.9935885 0.33159167 0.706106 1.1998669 1.0484161 1.0313202 0.7836353 0.6671454 1.0409998 0.7441039
0.71186715 1.1549081 0.9508628 0.73278433 0.81399965 0.85196817 0.6937271 0.4512921 1.4035116 0.87309253
0.6620312 0.88838416 1.6596403 0.7250056 0.6572964 0.81931096 1.1330789 0.7718325 0.60819715 0.6733897
0.98871094 0.80521095 0.29464796 0.94216126 0.7611892 1.4369873 0.6490707 0.91739976 0.8826365 0.93463236
0.7365755 0.76585555 0.7938334 0.68384975 1.3057495 0.95985705 0.99363583 1.1380619 0.8235781 0.47253937
0.32813168 0.7745056 1.0011936 0.987841 0.74405175 0.695719 1.1161988 0.9142917 1.0931554 0.9674976
1.0056758 0.9663828 1.0115241 0.83419055 0.6782579 0.7232365 1.4321681 1.1067847 0.48595724 0.42907262
0.4927316 1.2891213 0.77401006 0.9998063 0.8543083 0.9103421 0.88086706 1.0648675 1.0971478 0.2770524
0.73129314 1.0111243 0.9816385 1.0287865 0.7131227 0.87898445 0.36179343 0.95528233 0.97980875 0.9978373
1.1277822 0.6560912 1.0013614 1.0030648 0.39417058 0.7364013 1.0587718 0.77711225 1.0759529 0.81267136
0.8514358 0.23226757 0.78850853 1.1542296 0.75354683 0.90331167 0.8100667 0.3622722 1.7900083 0.939327
0.74312425 0.4177412 1.247489 0.82609385 0.6132966 1.0958421 1.2081949 0.73296446 1.2918816 0.43631688
1.0391341 1.0310766 0.7414473 1.0391103 0.46785384 0.58402497 1.0907217 0.6762798 1.0901092 0.8836937
0.8142882 0.17701486 1.2566859 0.7452372 1.198913 0.77877426 1.1233457 1.0544751 0.58194 0.8547315
1.0022659 0.75928867 0.7364193 0.8469454 1.173915 1.0462387 0.7556346 0.66995627 0.89723283 0.66110784
0.7243704 1.0210186 0.4811076 1.1935295 1.2722931 0.7143261 0.2803845 1.1323614 1.1041766 0.744396
0.87819964 0.8841139 1.0007577 0.33996493 1.0942377 1.0896814 0.9459061 0.3932717 1.1493667 0.89966476
1.4046582 1.2714909 0.71746093 1.1341152 0.85959476 0.99806446 0.7990713 0.48802504 0.5440179 0.36097452
