1.2165056 1.2105203 1.5684268 0.6445301 0.96898645 0.98191386 1.209615 1.0329528 0.9098906 0.46632126
1.1216478 1.2349156 1.1454285 1.3325444 1.1656839 0.79941744 1.0154552 0.9458173 0.78020316 1.2406112
1.139196 1.0136843 1.3132179 1.0167503 0.9318267 0.85570425 1.0761989 1.3346865 0.7035541 1.1343459
1.1324322 0.5479262 0.9816099 1.4159646 1.2076527 0.78886557 1.0092615 0.77141035 1.2761816 1.1959518
0.9381058 0.71857077 1.1221094 1.3291478 1.1587265 1.0598717 1.1283842 1.3237755 1.0452479 0.47752386
1.0024694 0.73863894 1.2179207 1.0864751 0.8683374 1.2731978 0.94041383 1.2021711 1.0399384 1.0549648
1.0263432 0.8624341 1.2911204 1.201729 1.076029 1.035444 1.2236142 0.9309534 0.8502422 1.0581756
1.4838058 0.92729473 1.2178836 0.9372529 1.2916131 0.58984256 1.3497858 0.91314 0.70271885 0.2769736
1.0732933 0.9704745 1.0006899 1.0503179 0.98793966 1.5092962 1.0677043 0.7963566 1.1937896 0.85059124
1.117923 1.0604533 1.1574739 0.81881404 1.277654 0.9937844 1.076472 1.2940425 0.72381175 0.9130271
0.95289 1.0367507 1.1232482 1.1284206 0.6979717 0.939362 1.3242729 1.1623483 1.0456688 1.2137427
1.2136443 1.1832845 0.93795174 1.2779424 0.8929751 1.0649523 1.2348998 0.54085284 0.95994306 1.1028644
0.62708515 1.0919578 1.2343123 1.3283129 0.90175796 0.8664399 0.9276701 1.4549272 0.7043016 1.0220041
0.56831163 0.3061786 1.1000465 1.4730685 0.806749 0.75445414 1.3610241 0.74603087 1.0608047 0.7666622
1.2071941 1.0373638 1.1425503 1.2458459 0.77025855 1.0091964 0.7885682 1.3756211 1.0436443 1.0611621
1.4333011 1.0962766 1.3612033 1.2521745 0.7273148 0.8791151 1.1754276 0.81048554 1.0292352 0.8149178
1.0618231 1.320026 1.2382364 0.8059314 0.9405098 1.015078 1.0328087 0.7091709 1.3140193 1.0613893
1.2672337 0.9342132 0.8826623 0.93479264 0.83222 0.859365 1.2569147 1.0940984 1.1330274 1.1250869
1.2327396 0.8565561 0.5673177 0.9502426 1.0672367 1.0369025 1.4762993 0.99567276 1.2568423 0.9927187
0.8955299 1.1499459 0.9246193 0.74562216 1.1468863 1.2703418 1.311626 0.92452013 1.3998652 0.7082893
1.3362635 0.9628427 0.902501 1.0820692 1.4246253 0.73817915 1.0460051 1.0649124 1.0576767 1.1871412
0.3354527 1.1036838 0.8452732 0.6942421 0.99297076 0.79673237 1.1829273 0.8187931 1.3518482 1.0160829
1.1073242 0.9303418 1.4577061 0.96870685 0.632805 0.8549531 1.06745 1.1076746 1.2144659 1.0167415
1.2892689 0.87425184 0.8556745 0.6405111 1.2329018 0.7309801 0.93457216 1.1226444 1.7039614 0.9095296
0.7879906 0.9035366 1.5444376 1.1209525 1.0064403 1.1756822 1.2576092 0.76463485 1.1683853 0.43280128
1.0826222 0.7219096 1.3050733 1.0856727 0.94984794 1.0555235 1.1184434 0.9053685 1.2278328 1.117694
0.64134145 0.83475965 0.9892197 0.8868233 0.729664 1.3144299 1.5272616 0.9838159 1.2454145 1.0282308
0.82686096 0.9536242 1.2403034 1.003252 0.9906492 1.0558306 1.1213924 0.72489804 1.4008967 0.985003
0.93455935 0.38275307 0.8354572 0.68376464 1.2002426 0.311791 0.94495237 0.6771505 1.001893 1.1250879
0.9817801 1.1967857 1.1892052 1.0038481 0.9591238 1.0838516 0.9343788 1.166915 1.1929367 1.0578839
1.0928229 1.0834213 1.0289884 0.9631017 0.96942884 1.0495366 1.1611673 0.84533536 0.7460156 1.4132589
1.3987358 0.71535546 0.29433483 1.0790263 1.2936765 1.0304993 0.4996315 1.2027599 1.2808608 0.6476771
0.8263921 0.9421832 0.810595 0.8460736 0.39750358 1.5027304 1.0398114 1.4344738 0.65126 0.51717025
0.82711506 1.0531435 1.0858412 1.315544 1.104282 1.2885553 0.9808386 1.2269912 0.86751336 0.7319782
1.1745936 0.46888918 0.55555224 1.4749942 1.5870651 1.358009 1.2746599 0.2195047 0.7410615 0.82173693
0.9285382 0.8744062 0.7494888 1.20531 0.8525512 1.4176195 1.5942249 0.89048517 0.9192984 0.7110322
1.1743417 1.056247 0.6632173 1.1390198 0.7298556 0.9533736 1.0596582 1.1994832 1.0186008 0.6921675
1.0023757 1.154478 1.3648074 1.3168126 0.8933966 1.1880487 0.8068906 1.3920698 0.92296493 0.69632363
0.8136147 1.0641893 0.92696077 1.129021 0.94024456 1.3981574 1.0306907 0.6980205 0.43429068 1.1492903
1.1764045 0.6299974 1.1894548 0.826814 1.5111468 0.97661316 0.8066386 1.301622 1.1239629 1.1502768
0.8363624 0.87786967 0.91462225 0.95097905 1.3453001 1.2492136 0.95768666 1.0369225 1.335295 1.0605371
1.2598165 1.2834152 1.1520432 1.2916706 0.8883814 0.44199976 1.1915308 0.88070583 0.7500809 1.1532198
1.081087 1.500248 1.0938966 0.7458114 0.922317 1.0410551 0.9843161 1.1149396 1.022612 0.9706085
0.9374747 1.2932309 0.92352116 1.2071714 0.86100733 0.80730855 1.3882238 0.9805701 0.84597564 1.5698199
0.9226736 0.8139155 1.2562739 1.3246207 1.3617945 0.7215443 0.69119984 0.8011346 1.153592 1.3733423
0.96483046 1.2406546 0.90715235 1.1838998 0.90547657 0.9694761 1.2234083 0.95039624 1.3120545 1.2542121
1.0897928 1.2111194 1.1833199 1.1223698 0.84819263 1.1256764 1.0659227 1.1634089 1.1024776 0.9549465
1.0579513 0.92879426 0.92249584 0.7697631 1.2491148 0.94949126 1.0429802 1.2469312 1.2880864 1.1444637
1.2675732 1.0264171 1.2408456 1.079304 0.7764024 1.2648935 1.0631515 1.0011995 1.1783931 0.82710123
1.2090625 0.48607796 0.6032948 1.087768 0.813901 1.2918067 1.4627854 0.8550417 1.037728 0.5722101
1.1029129 1.0777864 1.1043681 1.1943702 0.93268424 1.1164386 1.1784129 1.0281029 1.2447451 0.75717825
0.76956266 1.2448021 1.2268184 0.8094901 0.8590505 1.1205012 1.4763404 0.6879204 1.0452528 1.2365203
1.1473875 1.1127889 1.4411219 1.1770371 0.99312305 0.9906246 0.5901876 1.2266909 0.6667091 1.265879
1.5670013 0.9653308 0.9539052 1.5589372 0.47947204 1.2980129 0.92621106 0.43361023 1.1556355 0.869422
0.68550825 1.3616962 1.4644089 0.42800912 1.2036275 0.67643744 1.3897778 1.4292833 0.9253804 0.9579824
1.1633072 0.7916728 0.8959965 1.3082668 1.1734166 0.9750971 1.1355553 0.59708875 0.502046 1.4560493
0.9112494 1.025526 1.4642296 0.71245444 1.1375271 1.3303349 0.7914063 1.0277145 0.9547397 1.1637009
0.078986846 0.0127933845 0.21923989 0.1818457 0.29698202 0.019778151 -0.022619558 0.18927959 0.27461037 0.1270386
1.1840702 1.2243401 0.6678218 1.1230125 0.6818157 0.59253377 1.3795027 0.9889707 1.1735598 1.260809
0.3767732 0.8513413 0.7952536 1.0444574 0.43800423 0.72369486 0.9197609 0.90752304 1.0221819 0.61622983
0.6998574 0.72643167 0.9645787 1.2953614 1.0013783 1.1147527 0.8438314 0.85113937 1.5179399 0.53349495
0.70626676 0.98324597 0.97003525 1.2104472 1.2005628 1.1791003 1.1804678 1.0872289 1.0741819 1.1858597
1.116877 1.2367812 1.1350739 1.1478727 1.2197039 0.98009163 0.6701556 1.08343 1.2571533 0.9903897
0.8064783 0.8805735 1.3417202 0.6067144 0.9225472 0.98063254 1.1909842 0.6348143 0.72591513 1.2515011
1.4441993 0.72980917 1.1273217 0.25673658 0.9915082 0.7623844 0.9863294 1.5437295 0.83269 0.9757545
1.0581632 1.3609772 1.0392208 0.55027914 1.518868 1.0312759 1.0681406 1.4398626 0.8857328 0.8047804
1.3743458 0.9554538 1.2747976 0.81900305 0.89828557 1.1652088 1.0616205 0.91458255 0.6899943 0.9061221
1.4908289 1.1506525 0.85674536 1.0985794 0.4428695 0.08882996 1.4932395 0.7458101 1.1166989 1.0668944
0.87460774 1.2837077 1.0654001 1.00748 0.64271224 1.1720927 0.6011603 0.6908898 1.0413771 1.0235715
0.81571287 1.0789208 0.7165335 0.97817737 0.8928605 0.65080136 0.9815194 1.6725334 0.80209196 0.7678096
0.5592619 1.1941384 1.3459436 1.0285381 0.81314373 1.443414 1.0429704 0.96209705 1.0312603 0.7764864
1.1826013 0.956936 1.2011316 0.67010397 1.2563146 1.170665 1.001779 1.0982159 1.0156574 0.9798186
1.3945398 0.5967293 0.8526321 1.1188191 1.2280618 0.7238368 1.1453406 1.6859047 0.23155756 0.87612283
0.90609676 1.0874165 1.004708 1.4191289 1.2908128 1.3323741 0.6230725 0.68406296 1.0626804 0.97284305
0.9624875 1.3781185 0.31159312 1.2002431 0.72707695 0.9281233 1.6111485 1.0004655 0.87643224 0.7296324
0.9498013 0.8372153 1.2783594 1.1128812 0.9486411 1.1394967 1.018929 1.0728731 1.477066 0.90852606
0.3722393 0.5081162 0.18207617 0.663915 -0.061608363 0.8860792 0.28583676 0.7256775 0.31693316 0.36908442
0.42873806 1.1560124 1.3997536 1.5374535 1.2961645 0.9227508 0.7366331 1.0241313 0.8014167 0.6687961
1.1975336 1.0095087 1.4738454 1.156366 0.7085919 0.7748895 1.0088648 0.8269526 1.1127034 0.9212796
0.87703615 0.9146005 0.82823867 0.9812383 1.1594054 0.56719637 1.0239568 1.3000606 1.4420234 0.94432473
0.90149003 0.93721193 1.227876 0.7931449 1.0079656 1.1261215 0.98348147 0.94740754 1.3209724 1.0309259
1.5006845 0.92494375 0.87360007 1.0690087 0.5114895 0.64771116 0.77514 1.1700091 1.2889022 1.3186656
0.9879926 1.1648406 0.91964656 1.5287508 1.1133591 1.073216 1.1480417 0.7560858 0.84610593 0.9260949
0.7160998 0.69855624 0.66779345 0.8002628 0.929613 1.1147895 1.0217642 1.3357459 1.2582879 0.71802175
1.5169737 0.8947027 1.0824273 0.9128266 1.1551285 1.3087695 0.83707595 0.86381865 0.7553653 0.9171103
0.8030695 1.2149131 1.6963836 0.8500988 1.2994589 0.74792427 1.0603151 0.587967 0.97579473 1.2055086
0.2376129 1.2618383 1.3228799 1.4459035 1.016442 1.0520062 1.0104018 0.8967939 0.5434282 1.0234715
1.2273663 0.90293235 0.78669447 1.175239 1.1721834 1.4789543 1.0281558 0.9863391 1.1611862 0.9143582
0.92817223 1.1893408 0.9077007 0.9740793 1.2726612 0.6318597 -0.115231715 1.257932 1.1555281 0.80882084
1.334763 0.80598843 1.0434489 1.1917305 1.2806011 0.9115742 1.3360426 0.90336317 0.78901625 0.4638365
0.9480485 0.6669129 0.77173704 0.42089447 0.99064547 0.7626122 0.893485 0.66325986 0.68557936 0.12751466
1.3509542 0.77680975 0.83179086 0.8308426 0.798577 1.1733265 0.96389484 1.010384 0.56157815 1.5855738
0.91724986 1.1737366 0.71171576 1.0355656 1.1353232 0.93131185 0.43067488 0.8372247 1.6429862 0.5543419
0.31518552 0.6972735 0.9865661 -0.054399397 0.7029356 1.0271882 0.730747 0.6793355 0.6782332 0.71520984
0.563759 0.92403126 1.6647779 0.60650355 1.0219687 1.2896342 1.0686218 0.7088324 0.6888311 1.1656609
1.2085465 0.97525454 1.2999064 0.97657746 0.8769937 0.5479519 1.1669313 1.0073076 0.37399495 1.1290858
0.5656469 0.97576237 0.96900046 0.88795286 1.3190969 0.76836085 1.2465693 1.2346355 0.7859513 1.1665673
1.1950691 1.2531433 1.0087305 0.9674164 0.80487615 1.1003357 1.117949 1.1498878 0.84028906 0.8282789
1.1203126 0.89424574 1.2622932 1.1586902 1.0975118 0.6223506 1.1255474 1.2036489 1.2295066 0.6663468
1.1648551 0.83796763 0.81740177 1.2222735 0.9594038 1.319273 1.091942 1.1028342 0.7573902 0.976097
1.2266878 0.99796706 1.7134639 1.354237 0.68887144 0.66754544 0.9193949 0.33771673 1.2545921 0.8407983
0.90063405 1.0454057 1.0228313 1.1387868 0.9968185 0.8993253 0.90095294 1.0470564 0.9357994 1.3208368
1.0996748 0.93264174 0.62592363 0.89686 0.99805105 0.66738135 0.6806684 0.51312083 1.3553138 0.16952728
1.2119018 0.79515713 0.69210595 0.63612366 1.4230174 0.8706769 1.253863 0.88478684 1.414625 0.9065224
1.517408 0.26750574 0.8060048 0.28995883 -0.024527276 0.54145074 0.5065451 0.6444813 0.9038016 1.002946
0.97238106 1.0106399 1.052846 1.2715065 1.0489945 0.8945783 1.2179939 1.510758 1.2500616 0.71243984
0.76397413 0.6480417 0.76550144 0.53967565 0.68149275 1.2265093 1.0426996 1.0951173 1.1025977 1.490282
-0.019302607 0.10677722 0.22395827 -0.007031659 0.079510435 0.26596355 0.19991262 0.20052509 0.36210734 0.024190614
0.6868761 1.1719781 0.9028071 0.9535007 1.3425072 1.3221167 0.79490024 0.97691995 1.1256628 1.211409
0.84541374 1.262678 0.93614346 0.91745466 0.978349 0.9377589 1.1454753 0.98289454 1.2390753 1.4731879
0.9914906 1.1271175 1.3434783 0.95807016 0.8085704 1.3788941 1.0253303 1.019575 0.7390838 0.8972636
1.0186231 0.19668068 0.87701195 1.2645595 0.8087612 0.9047915 0.6121688 1.426661 1.3917361 0.6054789
0.82388836 0.9752194 1.1969295 0.69926023 1.3606788 1.152311 1.3344063 0.9420482 0.7567816 1.1326337
1.091075 1.1710975 1.536142 0.95866287 0.9835563 0.9980035 1.0898904 0.52506286 1.0326067 0.82652646
0.91621524 1.3622183 0.6948103 0.9115118 0.7804552 1.4030404 0.5716484 1.0621104 1.2865777 0.94368356
0.7674972 0.9811516 0.7544375 1.0795186 0.5436742 1.3081987 0.69958234 0.5729191 0.8509074 0.9148724
0.8977193 0.5309945 1.3764377 0.87644565 0.6468919 0.5189437 0.43746966 0.4263858 1.0320666 1.353621
0.65795803 1.4170692 0.6052788 0.9040015 0.7236471 1.0949295 1.049846 1.0839721 0.8372657 0.84988266
0.8952454 0.92628163 0.7018939 1.2933261 0.4799069 0.92460424 0.9946865 1.5064378 0.15594745 1.2685542
0.92685694 0.9920261 1.5421138 1.1172937 0.60863924 1.3135756 0.8607174 1.1071624 0.42062914 0.7852391
0.5762423 0.6525721 1.513505 0.9298275 0.6868245 1.1339209 0.65262425 0.94509006 0.8699762 0.9809915
1.0126673 0.8805031 1.0608889 1.424535 0.7003304 1.0871614 1.0732827 1.0312068 1.3359423 1.1401092
0.746827 1.3334291 0.6640268 1.700438 0.928366 1.0182092 1.096477 0.62999636 0.61968726 0.8593557
1.2169926 1.2290255 1.0361043 1.3654314 1.173987 0.8182212 0.7479219 0.74582505 0.4819286 1.0664196
0.8141987 0.43263143 0.5227287 1.1104399 0.43346316 0.47063065 0.54967046 0.6862814 0.49433812 0.9939759
0.8721516 0.60154873 0.72321665 0.5886635 0.86245 0.37588012 1.0200235 0.41382873 1.1283209 0.49124876
0.9293015 0.6959524 0.8868487 0.7022727 0.6805039 0.94212365 0.49113983 1.0283363 0.8390816 0.6714244
0.5927617 0.82636374 0.98292875 0.60343677 0.7420823 0.5106313 0.95614153 0.3818457 1.0432559 1.5226295
1.2187256 1.36854 0.9952791 0.5373002 0.11332612 0.8816052 0.46983984 0.6792968 0.7712242 1.3414924
0.9384115 0.49629733 0.5574615 1.6504133 0.82463425 0.79731196 1.1731594 1.5437661 1.0259483 1.185681
-0.018643033 0.90603906 0.7324198 0.884946 0.7598929 1.0920421 0.8835563 0.9861059 0.6235079 1.6633896
1.1463892 1.1240813 1.2385463 0.9260598 0.79120624 0.31139627 1.2206898 1.0761851 1.631536 0.62506545
0.48943037 1.0269976 0.5554674 1.2600726 0.74934024 1.3213882 0.8755942 0.8484877 0.5315237 0.27332738
0.84844965 0.7809795 1.6769562 1.2763457 1.2857934 1.5521568 0.21535607 1.0686412 0.582575 0.3033613
1.1170844 0.8241365 1.290425 1.3874325 1.0504467 1.032677 1.0826821 0.83296776 1.1168972 0.9160269
1.3258432 0.63883036 0.7808486 0.9213574 1.020365 1.3138992 1.0030849 1.3157985 1.0888556 1.0719936
0.907305 0.9941977 0.94618225 1.0435096 1.1321931 1.1093488 0.8999556 0.80534023 0.8187728 1.0746404
1.1057111 0.6012261 1.6951671 1.0440888 0.6583828 0.7630921 0.971934 0.80730987 0.77132976 1.3864353
0.8346043 0.91541404 1.292042 0.92149544 1.0382597 1.275408 0.9772754 1.070408 1.1530762 1.0954893
0.70271003 1.1302793 0.988805 1.3864694 1.2093654 1.210417 1.1217263 1.1026887 0.8874188 0.30586007
1.1897426 1.2545538 0.93832916 1.2678832 0.82575953 1.2302884 0.64522743 1.0152193 1.4602419 1.0753388
1.3906623 0.45705444 1.2896813 1.3182598 1.2985035 0.61291325 0.65770996 0.46836343 0.9270796 0.91160786
0.6543331 0.49242884 0.65954393 0.9204559 0.29205287 -0.20992012 0.5060054 0.045320705 0.6209855 0.4946372
0.074221015 1.2574592 1.195002 0.04790031 0.28847298 0.91001314 0.4765995 0.87573063 1.0008981 1.4158107
0.71630794 1.4361869 0.9948124 0.7087585 0.61949027 1.0379188 0.81651235 0.5262564 1.4907687 0.6620776
0.6859005 0.78768134 0.777752 0.9093178 1.4464043 1.4014899 1.2544423 0.5914073 0.9984952 1.1894546
0.25518245 0.017973632 0.48233202 0.029038336 0.48590386 0.34342042 0.031436063 -0.19299984 0.0014994456 -0.026278356
0.096893854 0.15908271 0.041366115 0.42878824 0.048177414 0.058203485 0.0035035077 0.1665014 0.09254207 0.33462626
0.9467556 1.0018054 0.7766817 0.5752152 0.417681 1.3081019 0.18029302 0.9253398 1.6596007 0.30297405
0.001187845 -0.10220295 0.061459202 0.24499705 0.12803756 0.032820597 -0.083312295 0.451725 0.39546162 0.332598
0.19414704 0.03567346 0.08556038 0.13473761 0.054104038 0.34048337 0.032298457 0.24297579 0.09427098 0.3027606
0.91157055 0.011200635 -0.42413196 0.92371845 0.111445315 0.56808186 0.59050024 0.5843937 0.90215015 0.36148795
0.19817883 0.02347338 0.21870579 0.12248527 0.33811015 0.08631186 0.25218087 -0.07953183 0.26629847 0.015234129
0.11630853 0.116814755 -0.06368568 0.21035539 0.11845626 0.19371545 -0.07423128 0.29719192 0.19544351 0.3300138
-0.04429529 0.20290087 0.23309658 -0.08801897 0.043979082 0.3992736 -0.048207838 0.30153483 0.41728458 0.19709086
-0.26095954 0.30886975 0.05399809 0.082575716 0.34321168 0.023299377 0.27495006 -0.015779953 0.44954866 0.2314743
0.1512446 -0.057181828 0.03506188 0.3189579 0.3435397 -0.1963527 0.07847141 -0.015349762 0.2405745 0.6338022
0.1483795 0.0846118 0.1799585 0.057709657 -0.20427883 0.32292473 0.15254821 0.40346935 0.15069401 0.13634358
0.16137512 0.22351441 0.21651371 0.18497127 0.04062111 0.07206237 0.35281488 0.41731232 -0.23326667 0.018811384
0.34280902 0.13330986 -0.038544096 0.24527243 0.22683448 0.08915645 0.08829444 0.12136451 0.06579989 0.11918873
-0.114166364 -0.03616064 0.062169094 0.17004162 0.30734083 0.3607689 0.09659836 0.22085427 0.06462407 0.33648995
0.091386646 -0.04842038 0.27874053 0.23143551 0.22095983 0.35759988 -0.0979909 0.24854124 0.08312994 0.09888295
0.2305303 -0.06161689 0.32024652 0.15241314 0.02875021 0.09083163 0.13882582 0.13812877 0.2758002 0.09050791
0.14516726 0.25477856 0.2296699 0.026753686 -0.0553692 0.13699168 0.33455807 0.02053884 0.090064056 0.28623083
-0.04478028 0.17290375 0.025716364 -0.0068308283 0.29664746 0.41364825 0.1630375 -0.17464702 0.25535658 0.3652276
0.07758769 0.12023827 0.15363243 0.15367034 0.035598375 0.25239742 0.13144068 0.13461488 0.066748165 0.33177662
0.2878541 0.45648554 0.043278713 0.12858373 -0.02254181 0.03960572 0.122058354 0.056393597 0.272721 0.039381605
0.17009394 0.08605974 0.12690607 0.13738471 0.09065063 0.052758213 0.07980953 0.2721583 0.27620858 0.11520971
0.3362507 0.1233665 0.0013992781 0.10452243 0.2728282 0.025309037 0.24550244 0.042852193 0.24579631 -0.022778861
0.5183303 0.003233192 -0.02261282 0.20286137 0.25571936 0.19267583 0.19869545 0.05737131 -0.021434933 0.01602521
0.042101953 -0.08837005 0.3377011 0.14900249 0.26488933 0.18556039 0.1270662 0.14460199 0.29449603 -0.017790679
0.39933136 0.028230855 -0.03095967 0.3630799 0.05946473 0.47718918 0.028139498 0.050501253 -0.009780355 0.06997796
0.2577768 0.2745577 0.054016083 0.11588684 0.11697459 0.013472851 0.4268343 -0.23057663 0.0133847175 0.37478504
0.12567241 -0.024245024 0.2653724 0.23524849 0.29191428 0.13444754 0.084468886 0.2466628 0.037243407 0.008097546
0.16415237 -0.13576092 0.5058392 0.146557 0.27227056 0.04666033 -0.012714774 0.0754054 0.06961431 0.30597106
1.4070418 1.7484051 0.3458862 1.2675757 0.65165997 0.8072543 1.0122386 0.76178217 0.8529136 1.1585039
0.78169346 0.70237845 0.92383784 1.1623509 0.8577378 1.0072504 0.89643914 1.0616416 0.5955099 1.2520303
0.03204066 0.3708972 0.1728151 0.06634641 0.39760146 -0.18687467 0.09543868 0.2111279 0.14199044 0.19232224
-0.15203837 0.15719211 0.039537642 0.1393922 0.22281158 0.32143658 0.2190017 0.10983069 0.2799983 0.025638146
0.5134899 0.030384671 -0.12443704 -0.042328365 0.018411016 0.309622 0.24683993 0.28680593 0.03623702 0.23606095
0.16361532 0.22502059 0.10654819 0.15264185 0.18775778 0.006238912 0.11185973 0.1903706 0.19234714 0.06778873
0.049997125 0.16655165 0.42847538 0.15413314 -0.039436955 0.05575178 0.17959811 0.34427258 0.0961375 -0.038107105
0.24036619 0.24699292 0.054643754 0.19702394 0.45824906 0.05161741 -0.0037932214 0.112071194 0.12526384 -0.07373694
-0.1379178 -0.018934632 0.4789823 0.5383806 0.07153893 0.22712025 0.22315101 0.04612093 -0.13283758 0.06399924
0.111568 -0.09515979 0.2362626 0.011127977 0.33709234 0.5169776 0.12452386 0.12708002 0.10306617 -0.004218966
0.19225453 0.09735441 0.044533256 -0.018675135 0.22733046 -0.035184216 0.17755541 0.2263987 0.45257327 0.08999585
0.859997 0.7102561 1.0930157 0.28601828 0.34309512 0.83512086 1.1724429 0.9840535 0.6149427 0.7458955
1.1743866 0.88685536 1.2261848 1.1130078 1.0656128 1.0077432 1.0657669 1.1803504 1.1019943 0.92424977
1.5460837 0.40278977 0.9295659 0.7790926 0.95790416 0.82452065 0.591997 1.1228253 0.9988724 1.1217017
1.3364829 1.21314 0.73515314 0.85984516 1.4389253 1.3647418 0.38821453 0.8307488 0.78986067 0.89351034
0.9709391 0.9987356 0.922309 1.3225517 0.8951656 1.0500611 1.2482418 1.2864336 0.9213288 0.9863022
1.0659046 0.9508857 0.6414295 0.26341355 1.0886934 -0.040012714 0.7150938 1.0926107 0.8899363 1.4672667
0.52526176 0.73815495 0.3705878 0.8287379 0.45577654 1.3288374 1.0133045 0.47866613 0.5489881 0.72375315
1.370381 1.0254824 1.5420961 1.5127947 0.815795 0.93187404 0.6617635 0.6490735 0.93111515 0.7616321
0.6489667 1.1772449 0.63567096 0.85097474 1.1178021 1.1336522 1.0456395 1.5517097 0.91213965 1.2806879
0.5093724 0.917769 1.219625 1.1829801 1.0204552 1.068877 1.169872 0.9945672 0.932595 1.1030205
0.856432 1.1146591 0.9615425 0.9868979 1.1714938 1.4289026 0.95442295 0.90775627 0.79372 1.029307
1.4787012 0.9679009 0.9879426 0.80823195 0.80049086 0.8669082 1.1165556 1.2037346 0.95954746 1.1529173
1.1653599 0.5989737 1.4113849 1.0057496 0.9741367 1.2024487 1.1453825 0.5088224 0.88630664 1.4226567
0.7691138 1.0777045 0.9237139 1.1857548 1.4029031 0.3958323 0.6511213 1.0075225 1.1131088 1.1129432
0.8571806 1.0389597 1.0558558 0.59627813 0.9081606 1.0752397 1.3680508 1.026039 1.1055186 1.0811329
0.5034283 1.425246 0.824162 1.2730169 0.8494989 1.0315166 1.0524611 1.0367914 1.0432181 0.95728916
0.7231742 0.57394737 0.3182031 1.1342033 0.39702928 0.8420368 1.5079889 0.7937863 0.5861915 0.8976842
0.8789343 0.92140615 1.369852 0.68441933 1.0917213 0.8536316 0.896539 1.1334801 0.9957639 1.2957194
1.0185051 0.9987817 1.4571218 0.494925 0.9648628 0.90080464 0.9724181 1.179215 1.5026985 0.7322439
1.1023761 1.3087454 1.1370406 0.69811004 0.7735509 0.8135532 1.1391234 1.1185225 1.2268827 1.2820405
1.0522349 0.74209183 0.8831431 0.76375353 1.3537395 1.3683387 1.0140122 0.990676 0.66440165 1.1381353
1.0822845 1.0871754 0.9854542 0.9379593 1.0814778 1.0395577 1.3762057 0.8362257 1.2916962 0.9991544
1.2641811 1.2172977 1.2972156 1.363794 1.0726444 0.6490173 1.0276973 0.5887995 -0.11962731 0.28894272
0.9666194 0.60664964 0.949491 0.66944826 0.597623 0.5249118 0.6411146 0.45521238 0.9405816 1.3024393
0.63929296 1.4244283 0.97500294 0.61200386 0.8307786 1.0518115 1.5463002 0.96764565 1.152404 0.9735653
0.14365949 0.09666768 -0.046689574 0.19635354 0.114268534 0.14306273 0.34497762 0.098713145 0.10740968 0.2866667
1.0944297 1.141845 1.2994679 0.90359765 0.9957056 0.98537266 0.68441135 1.2498652 1.1884282 0.94164455
0.90824467 0.24130121 1.4277388 1.120526 0.96245676 1.0129702 0.95683336 0.8779386 0.017595617 0.91209877
1.457 1.1166085 0.8848294 1.3280264 0.36969766 1.5082301 0.9293138 0.8274369 1.0958579 0.46890676
0.5477133 1.0075952 1.4369615 1.1083034 1.0505095 0.6244789 0.8007395 0.83153325 1.0700583 0.9969189
1.3653938 0.8057361 0.4933666 1.1609473 1.1218057 1.1679354 1.1605173 1.122511 1.0798355 0.8481979
1.1120629 1.0941101 1.1244364 1.1761315 1.0469704 1.2792321 0.83191323 1.0435865 0.9563148 1.1218113
0.7790278 1.0369692 1.100906 1.0073708 0.95621914 1.0048716 1.1018881 1.1976433 1.1298181 0.7202461
1.545446 1.0849277 0.51175773 1.3930166 1.1172001 1.1410528 0.8075655 0.43855223 0.5218567 0.92256236
1.0639895 0.86746985 1.1785647 1.0954224 0.8810844 1.3106505 0.9918223 1.2203093 0.94822234 1.2228278
1.241813 0.5730124 0.7758213 1.3003479 0.51148474 0.7048623 0.5743005 1.2509099 1.4199353 0.91520196
1.1859268 0.8638934 1.2151678 0.91146725 0.79215115 0.91819775 0.8420087 1.5487893 1.1498258 0.33511412
0.6098421 1.0577335 1.4058902 0.93361425 0.9906721 1.2022744 1.353288 0.6390289 0.996449 1.498183
0.74841917 1.0101584 0.7234697 1.3688632 0.82891387 0.76196545 0.5264771 1.0804919 0.5737428 0.17363037
1.0622112 0.824605 0.028843775 1.4275624 1.1924325 1.1389803 1.2127599 0.9256642 1.0301867 0.7015827
1.5526639 0.63368034 0.7809352 1.0880426 0.3932991 0.3440109 1.2907033 0.5702842 0.47629583 0.262107
0.7370289 0.98142546 1.0284624 1.11654 1.386573 0.8430119 0.8433572 1.3748081 0.9478657 0.74456155
0.6852516 0.617407 0.92390484 1.100375 0.63469225 1.2272063 0.76293075 1.4579371 1.0126383 0.3410089
1.0467964 1.1533338 0.73377264 0.9962157 0.8555426 0.9395013 0.6218341 1.4442333 1.2610211 0.8070919
0.66053534 1.2427897 0.97660637 1.3534495 0.9770876 1.3545674 1.3148096 0.9086579 0.7606312 1.0390708
0.16815697 1.1553085 1.2832103 0.5923432 0.97382617 0.88808584 1.1999133 1.3071867 1.0877415 0.7661405
0.9601215 1.0511967 1.209696 1.1361805 0.91124743 1.1410073 1.5261447 1.1457747 0.8425553 1.0155998
0.6309306 0.44812492 1.0080117 1.5614344 0.5497559 1.7650144 0.72318864 1.130495 0.6163994 1.2705325
0.83648765 0.76874477 0.74158764 1.1333112 1.2936246 1.0106565 0.8769209 0.5233733 0.98306644 1.3245598
1.2515459 0.87949073 1.1723862 1.4044086 0.76353633 0.80715156 1.1717051 1.0914814 1.1624609 0.7665619
0.9996345 0.8613603 0.7908907 1.271909 0.7725409 1.7614518 0.25886607 0.9701981 0.7072227 1.5781066
0.8642884 0.8372573 1.17102 1.0826534 1.0464491 1.1421231 0.39104745 1.1422442 0.9323294 0.915426
0.96190256 0.79736084 0.9573051 0.6813634 0.78685844 1.0316765 0.7847768 1.2654291 1.2767067 1.0498759
0.96894664 0.51953405 1.2243398 1.1999592 1.2533175 1.2852881 0.55002874 0.49322334 1.4734565 0.8555485
1.209766 0.5846915 0.21834774 0.61876476 0.82617366 0.23340942 1.2687682 1.0159391 0.5404034 1.1975155
1.0688208 1.0055857 1.3664418 1.4663306 0.4572137 0.4225899 1.4880334 1.1902621 0.82142144 1.1462303
1.432405 0.8623755 1.070373 0.6910445 0.412075 1.2979459 0.80243665 0.66608846 1.0778948 1.4037446
0.6017921 1.0047065 0.57424545 0.8753845 1.4255118 0.872757 0.23858589 0.7847587 0.9320988 0.8395773
1.0399361 1.3199148 1.0599997 0.9717783 0.9679629 0.9486695 1.0958948 1.429027 0.2100826 0.84253144
1.1051624 1.1003367 1.4977292 1.2361494 0.70998806 1.2138278 1.108785 0.967052 0.83850026 1.0697775
0.54388744 -0.03818792 1.4328973 0.6535939 0.38969758 0.46887022 0.47824788 0.66637975 0.79550844 1.0601825
0.1203958 0.61454463 1.4219112 1.8667945 0.9466748 0.8370596 0.83226013 0.936427 0.5246848 1.0437175
1.1893717 1.0795527 1.1304846 1.3246468 1.0728505 1.0312186 1.0883826 0.8412595 1.1181765 1.1280876
1.0905491 1.1274912 1.2663461 1.0367115 1.0795046 0.83577377 1.0927179 0.86841697 1.3769609 0.9101644
0.9878918 0.9963694 1.0986221 0.6896287 0.4539629 0.6335788 0.9967715 1.7824599 0.7081513 0.5621456
0.98100066 0.91358787 0.76827675 0.8209844 1.1975256 0.3528976 0.7450812 1.0226583 0.8446633 -0.06274741
1.2601316 0.81387436 0.97860104 0.9960407 0.97810155 1.4562535 1.1106005 0.9418351 1.3520325 0.9318903
0.269676 0.17628895 0.06503537 0.29427987 0.22157149 0.014218481 0.17665865 0.19908442 -0.10233447 0.12495072
0.8526447 0.8565042 0.9576077 1.1740131 0.9908995 0.8077221 0.89443296 0.16331536 0.66105074 0.7444859
1.1551926 0.68249923 1.0898703 0.93652946 1.0445288 1.1587808 1.6710833 1.1389375 0.72714835 0.89336526
1.2198219 1.055575 0.99 1.2144549 0.9963156 1.1807038 1.1505629 0.9704835 0.8461237 1.2953533
0.85387224 1.056439 1.055901 1.6288824 1.0517153 1.1619955 1.182521 1.0633359 0.8081351 0.601474
0.7578782 0.4756465 1.2674073 1.0745442 0.24059105 1.4647166 1.6546035 0.908594 1.0929307 0.4879657
0.6731176 0.38789302 0.7681403 0.5141781 1.0167184 0.5620691 0.9619456 0.8379307 0.3252543 1.0676506
1.3084623 1.0647935 0.9893837 0.49799934 1.1105055 0.9973326 0.8612884 0.50898856 1.2739716 0.9316895
1.0538473 0.8085238 0.8390511 1.5312566 1.2913393 1.3125472 1.1272682 0.9686107 0.8361791 0.77441126
0.33225355 0.02533044 -0.012224742 0.34132445 0.17718138 0.43516958 0.2560642 -0.15342563 -0.009882621 0.04101992
0.96819365 0.7659307 0.82233316 0.5043436 0.82292384 0.7314076 1.6323597 1.2986312 1.0377151 1.2434019
0.72700834 0.60803664 1.0991358 0.94485265 0.8889332 0.7867065 1.0808542 1.1798286 0.5954456 0.26400107
0.31486058 0.4325337 0.70242006 1.030601 0.76064885 1.2904155 0.9152706 -0.010511037 0.67371565 1.23248
0.6762449 0.7997157 1.0458719 0.87758756 1.2232894 1.0582787 1.1480849 0.5553003 1.0534586 0.6199546
1.0440316 0.69506145 0.796119 1.1452103 0.6966864 1.3211915 1.086467 1.4575999 0.7777816 1.1009605
1.0846574 1.3361489 1.1354556 1.3873094 1.3052026 0.7673682 0.09205543 0.7795832 0.84942037 0.66912496
1.1536287 0.58879197 0.9530515 1.7788604 0.9623477 1.0837076 1.2378173 0.93314546 0.89446265 0.735774
-0.022343295 1.5334134 0.87843263 1.3233162 0.7003149 1.0363588 0.7697243 0.5015169 1.0622693 1.0040663
1.1801319 0.77193743 -0.13528058 0.8808962 0.78249884 0.932715 0.92359877 0.23973006 0.97230524 0.5727301
0.75595737 1.3444697 0.9576859 0.67926383 1.4186189 0.7504764 -0.06039024 0.5592432 0.85234654 0.76425713
1.1224468 0.9625846 0.8478151 0.97344345 1.1745245 0.85669297 0.758016 1.3844137 1.2084419 1.223953
0.9263029 1.2590103 0.89405376 1.0791385 1.0090623 1.1124133 0.81954753 0.92453367 0.42281023 1.0779831
0.60673124 0.90776736 0.9719296 0.99484503 0.92009926 1.0939529 0.5206947 0.34200978 1.235443 0.8601018
0.8742305 1.5180324 0.65959835 1.2567178 1.1759672 0.93673825 0.7586384 1.3422433 1.1719824 0.6965086
1.4811869 0.87649953 1.0808729 1.0218712 1.1721326 0.8565109 1.4264612 0.8463588 0.49253258 0.89114255
1.3777952 1.1416404 0.8408179 1.3526933 1.0766312 1.1678026 1.0048695 1.1315513 0.6222955 0.92837065
1.0185472 0.9814764 0.7377697 0.6584101 0.9470626 1.3876289 0.9131689 0.9742078 1.1134975 1.3930899
0.47100443 0.7966712 1.3150277 0.58160967 1.1071033 1.1649816 0.5862187 1.097371 1.0150151 1.0260684
1.06111 1.1050255 0.2401805 0.6728926 0.99714786 1.1880164 0.74291474 0.25971857 1.0418643 0.62673885
1.2202777 0.6926152 -0.06862487 1.1421736 0.6801508 1.210597 1.0690023 0.6370433 0.89508176 0.8031575
1.1975582 1.374631 1.074128 1.126343 0.9021678 1.3075026 0.8745879 0.9031134 0.85797286 0.78116095
0.95933133 0.9065881 1.003007 0.8477225 1.7598614 0.65217507 0.22643477 1.4123124 0.9186832 0.5415333
1.1700256 0.6815039 0.9830031 0.90463847 0.35807756 1.0094757 1.3413467 1.2159663 0.47415045 0.28610706
0.8119669 0.7669085 0.5193436 0.3723854 0.9386489 0.7754674 1.0447619 1.3600854 1.21318 1.2067696
0.92032677 0.28666356 0.3093612 1.1173563 0.828994 1.4588522 1.1880666 0.8265006 0.59510577 0.69412476
0.9423215 1.2964547 1.0697281 0.9684303 0.92714924 1.0730792 0.8204604 0.6610788 1.3764331 0.8570263
1.3744639 0.6522653 0.9041899 1.0337281 0.35926062 0.7922979 0.8811327 2.0024986 0.66685015 0.667263
0.094879165 0.99019295 0.6921619 0.7919037 0.63721377 0.75687313 0.5760537 0.9029593 1.013231 1.2333925
1.0441586 0.8269978 0.77318686 0.93129027 0.64782363 1.5221212 1.044044 0.34637913 1.6326764 1.2631062
1.1619737 0.95053416 0.4196152 0.7502955 0.27349246 0.8639877 1.3038433 0.5826067 0.43444178 1.3331861
0.06377795 0.24355407 0.069398865 0.17681512 0.0065719364 0.1560673 0.33315468 0.15646999 0.07055562 0.121301025
0.8812911 0.975528 1.2207085 1.0322878 0.90453374 1.1643729 0.9935053 1.3574888 0.9859586 1.167671
1.2663571 0.68664765 1.1219163 1.0361307 0.9354523 0.96312654 1.0595382 0.9386868 1.2096924 0.88252544
0.85766774 0.91517544 1.2684975 0.45153934 1.1456325 1.0189989 0.9354522 0.5209088 0.2806865 0.99038184
0.8293506 1.0652801 0.9525901 1.4269717 0.9554674 1.0181863 1.1005672 0.74247855 1.2296494 0.9754799
1.0722224 1.1933713 0.9114386 1.0262047 1.3593998 0.82450104 1.1958743 1.309366 0.7635635 0.93790597
0.70236796 0.60772353 0.6788538 1.2975718 1.389882 0.36758733 1.1744156 1.0477647 0.17702894 1.3077844
1.2716215 1.0256547 0.14971538 0.5276424 0.8304867 0.30758342 0.7878595 0.7783063 0.72562456 0.6226709
1.2085706 0.56566286 0.39377436 1.3579354 1.2215799 1.3123424 0.77848816 1.0921655 0.91579866 1.0743297
0.786373 1.2434098 1.0405612 0.867564 1.3062457 1.0799983 1.486323 1.1371562 1.1890817 0.63842386
1.2988056 0.9039213 1.0471591 1.2364099 1.2082189 0.9708691 1.2421569 0.81358534 0.75184876 0.9117334
1.1972109 0.7316921 1.0236394 1.4792917 1.1326879 1.26043 1.1981299 1.0114678 0.90251094 0.9849738
1.3069195 0.86467606 0.48773995 0.8944913 0.5573984 0.57946014 1.0339994 0.7451208 0.59141254 0.73856026
0.99763983 0.6169129 1.1147223 0.8005712 0.684664 1.7063857 0.7461609 0.7145431 1.1928561 1.0391778
0.6825454 0.6339335 0.7547958 1.0786107 1.3578216 0.78439426 1.4101292 0.91413933 0.9350933 1.5378566
0.61331344 0.74862486 1.1556482 0.7393413 1.3195904 0.7496955 0.7274039 1.2086275 0.9826874 0.75086063
0.45054665 1.0121624 0.59976274 1.2857252 1.5245265 1.46862 0.6955931 0.20252265 0.26174873 0.4365256
1.0691686 1.3703429 0.9927674 1.0327252 1.012903 0.9432208 1.0127584 1.2312452 1.0992742 1.0039293
1.0529286 0.45846313 1.0657154 0.88424796 0.77049524 1.0705388 1.0317227 1.3114451 1.4629711 0.6926908
0.71874565 1.1351153 0.66731703 1.3678925 0.51786673 0.7806035 1.2065305 0.7347687 1.0664738 1.2136974
1.1795467 0.6809098 0.8112225 1.1681807 1.165533 0.9611308 0.77694947 1.1271304 1.3386933 1.3182242
1.1693628 0.62772036 1.3723919 1.2775557 1.1679809 0.9293413 1.0539238 0.86136055 0.89801025 0.72111386
0.9499001 1.6108682 0.70113087 0.9511732 1.282844 1.0194398 0.6585537 0.5411331 0.6416479 0.41292432
0.7190535 0.84175503 0.99107295 0.21053816 0.74227315 0.37951535 0.95576864 1.5163156 0.582696 0.6040992
1.0798644 0.32557023 0.21862628 1.3478875 0.30009103 1.145915 0.47492227 1.4102372 0.48270142 1.0191739
0.91655487 1.3186828 1.0214623 0.9570964 1.1695993 1.1013532 0.98083216 1.1913863 1.1065832 1.1360533
0.6683591 0.8840937 0.8098909 0.942131 1.3624471 1.4571335 0.8544119 0.7601854 0.86355054 1.1200087
0.9142776 0.7080934 0.73316413 1.1585333 1.3368142 1.2504812 0.87252235 0.88952005 0.9452873 1.1169921
0.80054563 0.6642012 1.1432557 1.5002425 0.819002 1.2640355 0.7100706 0.6809809 1.2726545 0.6938332
1.1773654 0.9433551 1.2326096 1.0126886 1.1219517 0.98559064 1.1318405 1.2092319 1.0184665 0.8297655
1.5109583 1.0527055 1.2379782 0.80341387 0.7727406 1.0342286 1.1777762 0.95864016 0.864748 0.46781227
0.81263316 0.53729033 1.4355284 1.1617382 0.32365543 0.8202064 0.34577963 0.5317435 0.60710675 0.58842397
0.95003456 1.0671536 0.53628033 1.0123333 0.94228035 1.4559846 1.2613653 0.76910007 1.470958 0.95530814
1.2498674 1.502128 0.94564486 0.1991106 0.6395542 1.1518598 0.8868968 0.6022083 0.6558688 0.886176
1.2239658 1.4231073 0.66979796 1.6598446 0.013625561 1.427039 0.53713304 1.1286131 0.5354868 0.6984584
0.11624162 1.5435628 0.9918459 0.8283075 0.3321128 0.21515684 0.71334606 0.9269816 0.99835795 0.90734327
0.3633991 0.9091614 1.1233206 0.54854316 0.7824048 1.0015036 0.9401959 0.99553806 0.2358658 0.66833913
0.9862533 0.90154165 0.88863415 1.0840439 1.1365672 1.2127242 1.8581454 0.90822953 0.47873464 0.9365334
1.3405383 0.8445844 0.3699317 1.0329725 1.2029568 0.91637284 1.1330721 1.3820391 0.93176866 1.1055697
0.7433639 1.4227847 1.0661626 1.2956599 0.5603015 0.9622544 1.4842597 1.1506662 0.57824504 0.33708322
0.4989278 1.0170627 0.92386264 1.0887576 0.8715993 1.2499465 0.81574553 1.1751554 0.9773209 1.0687376
1.2460802 1.4147792 1.1483247 1.4180682 0.8944378 0.9837334 1.005062 0.5194515 0.936275 0.9804212
1.3159049 0.8792327 0.66795856 0.7904432 1.3771899 1.6565291 0.7805364 0.92616606 0.44693065 0.77231187
1.2582182 0.37204683 0.8513232 1.0708276 1.469656 0.6219517 0.6122201 1.3404591 0.5280276 0.16050495
0.2763476 0.017769154 0.0768479 0.22883269 0.118415676 0.12912889 0.11994459 -0.08791175 0.28462082 0.15961412
0.9145943 0.8930624 0.9238051 1.5365083 0.023847098 1.056331 1.2922035 0.50052047 0.9838344 0.68879014
1.336829 1.0041243 1.0951225 1.3096312 0.63705945 0.8696306 0.81005305 0.94879884 1.4311532 1.006632
1.0960404 0.94326866 0.9335328 1.1565638 1.2873719 1.2224525 1.3111532 1.21841 0.77857023 0.5820749
0.11618184 0.1774063 0.0030461347 -0.035884187 0.2634314 0.35183424 0.028168278 0.36222735 0.18993013 -0.021586219
0.5868322 1.14367 0.48042926 0.9664505 1.2039732 0.9306147 1.2149646 0.7345305 1.3906919 0.8619411
0.91020656 1.1063318 1.1261432 0.7003106 0.51220185 1.6235894 0.52349913 0.079018764 0.37370944 1.4649757
0.8312024 0.7393406 1.1550862 1.2478073 0.67548776 0.3476405 0.66345173 0.829933 1.1268216 0.9390658
1.2385108 1.1191401 1.176173 0.99924463 0.7769392 1.12405 1.0373533 0.44114232 0.8016456 0.9310469
1.0549687 0.9888041 1.0585676 0.8760302 1.501539 1.0944937 0.7886677 1.051425 1.3231194 1.1335645
1.6114018 0.62378764 0.774531 1.3005309 1.0689816 0.6797627 0.27721328 1.0621096 0.2614933 0.67570364
0.80771273 0.62176996 0.55912024 1.5173998 1.1262398 0.72603095 1.143827 0.95994914 1.3012375 1.2376878
0.1274133 0.5369396 0.819718 -0.054930307 0.79734045 0.063006446 0.8214794 0.54179144 0.5942238 0.12922545
1.3898889 1.4592185 1.1855657 1.1236513 0.9015437 0.79661137 1.0220354 0.73228425 1.0541303 1.0524193
1.1561034 0.34778512 1.0360187 1.387056 1.2980781 1.3538924 0.76508677 1.0937918 0.49738157 1.3811804
1.2699311 0.9708446 1.245776 1.1819968 0.955458 1.0512457 0.96081203 0.5267494 0.6987836 1.5497111
0.93656653 1.081691 1.2345486 1.022896 1.1185055 1.1967219 1.147116 1.0509397 0.90331286 0.9648107
1.1133649 0.9129431 1.2525774 0.6257906 0.8203385 1.1395208 1.1313363 0.96118844 1.053526 0.88145185
0.8388166 0.9995861 1.1946479 1.1569899 1.2709886 1.3177137 0.8134894 0.64602166 1.0312246 0.72893053
1.1926509 1.1929336 1.1162567 1.0119014 0.85645926 1.1282347 0.95856804 0.98323405 1.0493048 0.96083903
1.3144485 1.2517561 1.1315897 0.73542655 0.8028111 1.018733 1.0557358 0.66899526 1.1728599 1.1835765
0.9775694 1.2980485 0.5257234 0.0006421267 0.55883276 0.4554617 0.77431893 0.43850988 0.9383543 0.844753
0.9932809 1.0402478 1.1180652 0.7314611 1.3923612 0.87509024 1.3256989 0.81518936 1.0591044 0.15763995
0.4643163 0.7962827 0.9872585 1.2186832 0.5714405 0.886258 1.1585995 0.52227616 1.3279572 0.7097577
1.0986646 0.91081405 0.79391706 1.4592978 0.92393774 1.0928675 1.3381395 0.84464955 1.0232557 1.1560565
1.0541167 1.2382654 1.3979477 0.7071443 0.9594937 1.0474982 1.2478136 1.1004293 1.0462897 1.0918525
1.0958933 0.9748433 1.4046074 0.55333024 1.1831114 0.7014566 1.0086795 0.77091545 0.6733027 1.8758609
1.0314741 0.9541768 1.0510454 1.3731791 0.94670856 1.0437326 1.1889325 0.93822753 1.1353548 1.1141565
0.58688504 0.85532075 0.7564642 0.5816539 0.71028787 1.2736498 1.2460688 1.1774325 1.4637028 1.1620649
1.1846225 0.6064452 0.8452718 0.61755455 1.3032035 0.84041643 0.66604733 1.1517012 0.7126511 0.30988058
1.5152333 0.53690827 1.2932596 0.9187651 0.31686234 0.63524157 1.4164945 0.7024568 1.3259208 0.9632246
0.8099618 0.24558876 1.0200984 0.28954178 0.73987967 0.86213905 0.43139154 1.3137366 0.78671384 0.855714
0.91234505 0.8665993 1.0024743 0.9445247 0.89637804 0.7052756 0.38325715 0.6928991 0.79956406 0.8707164
0.6934403 1.1162292 1.3847132 1.1217551 1.3299378 1.0936126 0.9577871 0.94877326 1.0786992 1.0456281
1.1529444 1.5205067 0.58955216 0.96403366 0.4418425 1.0007048 1.0736974 0.60914004 1.0597374 0.59618384
0.9499822 0.79602987 1.167102 0.2726334 1.3078716 1.3223042 1.3328555 0.8064671 0.96361643 0.59806865
1.2163894 0.91734177 1.0018989 1.0600221 1.0315455 0.6168012 0.84902686 0.87830305 1.0763412 1.0684416
0.8944655 0.6887713 0.3894786 1.0158172 1.4032836 0.84126455 1.0181768 0.89005595 0.649813 0.63029087
1.3295616 0.7213712 0.4571896 1.0938097 0.5303626 0.7477992 1.3705655 1.1205817 1.2915244 0.88431156
0.8841053 0.18734556 1.005321 1.3619487 1.1224941 1.2891707 1.5099388 0.6167663 1.1502403 0.68827194
0.49859095 1.5125269 0.5428156 1.1901122 1.6656834 0.5340593 0.9507152 0.7269017 0.46815354 0.6853441
0.7341611 0.636033 1.0903273 0.92986023 1.4185759 1.3380065 1.3218142 0.77366894 1.1105558 0.58477575
0.7415817 0.7957618 1.0658536 0.5221225 0.20678659 0.27490312 1.151996 0.7960155 0.36354682 1.0562845
0.93541855 1.0573953 1.2430987 1.1983505 1.0729922 1.6251433 0.7622823 0.52981055 0.93976605 1.1433263
0.89905274 0.88732225 0.7260261 1.1714686 1.3336856 0.93165183 1.0695909 1.2653258 1.1803904 1.2040114
1.0577315 0.76432836 1.0405426 1.0350829 1.1713228 0.84922063 1.0182858 1.3463084 1.0839177 1.3561491
1.4798685 0.89352953 0.82693714 1.3658246 0.86556166 0.5835627 0.49330142 0.6511189 0.916232 0.22881877
1.029039 0.79018486 0.85538507 0.40193883 -0.18656799 1.3651702 0.33879766 1.1552018 0.90191925 0.8628277
0.13701144 0.1885861 0.14790633 -0.0073888316 0.2883039 -0.051085174 0.32616323 0.30480966 0.012948278 0.051942226
1.3493403 1.1854991 1.2493788 1.3078891 0.9763556 0.58394206 1.0004842 1.039641 1.1454289 0.8649653
0.7253197 1.1730328 1.7270603 0.27119312 0.95799017 1.1383905 0.7482726 0.23869433 1.251505 0.52130187
0.840883 1.2116582 0.70160097 0.93054676 1.2634152 0.49651927 0.9344308 -0.17847808 -0.23003562 1.2320462
0.71712434 0.3636993 1.3863467 1.3127313 0.61306095 0.49453682 0.6077857 0.65717447 0.8012536 1.2133301
1.4092441 1.1104094 0.9987584 0.5493304 0.9335361 0.9810777 1.1518743 1.0953202 0.8104242 1.0023309
1.0787538 0.7936025 0.768758 1.6718545 1.0420591 0.84070325 0.599991 1.0565464 0.47453725 1.0582752
1.118842 0.860431 0.9332729 1.2031211 1.0104696 0.7373662 0.40331188 1.0725274 1.3181076 0.6686311
1.0482216 1.5411546 1.2113177 1.0894059 1.1018009 1.2172949 0.9169182 0.8090315 0.7686279 0.6192936
0.85393816 0.6339635 0.76186234 0.6699736 0.7936726 1.1486725 1.4729663 0.8046411 0.9707424 -0.031962324
0.9768956 1.3629899 0.42828745 0.867806 1.0612417 0.781966 1.5254034 0.6168563 0.67359644 0.6163981
0.19315171 0.24332538 0.13804144 0.17068192 0.111910924 0.23516947 0.18932793 0.046521563 0.08337207 0.0069476706
1.547774 1.6277246 0.3327125 1.2333572 0.2210178 1.1008784 0.1873858 0.9608019 0.71625876 0.7429928
1.0232519 1.6457312 1.2676262 1.3288267 0.82807386 0.8238227 0.98144394 0.8981304 1.0332016 0.74963635
0.8299371 0.9888373 1.4020916 1.0921711 0.1838056 0.94361675 1.2874967 0.8208682 0.8690518 1.1807945
1.184046 0.77858514 1.2288622 1.1606358 1.0582168 1.1071892 1.0071622 1.1053761 0.8725882 0.99804926
1.0773094 1.0813856 1.3264632 1.1611632 0.4742143 1.0336996 0.7469859 0.8963535 0.67859554 0.8267698
0.192151 0.27526373 -0.038147587 0.2304475 0.07928862 0.07288584 0.21885358 0.33662552 -0.05009489 0.10672456
0.41779047 1.1615639 1.133465 1.137524 1.3871446 0.7966355 0.78548914 1.1610898 1.2250117 0.58082455
0.016721044 0.38248676 1.7380674 1.0569111 1.1527193 1.4213156 0.6907662 1.0046653 0.88608086 0.5905643
0.82183135 0.37647748 1.1632407 0.22455129 1.0503728 1.6013411 0.8392869 0.57473356 1.087071 0.33310592
0.6144618 1.4690701 0.9449088 0.44420904 0.3622573 0.7325424 1.0593871 1.1786387 0.6688525 0.73177093
1.3562645 1.262893 1.0580577 1.6470549 0.60281557 0.220793 0.5264216 0.717387 0.9344442 1.0296724
0.79246944 0.43092307 1.4260257 1.1145791 0.69290006 0.44257557 1.0383567 1.1340164 0.60450417 -0.37648487
0.725755 1.3845038 0.9749453 1.0949703 0.8036459 0.73383766 1.1215663 0.88738257 0.8731032 1.5331417
0.9276773 0.73284554 1.1587337 0.56200147 1.2692463 0.6264361 1.3590169 0.43932882 0.71853113 1.4165868
-0.19035354 0.964381 0.98286873 1.644032 0.7370857 0.48177665 1.537852 1.206907 0.9387992 0.6677089
0.954256 1.141936 1.2782836 0.9379408 1.1006603 1.2479557 1.1487246 0.93003374 0.73462665 1.3395798
0.54888755 0.99307215 0.6881488 1.1621869 0.6630582 0.95641416 1.007074 1.2416444 1.0769278 1.2575012
1.099584 0.8269254 1.0585061 0.98797625 1.1469978 0.36582744 1.3690679 0.9694101 0.8566925 0.90788037
0.17546435 0.40911195 0.117637485 0.36397162 -0.10618265 0.15926771 -0.016049271 0.12200606 0.019524343 0.17760576
0.8596781 1.3126924 1.4914292 1.0758258 1.3867718 1.1105503 0.50225747 0.48820457 0.8452732 0.937542
0.88298386 1.5114776 1.1831812 1.1887059 0.39094508 1.393965 0.7602369 1.3070233 0.6353305 0.6359723
1.2614121 0.3994152 0.44138685 0.60969484 0.98767227 0.7877362 1.3199147 1.5150276 1.0914476 1.1818771
1.1770732 0.99805236 0.9058084 1.3357726 1.3310134 0.7842216 1.0363449 1.0035361 1.0860842 1.1754872
1.1501756 0.7644657 1.0246695 1.0409949 1.1430743 1.2390308 0.63042 1.0403216 1.2716696 1.0462954
0.6272874 1.5820539 1.3772899 0.87961173 0.51406705 0.6864825 1.3387048 0.79904413 0.7431175 0.55696976
0.70870847 0.6256247 0.5916115 0.6939723 0.7216313 0.8465537 0.8671482 0.93984115 0.59535664 0.7684706
0.67767316 0.94949037 0.9093494 1.379441 1.2877839 1.1389034 0.99832624 1.0840496 1.0509654 0.8359625
1.0501121 0.99955106 0.8249549 1.3956234 0.70343316 1.5620726 1.0568382 1.4130168 0.7721125 0.5216988
1.0315105 -0.063248105 0.65058833 1.0406301 1.091277 0.33188853 0.24487986 0.7605569 0.5820822 0.62179
1.0687739 1.2710673 0.9624012 1.3708254 1.2042594 1.0659533 0.958415 0.7267309 1.2266904 0.7453366
0.58031523 0.61719257 -0.1906752 0.846098 0.6953267 0.5795457 0.64043796 0.889817 0.8705929 1.1690364
1.2871622 0.9174038 0.9571516 1.4243689 0.97507876 0.8165762 0.38030407 0.8374567 1.2492076 1.0602763
1.0846983 0.912665 1.1616601 0.7638033 1.3861518 1.1475853 0.8506178 1.1612304 0.5921835 1.1842937
0.39867797 1.4273857 1.0387601 1.468256 1.0684983 1.4952629 0.46676254 0.8591065 1.0176219 0.9255102
1.0194616 1.1711392 1.3130121 1.398858 0.7426526 1.0466505 1.0599605 0.8409027 0.64434826 0.86141574
1.250316 1.2401447 0.89442825 1.089629 0.9836431 1.3040463 1.131955 1.0829341 0.8658413 1.180664
1.0117536 0.8839737 0.9012833 1.1314765 0.94791365 1.2723317 1.3146626 0.7143596 0.71041566 1.5670995
0.9769793 0.67486453 1.1913035 1.2270486 0.90221184 1.1317189 0.575814 1.3260939 0.96180165 1.4997215
1.4089881 0.41055113 0.89526486 0.6878595 0.7649577 0.81071514 1.0038909 0.4713207 0.9075539 1.4123359
1.2190211 1.1239886 0.59724045 0.55183166 0.5611023 -0.026331587 0.78498745 0.10922479 0.6455069 0.7785678
1.3559643 1.2418727 1.2183605 1.0365988 1.2917765 0.7425688 0.93730116 0.6972126 1.0694348 0.7795122
0.9777159 1.3373605 0.68333906 0.95260066 1.5281099 0.85066813 0.48897597 1.1886716 0.88684666 0.9743221
0.47323167 0.6972236 0.9633134 1.3137228 0.49282873 0.85572606 1.0941949 0.7759784 0.8457448 1.2361056
0.4635893 0.63497674 0.7373156 0.7533312 0.85303414 2.1244814 1.4701089 -0.038572982 0.98980254 1.2271088
1.0131592 0.1920889 1.0491328 1.1160017 0.66551036 0.60701346 0.8369781 1.0537323 1.2578325 1.130956
1.2058983 0.96880215 1.0748656 1.1333481 1.3118149 0.9018095 1.0393987 1.2287569 0.8193239 1.0065632
0.34743428 1.1291127 0.8253215 0.7041933 0.85215783 0.91195434 1.2799962 1.3121338 1.6535467 1.0385705
1.2493628 0.66271764 1.3677701 1.1942043 1.037477 1.0617126 0.9714597 1.2706798 0.64487284 1.126177
0.75519514 0.7636577 0.85151565 0.90965134 0.6987023 0.6812727 0.81799746 0.9371608 0.6586596 0.57843894
0.7582366 0.6372847 0.9313625 0.5064985 1.4131 1.6927404 0.29878488 0.9080967 0.6298584 0.45237264
0.94630295 1.1480598 1.3393542 1.2561804 0.9325338 1.2495754 1.1157912 0.9376401 1.0612587 0.8671453
1.1446203 0.35226163 0.86636174 1.0026878 0.24271001 0.87326545 1.1612512 0.5119493 1.0548323 0.1887391
1.0985304 0.80245286 1.1562877 0.62589955 0.9301292 0.9921057 1.2500983 1.1490805 1.4358262 0.57286215
