0.3344074 1.118717 0.45994973 1.0336229 1.001476 0.24252468 1.0825564 0.37176707 0.64212126 0.21978486 0.27887708 0.51615703 0.33108345 0.8453199 0.28672785 0.6466488 0.39217487 0.6161651 0.30401734 0.74968225
0.81429607 0.16867138 0.27683115 0.5487927 0.07146019 0.59847605 0.95092183 0.61897284 0.35879844 0.17687558 0.23098372 0.23973542 0.46270266 0.549279 0.13116722 0.82033545 0.3251558 0.38889906 0.56602156 0.27326196
-0.007512548 0.520401 0.20235902 0.06869748 0.9036987 0.8813459 0.18271317 0.5977421 0.69532377 0.30751365 0.84463626 0.060906112 0.08856643 0.1205092 -0.044003207 0.10856478 0.3491698 0.12298629 0.45784616 0.6889642
0.10970803 0.16178404 0.90669054 0.18821405 0.5752874 0.86204743 0.83995545 0.25307152 0.51847804 0.36861938 0.4926388 0.9644617 0.37690118 0.95527273 0.68933356 0.7944739 0.5205527 0.08328552 0.77848905 0.955423
0.7608406 0.93335927 0.13638964 1.0344018 0.7961538 0.8863898 0.39317617 0.70942605 0.7783357 0.88602525 0.26422012 0.29020992 0.4447098 0.18844762 0.19767521 0.14905341 0.6081714 0.9718852 0.54868025 0.426042
0.81037456 0.35973 1.0202429 0.12539792 0.60947484 1.0165814 0.63839996 0.75371563 0.14716284 0.6095442 0.916114 0.6071831 0.12312578 0.2717144 0.23750417 1.0094522 0.6173936 0.1775485 0.4402441 0.96563643
-0.044514418 0.067877755 0.5058308 0.7231554 0.60804933 0.7204656 -0.042443648 0.13117838 0.52924585 0.41592556 0.7986258 0.63582647 0.39612344 0.10686199 0.6886468 0.6689513 0.53918046 -0.1438979 0.67164093 0.7793149
0.5282066 0.57511556 0.6025959 0.31797343 0.48951623 0.100876644 0.33536336 0.22373675 0.7967721 0.4645026 0.01023644 0.4462689 0.9563227 0.46602708 0.21882986 0.07715571 0.5888921 0.52116245 0.1183287 0.9525525
0.77147186 0.31529668 0.38543534 0.14929055 0.30269873 0.84199756 0.6608436 0.13859117 0.47115713 0.6928186 0.5663326 0.48679295 0.5398889 0.5961317 0.65223485 0.17014275 0.7113639 0.4843134 0.36300364 0.8044087
0.37620097 0.32796007 0.62950647 0.9620654 0.8656037 0.4877518 0.14551544 0.23669028 0.46372855 0.26477298 0.6699674 0.25325024 0.46666503 0.902594 0.91349345 0.27277368 0.90332234 0.41386852 1.0532686 0.83482975
0.48068815 0.23526806 0.89763904 0.7868435 0.097330526 0.3623067 0.94924617 0.4192264 0.014482978 0.41237006 0.7167498 0.60959893 0.9423645 0.8251206 0.60671294 0.7981839 0.26045832 0.76940197 0.7075716 0.64479446
0.32285354 0.07533466 0.8467991 0.7042072 0.35698992 1.0009117 0.20079643 0.5919359 0.6834809 0.98350126 0.9472609 0.31682515 0.27064657 0.3464576 0.97808474 0.76056105 0.568144 0.84760356 0.21577138 0.5196727
0.45687208 1.0525293 0.5503323 0.94919705 0.33654848 0.66213274 0.44122913 0.4027337 1.0241325 1.0337983 0.30040014 0.75619453 0.74786603 1.165128 0.2603172 0.5542283 0.6100853 0.3237932 0.35038364 0.733611
0.06445003 0.23274608 0.8177987 0.12831579 0.2593695 0.09883022 0.108469255 0.78843313 0.8311061 0.18843116 0.14736031 0.6129102 0.21017322 0.45766565 0.5577626 0.28012308 0.09656889 0.6439175 0.6246551 0.13358423
0.8235759 0.46636897 0.55484474 0.37805793 0.6291498 0.14297472 0.013136182 0.62905645 0.7087764 0.4959526 0.39239937 0.5303206 0.08169039 0.080174685 0.04726666 0.3542715 0.8645757 -0.013849923 0.819919 0.49130923
1.027305 0.14642088 1.0315217 0.6435478 0.59271497 0.78177357 0.24357261 0.31491858 0.9205201 0.6380973 0.4847486 0.5099442 0.65684843 0.9331094 0.7830443 0.80565447 0.36751878 0.5247961 0.9308795 0.42684895
0.32503098 0.5649134 0.36289626 0.6276476 0.50249785 0.81917006 0.8872417 1.0244342 0.90450895 0.34275082 0.96195084 1.0242944 0.6242708 0.18525644 0.21572442 0.29784238 0.7674135 0.7915129 0.67579794 0.8897902
0.3620357 0.75969046 0.883801 0.68380374 0.063023716 0.79537755 0.09608516 0.5094505 0.26788026 0.15416676 0.67256516 0.6926247 0.51597285 0.6945827 0.5958759 0.0102984095 0.67913526 0.84169906 0.2954433 0.579223
0.34486574 0.6911885 0.0807708 0.9495198 0.9318013 0.9311235 0.7804317 0.899164 0.9008704 0.032661583 0.17954504 0.4631309 0.03554679 0.21120754 0.74397767 0.3504553 0.19410168 0.35316053 0.7552074 0.13192613
0.41697925 0.6423701 0.91377836 0.20543842 0.6808202 0.32393768 0.43934143 1.0843214 0.4863464 0.69828975 0.30401435 0.701089 0.5130429 0.8348749 0.5154689 0.6525593 0.25680196 0.22962411 0.831667 0.79294825
0.61459523 0.6308201 0.71749866 0.32938322 0.48939422 0.021410808 0.43115777 0.39293432 0.5518553 0.85724944 0.6180271 0.2584375 0.8452043 0.18138757 0.8127915 0.35295698 0.09990483 0.41148224 0.06425076 0.052082043
0.7749069 0.31487703 0.7021343 0.21045507 0.39704448 0.8398855 0.3852879 0.64016044 0.75836575 0.042388275 0.42774394 0.24361366 0.13054684 0.48500684 0.5685462 0.81404907 0.93973494 0.35799587 0.88457584 0.26375553
0.49294084 0.7657546 0.08385365 0.11525305 0.35742563 0.23028126 0.9737157 0.8665544 0.80629414 0.40179956 0.83164644 0.88607055 0.14717577 0.6453537 0.48152792 0.98282963 0.086675905 0.88288623 0.41857138 0.8897903
0.5536657 0.7164651 0.98623234 0.9335149 0.28690687 0.883043 0.93897754 0.27199537 0.3532251 0.5749791 0.6764187 0.654508 0.57902664 0.4728997 0.79040676 0.29442286 0.12807247 0.46840733 0.25413296 0.76017606
0.82451046 0.20780474 0.29022288 0.62605286 0.7867955 0.24479698 0.8795025 0.71108186 0.20171265 0.27692536 0.2590043 0.6801738 0.5274184 0.18148918 0.691179 0.56272143 0.8626043 0.8348036 0.61413103 0.058518365
