0.5111946 0.73859286 0.18032967 0.16534922 0.52528554 0.74846 0.52316964 0.21593964 0.3762739 0.26137906 0.27569014 0.47849813 0.8464597 0.71163905 0.53986037 -0.050971046 0.10159575 0.63041866 0.31995696 0.6778162
0.7014108 0.41668743 0.036298286 0.051888455 0.09177893 0.4775113 0.38234532 0.46264198 0.32861394 0.10872335 0.053575296 0.84608394 0.8580124 0.6834812 0.6515855 0.17305559 0.41271642 0.7670166 0.6938989 0.47955692
0.67386234 0.38115838 0.5801794 0.14037006 0.44582796 0.25788385 0.72404766 0.92337096 0.20821784 0.44003874 0.2840664 0.8188839 0.38522246 0.18782102 0.63461936 0.37805024 0.9446155 0.57682323 0.59365505 0.4931841
0.4888375 0.36033073 0.84682554 0.24672905 0.74547094 0.08303668 0.6098598 0.00011934942 0.4374064 0.53926176 0.5948278 0.7128867 0.42036366 0.6368854 0.49143398 0.91880226 0.61339647 0.6227348 0.170191 0.53103346
0.18517983 0.23316787 0.55751294 0.4847235 0.39899868 0.17116727 0.8118914 0.5642234 -0.024625469 0.7681237 0.44669122 0.7333247 0.62271225 0.27751592 0.07090209 0.34806913 0.8759941 0.84320176 0.24815479 0.15793978
0.18953255 0.7126517 0.14599507 0.70318544 0.042675246 0.9650965 0.38856655 0.8520522 0.41774088 0.41874057 0.1512278 0.022271493 0.42541498 0.7028595 0.6303528 0.075432844 0.5748127 0.23302773 0.48146078 0.4787483
0.6669305 0.30690783 -0.042031404 0.73999983 -0.025472727 0.56384164 0.65654564 0.3463486 -0.04723355 -0.092168644 0.56324023 0.6292093 -0.15014271 0.56729573 0.56200045 0.6714814 0.59476894 -0.113533616 0.28592533 0.55411714
0.48988485 0.5079474 0.32485008 0.3728358 0.22635958 0.3006902 0.57506186 0.69228494 0.25161898 0.8076053 0.33748728 0.9943874 0.2880737 0.38247138 0.15462439 1.0102172 0.43621516 0.998634 0.11158448 0.8395728
0.32358256 0.6438401 0.52933633 0.56598127 0.74712765 -0.040252317 0.28111288 0.7208296 0.26857755 -0.11576624 0.55786914 0.48176616 0.19647695 0.42967233 0.23648514 0.27838197 0.7897071 0.62720877 0.6797284 0.5023129
0.5284317 0.70942336 0.2328289 0.53294605 0.5325203 0.36178902 0.76261604 0.46573842 0.105879016 0.36092857 0.97317684 0.89237386 0.3863843 0.6850641 0.08996071 0.8756878 0.74513924 0.074811935 0.59131336 0.042949036
0.9796592 0.33294585 0.27045983 0.085758634 0.50636077 0.74948925 0.87288857 0.33022943 0.56349194 0.7302079 0.18758956 0.11703366 0.72370994 0.7911129 0.8254539 0.52409416 0.56877387 0.6733234 0.20293416 0.07807846
0.04326116 0.5883199 0.24146059 0.13218981 0.8179599 0.6681496 0.60170543 0.7513587 0.5519488 0.36658788 0.17265138 0.35205728 0.6290165 0.44236958 -0.069918506 0.6209547 0.775618 0.2525397 0.5787297 -0.030330917
0.8157482 0.34583518 0.48208386 0.41770753 0.7272006 0.59522027 0.1956454 0.07898787 0.71164244 0.9638405 0.19650976 0.22547847 0.7212841 0.13484216 0.5329269 0.029636426 0.00014014341 0.4622178 0.7817832 0.15738353
0.85672295 0.3193483 0.58870643 0.8676155 0.6282977 0.87087274 0.48823467 0.85944617 0.62349176 0.3001157 0.70590734 0.68842757 0.67973477 0.573963 0.04426066 0.81431985 0.63706195 0.18077706 0.47155744 0.11625766
0.013717746 0.20760266 0.63432044 0.7769008 0.12588455 0.29521343 0.7013641 0.74672985 0.5830229 0.2692396 0.43570948 0.15924324 0.7332808 0.41471282 0.5302596 0.035211075 -0.051307224 0.27429083 -0.111073904 0.5922492
0.28497177 0.7111852 0.2536265 0.18048514 0.6277519 1.0532818 0.17246515 0.4404888 0.3159713 0.6649598 0.45378938 0.68632346 0.2289898 0.23849346 0.9730661 0.17230451 0.5944162 0.22333176 0.26722914 0.18453546
0.3026907 0.66017145 0.25378016 0.51850265 0.041782096 0.30050948 0.37321815 0.6757936 0.953939 0.62233317 0.47605172 0.76473314 0.7706167 0.77527887 0.6336744 0.67660403 0.16083495 0.41058975 0.5524301 0.16303101
0.094438195 0.86192626 0.31591287 -0.060191594 0.6517717 0.8024375 0.24274169 0.33089477 0.43990776 0.25380957 0.34691587 0.76702946 0.6211738 0.43600968 0.5047253 0.8207627 0.74421245 0.35521474 0.8623675 0.45495513
0.40980434 0.2288851 0.3281576 0.8031927 0.22111705 0.45094252 1.0344989 0.79295576 0.09897951 0.951709 0.34398016 0.42989424 0.19294828 0.24886993 0.16602068 0.08255777 0.29330596 0.39100906 0.9432141 0.49415752
-0.01771125 0.4839159 0.23904419 0.46134925 0.22760057 0.5335153 0.69401103 0.5040076 0.45621625 0.6045278 0.9082854 0.77422047 0.32413077 0.8034846 0.5320433 0.8696618 0.6075168 0.48198345 -0.039256074 0.6521665
0.28102767 0.070011236 0.7874069 0.14084819 0.0027755988 0.25004113 -0.04312862 0.44245526 0.11787644 0.5444429 -0.0038994506 0.787024 0.24840885 0.58083546 0.7632905 0.52453417 0.57345366 0.7946034 0.3793566 0.24463923
0.3792321 0.49531117 0.67872226 -0.00392008 -0.23146251 0.08657091 0.6914193 0.17299803 -0.13583344 -0.013128724 0.48702943 -0.055112634 0.32420582 0.70591265 0.32984743 0.5658901 0.028602757 0.15452568 0.72206455 0.6769997
0.38311473 0.35745436 0.03445962 0.88828194 0.57934177 0.77889395 0.007214388 0.8216691 0.24656229 0.20518409 0.7366705 -0.0024546036 0.93029124 0.27239588 0.36590782 0.8112951 0.033546254 0.7336783 0.25629663 0.2728675
0.2372764 0.094942406 0.49513453 0.5240939 0.76754355 -0.031203996 0.65953404 0.6728401 0.51074696 0.4114681 0.88751334 -0.052520957 0.70829403 0.051283512 0.24970588 0.4226807 0.002723297 0.21005777 0.16722198 0.06624957
0.7524643 0.9300915 0.68436086 0.44884223 0.7715396 0.9330932 0.83063245 0.2777126 0.44838405 0.38596213 0.30034524 0.5014917 0.19509795 0.9882822 0.9932703 0.22576274 0.45262688 0.88454926 0.7810013 0.90970933
