0.90558434 0.78601694 0.6546593 0.46402723 0.60527515 0.68209714 0.25858447 0.8917518 0.3998102 0.82019544 0.6342598 0.91418993 0.37687007 0.9238909 0.7279026 0.7343003 0.46568286 0.2689406 0.15753059 1.0152398
0.23363699 0.19861473 0.5626718 0.7494048 0.64286685 0.66424835 0.8961026 0.36732242 0.7061117 0.19134584 0.14162643 0.94031984 0.45330924 0.56254625 0.95312524 0.24339311 0.12671179 0.4314436 0.79584014 0.11874271
0.69738966 0.62485117 0.65149033 0.3652114 0.14883164 0.6536345 0.66307926 0.20084311 0.6969155 0.10632069 0.8814616 0.70180535 0.6086189 0.21237645 0.2857195 0.35147935 0.6205117 0.9797184 0.14568742 0.6575525
0.055735003 0.8571423 0.19536309 0.8973785 0.95096785 0.2429057 1.012933 0.36204556 0.5351268 0.26554513 0.8810771 0.29490906 0.9252035 0.7053585 0.32722914 0.08598392 0.57211524 0.41960078 0.8502987 0.97361374
0.079339504 0.51716006 0.15921596 0.3830099 0.56621295 0.9930729 0.43372715 0.5860389 0.8553789 0.4801329 0.31083372 0.8798933 0.09544367 0.13975853 0.59119517 0.58516306 0.5906729 0.16189754 0.16370119 0.13293871
0.8986033 0.6579762 0.43809444 0.7355847 0.4611051 0.653929 0.6840143 0.97344446 0.20035048 0.52861094 0.7335681 0.4346424 0.12547983 0.56801367 0.5045931 0.19109772 0.6606578 0.69184375 0.94380355 0.58895826
0.2866546 0.98915756 0.67943835 0.25754037 0.3633688 0.9435284 0.1515229 0.57509726 0.5048291 0.7656555 0.9522923 0.072583884 0.35876915 0.43469065 0.53657186 0.89977837 0.9557708 1.0348233 0.52263457 0.18681094
0.4148476 0.32466537 0.68895125 0.9910026 0.65108806 0.8403406 0.051928718 0.5208266 0.09782943 0.12029884 0.12373543 0.87666166 0.7009498 0.5918262 0.9811484 0.25795576 0.049368743 0.6406839 0.2243234 0.9266147
0.8826817 0.6965726 0.20920178 0.4048398 0.36517817 0.9096909 0.4225452 0.73887175 0.84385246 0.3133687 0.9185875 0.856886 0.38830575 0.39047056 0.82436216 0.9524245 0.74593675 0.39717716 1.1179675 0.30644813
0.89875805 0.5450585 1.0156941 0.41366148 0.37283227 0.70286524 0.32681817 0.53440994 0.5635887 0.30101264 1.0470847 0.34105557 0.41640463 0.25754896 1.0896822 0.20599188 1.1137854 0.37669364 0.38616115 0.71331996
0.21246558 0.829796 0.4631467 0.9642889 0.63516074 0.49371892 0.90279627 0.6713489 0.9017977 0.33013254 0.80671996 0.15438466 0.14638494 0.20043063 0.25017095 0.2537574 0.64824873 0.51567423 0.55860925 0.1965312
1.0290198 0.49782625 0.2994266 0.75842994 0.42072657 0.47656325 0.64753914 0.86534697 0.8339019 0.9922284 0.48870125 0.7319327 0.66030073 0.27410752 0.21837147 0.099956445 0.22539143 0.09505266 0.75620735 1.0078467
0.2955733 0.81684893 0.3529566 0.30434448 0.39233986 0.19297913 0.3880725 0.89822376 0.8984156 0.22708334 0.14804664 0.21946889 0.6042318 0.45770636 0.5456664 1.0221593 0.7222461 0.8031081 0.5952718 0.088107586
0.18120335 0.6256814 0.36805946 0.186402 0.5157515 0.25948134 0.61164266 0.8386465 0.76078206 0.8361898 0.33569434 0.29907447 0.3157797 0.65986955 0.2562436 0.24290866 0.68835914 0.84402156 0.9557697 0.22830118
0.3405482 0.63527167 -0.045624197 0.18338653 0.7186219 0.44417316 0.5030606 0.7941323 0.807862 0.24449784 0.5057008 0.3555982 0.558573 0.2124472 0.641056 0.76105976 0.81456023 -0.03983255 0.20070341 0.045159373
0.5702712 0.88218 0.40726957 0.8041116 0.3468727 0.23647207 0.9355212 0.50322795 1.0113806 0.3929613 0.86463606 0.61052614 0.46136206 0.87720776 0.39820743 0.9811649 0.56142104 0.33912072 1.0375608 0.43467143
0.42994732 0.47463423 0.8577192 0.68470603 0.23769665 0.92427725 0.8350167 1.0052313 0.7402328 0.50738907 0.77232975 0.28366423 0.45909318 0.12829527 0.6786935 0.6039237 0.56334895 0.8139231 0.19585346 0.21885513
0.24231637 0.12175491 0.20205867 0.8534475 0.26624107 0.35575673 0.5083431 0.21284628 0.751887 0.014656965 0.6284194 0.8428804 0.4933581 0.2496102 0.33524087 0.043676734 0.6135217 0.80873036 0.79781926 0.3133755
1.0564407 0.23399082 0.8249909 1.0357498 0.7633367 0.32714215 0.3596774 0.265197 1.0595492 0.26750493 0.6898102 0.2743247 0.47057956 0.2968087 1.0216379 0.27761436 0.90018594 0.36159733 0.65242153 0.37860525
0.025977245 0.96623427 0.21436852 0.41350704 0.60870415 0.6802977 0.7178404 0.30910078 0.71738905 0.7806093 0.5481444 0.75771874 0.43876675 0.7036443 0.83802885 0.73856086 0.17330569 0.0375556 0.18680479 0.22008315
0.52005416 0.12681687 0.2494924 0.6474902 -0.023032414 0.48404106 0.3042898 0.43486005 0.06596435 0.80657333 0.8359454 0.18333519 0.04598253 0.92969346 0.05611671 0.7143064 0.67190427 0.67722833 0.8724403 0.21757008
0.47917184 0.2841848 0.49628672 0.9470801 0.4125852 0.8511524 0.43320242 0.8071564 0.9726511 0.80873984 0.14439552 0.10741142 0.949724 0.68840945 0.9184891 0.027182952 0.69305634 0.04853543 0.43810502 0.83993256
0.69158906 0.41363215 0.59498674 0.9952221 0.9219965 0.59570557 1.080882 0.19530852 0.4285068 0.6175149 0.4949295 0.23440535 0.45272833 0.48152882 1.0644394 0.24718179 0.44770485 0.3653696 0.18484539 0.96104723
0.38488448 0.1973033 0.44388455 0.06887852 0.5135058 0.94743603 0.9480262 0.43423006 0.95675623 0.49943233 0.92750484 0.31573808 0.062218506 0.24875747 0.72123086 0.9321003 0.6328283 0.92409486 0.8703415 0.3801469
0.7939293 0.25102475 0.4493154 0.69135964 0.14763299 0.9285312 0.925516 0.9102451 0.45848858 0.59195775 0.03581165 0.17239943 0.8281661 0.5649585 0.9714029 0.65533376 0.3619188 0.6496247 0.873148 0.07319696
