0.4085514 0.66161567 0.11929045 0.280474 0.27036163 0.6772356 0.15259477 0.69568646 0.8727993 0.13231646 0.71423274 0.09535866 0.12566619 0.15893494 0.85086954 0.31680518 0.46321666 0.7360048 0.2205674 0.6812014
0.7864893 0.17281848 0.17757478 0.1269181 0.00504394 0.38159978 0.07509377 0.47436666 0.37055898 0.41977102 0.32258314 0.34897605 0.70913017 0.80881774 0.87705433 0.512281 0.313835 0.007481919 0.3989897 0.049068235
0.8899707 0.9303441 0.029008374 0.46130872 0.636183 1.0152432 0.6306627 0.30468604 0.061421223 0.23964815 0.77430475 0.5687137 0.12412622 0.71587336 0.35980424 0.2259561 0.9150245 0.1939291 0.30726644 0.8291633
0.08260786 0.8705307 0.65279573 0.3089635 0.8687505 0.61654425 0.43159333 0.13289054 0.7061715 0.8392504 0.34634143 0.6159229 0.61874366 0.8060789 0.8876355 0.8154567 0.5752604 0.013748543 -0.014127538 0.036870435
0.17355531 0.81948364 1.0581523 0.4894733 0.98701185 0.7721674 0.14497031 0.656831 0.35280663 0.26558113 0.22332133 0.6224978 0.41676527 0.75471336 0.58317536 0.7316029 0.8465555 0.6074126 0.703028 0.556747
0.30962938 0.39628097 0.83402795 0.7761579 0.39393896 0.33443952 1.1408265 1.0857726 0.48904738 1.1057374 0.35899332 0.24183153 0.81628925 0.6749577 0.5258184 0.25300953 0.69440156 0.96099406 0.85042006 0.46119505
0.72980726 0.54417694 0.30216262 0.006276804 -0.15565568 0.6028273 0.46624428 0.6611002 0.092836834 0.381805 -0.21539198 0.063979626 0.24324025 0.36760202 0.40111473 0.17000076 0.68939877 -0.045075502 0.23156929 0.27442008
0.056137923 0.63885105 0.5370894 0.6926381 0.1986892 0.16838636 0.41378766 0.6358452 0.32216382 0.3767008 0.57385856 0.40449837 0.80080944 0.5791585 0.34321532 0.12443213 0.6697943 0.22569449 0.6588716 0.040493667
0.91560245 0.40698254 0.15391552 0.39816746 0.30887684 0.6297267 0.42224583 1.0314232 0.8835433 0.65123916 0.8219006 0.36944973 0.77392924 0.24145786 0.9362989 0.20620239 0.18540546 0.16957371 0.265091 0.38383046
0.21664065 0.023155699 0.17121243 0.32621765 0.012830715 0.75018173 0.011523405 0.9245738 0.10247756 0.32712373 0.75267285 0.8781983 0.30989197 0.45517722 0.046404622 0.24772015 0.6650053 0.13591346 0.07766263 0.85086983
0.28818434 1.0296776 0.46161616 0.23757605 1.0087161 0.97337925 0.18546747 0.3208681 0.3599824 0.34103805 0.70649934 0.40386385 1.0460533 0.46067843 0.5296032 0.9840275 0.72089005 0.301682 0.34284297 0.73720086
0.354554 0.8985209 0.50126487 0.94064397 0.39083603 0.8937157 0.18958062 0.4983337 0.17557162 0.2611561 0.306181 1.0172085 0.48883966 0.5680059 0.67939705 0.3470045 0.75933266 0.17831205 0.24365507 0.37471393
0.32588363 0.210411 1.0557748 0.65949476 0.64264655 0.28844762 0.6559084 0.5649905 0.14445816 0.36582294 1.0018171 0.67247796 0.8035017 1.0089009 0.88600403 0.4091489 0.19187798 0.40168402 0.21824625 0.85599273
0.80896777 0.66943264 0.40080842 0.8852842 0.6785288 0.21700294 0.8054665 0.41484126 0.31103015 0.26928976 0.9147379 0.32279155 0.24356079 1.0791519 0.33462238 0.5157118 0.4244656 0.7148356 0.44818822 0.9801304
0.509599 0.5402765 0.9385114 0.7039115 0.66631967 0.60140973 0.9598074 1.0144689 0.2608607 0.76736206 0.33286533 0.5882359 0.27232987 0.74399906 0.53111136 0.37561902 0.31434807 1.0143945 0.2162702 0.16774762
0.4112979 0.13906677 0.884254 0.73656625 0.27045098 0.6519578 0.75227094 0.108200036 0.656144 0.29916117 0.7085715 0.089206375 0.66411364 0.29595387 0.27196145 0.8386286 0.37167817 0.079153955 0.17075032 0.351176
0.8290864 0.48803157 0.2622825 1.0436869 0.22548707 0.6246516 0.7958611 0.59942335 0.1571676 0.2305802 1.0220337 0.4630122 0.14853615 0.6262614 0.16352773 0.998956 0.50916743 1.0840646 0.9786347 0.17517652
0.38337824 0.9007227 0.95992553 0.38787958 0.1678506 0.369844 0.6116007 0.58824754 0.65080225 0.92958415 0.865241 -0.0034443222 0.5470793 0.39860758 0.36534435 0.794747 0.016182676 0.25970542 0.34254807 0.71604663
0.67498845 0.3100677 0.621412 0.3971016 0.5599953 0.8461573 0.999383 0.2612856 0.43180752 0.6468196 1.0458729 0.38363573 0.33097056 0.72830486 0.2806445 0.5087962 0.7432281 0.33576733 0.2905961 0.94993323
0.2854956 0.661695 -0.020078346 -0.07351251 -0.04646431 0.55937934 0.4684945 0.03501166 -0.007589376 -0.15804265 -0.066768765 0.084508926 0.2190964 0.45338687 -0.034441713 0.62333024 0.29802102 0.19629344 0.42484242 0.50034547
0.7981579 0.17134778 0.34139046 0.2576513 0.81793845 1.0216119 0.9656995 0.93269414 0.3576595 0.13471402 0.33691123 0.97691303 0.71235085 0.1362825 0.3843554 0.8856386 0.74607086 0.7939651 0.34028247 0.2605215
0.74026 0.6318416 0.045518663 0.6324229 0.18170209 0.75784373 0.56187516 0.2570356 0.41084042 0.7505615 0.36036098 0.6010055 0.22659889 0.54896176 0.46560332 0.35700265 0.11693684 0.025831211 0.23454547 0.83202183
0.87135017 0.480388 0.5174183 0.23447742 0.64448756 0.9782408 0.15655264 0.60165864 1.0453656 0.41624698 0.95674926 0.54289496 0.81590205 0.54606 0.77278584 0.65756875 0.70659256 0.85397303 0.30237082 0.58998823
0.43850133 0.67619866 0.8094718 0.24719247 1.1293484 0.81345206 0.22556436 0.56402844 0.49149922 0.31124225 0.44208348 0.625166 1.1412603 0.44381166 0.29593483 0.78425217 0.7358108 0.5167367 0.5181281 0.42544642
0.4074254 0.9950879 0.45880136 0.6820209 0.77220356 0.3051046 1.024058 0.5531297 0.45495895 0.8453868 0.7288098 0.5539475 0.42291674 0.42371237 0.24867518 0.86627793 0.79148394 0.6385663 0.06599233 0.21222669
