0.23328482 0.29377523 0.843062 0.2537187 0.2594964 0.5944006 0.8795295 0.70716417 0.7645601 0.23343639 0.83738434 0.40658003 0.28977498 0.3983498 0.87853265 0.20007221 0.38827294 0.5922683 1.0332725 0.25963143
0.6165003 0.37604192 0.56425226 -0.020412738 0.7129835 0.16166937 -0.066719584 0.74452376 0.45669472 0.013457826 0.32985583 0.73447895 0.3641546 0.15395886 0.6283645 -0.074620746 0.70590407 0.5963687 0.88898873 0.76103336
0.6845747 0.4599783 0.2587342 0.20971979 0.7839061 1.0158035 0.74220973 0.5385739 1.0095482 0.5999425 0.5618465 0.25008935 0.6611035 0.67397827 0.22132377 0.6532005 0.6022462 0.6136129 0.6233758 0.22314726
0.74668545 0.7134559 0.69243366 0.56201977 0.5377049 0.67422795 0.49979717 0.17413934 0.32586148 0.72880596 0.72937536 0.8538337 0.6979419 0.101203464 0.75395054 0.34587872 -0.035102837 0.15028758 0.6272652 0.33175313
0.9083712 0.454598 0.24084896 0.91380525 0.2340846 0.96030116 0.822741 0.32814518 0.9661432 0.4105356 0.52539957 0.19242923 0.58954954 0.6957831 0.825106 0.49570343 0.6114548 0.24669357 1.0567744 0.1943314
0.24137278 0.12528259 0.52480763 0.11850772 0.8940236 0.23565862 0.11727355 0.9652141 0.4935578 0.11190829 0.44227335 0.6300671 0.58547795 0.68329245 0.21196972 0.9569924 0.58467865 0.5834604 0.75673896 0.75118124
0.769717 0.7893177 0.085253924 0.54896426 0.5390456 0.2845199 0.6134035 0.025632674 0.48431432 0.27855623 0.5265653 0.24504818 0.40614703 0.2781787 0.084485106 0.5825491 0.55662507 0.3546336 0.76259935 0.2597676
0.7889984 0.5892934 0.84546506 0.44933742 0.7705029 0.71433944 0.7731615 -0.046077527 0.4959124 0.7477302 0.6198726 0.5944831 0.88106024 0.56022996 0.08795014 0.6057108 0.85288876 0.59133536 0.4641762 0.1839665
0.21052982 0.3777666 0.5410174 0.15021959 0.42162794 0.2751512 0.5748252 0.22475143 0.30624458 0.79294896 0.3473391 0.24246293 0.21758032 0.6438113 0.11445116 0.7354466 0.8174841 0.5891621 0.11969435 0.9704751
0.37901172 0.68681854 0.5590319 0.35273775 0.07660439 0.81236184 0.73711866 0.39301008 0.91148764 0.68053144 0.70541716 0.47731242 0.27177158 0.012764238 0.61864793 0.14130466 0.67587334 0.6826912 0.2302391 0.9130826
0.8387065 0.17365056 0.020026835 0.4615523 0.9082536 0.6079447 0.7046282 0.63059014 0.23037533 0.10536693 0.9439444 0.25582436 0.71917677 0.3271932 0.5733934 0.7264786 0.020099292 0.32510477 0.8263285 0.6810499
0.118522815 0.31011572 0.10096822 0.38786203 0.5154472 0.4117394 0.08382338 0.8379773 0.8051659 0.5475124 0.5616282 0.7866281 0.9168011 0.35400754 0.83087844 0.833552 0.40499562 0.38575217 0.68557733 0.30080938
0.9573649 0.74909174 0.60252076 0.29212058 0.3832261 0.058198445 0.9299565 0.7811156 0.6686018 0.24568011 0.44602075 0.20788504 0.25455344 0.7710651 0.4009775 0.9037635 0.8115242 0.93607783 0.5992662 0.56868964
0.15501697 0.13835984 0.77704793 0.22928868 0.9214036 0.3753504 0.5854934 0.22193085 0.12872408 0.045166172 0.48102012 0.5238547 0.8172397 0.21672392 0.06595117 0.857483 0.7015721 0.72024804 0.16710196 0.5931013
0.5229375 0.89732593 0.25180173 0.6827684 0.012979853 0.015468966 0.259662 0.72148687 0.73266226 0.11051543 0.9097949 0.4632269 0.6124131 0.66767293 0.28840756 0.6064218 0.17205651 0.14827666 0.14226142 0.7049991
0.29156217 0.5548496 0.33488655 0.36900952 0.8254133 0.42107582 0.83741486 0.46286243 0.7606301 0.787327 0.90553427 0.9287466 0.72124213 0.6511499 0.9873455 0.2985018 0.62256694 0.25463742 0.41283515 0.26081693
0.7782166 0.5365154 0.8843304 0.39947927 0.8711352 0.90719765 0.26760834 0.5894257 0.09919033 0.5473797 0.09255323 0.3070992 0.7252774 0.4028937 0.48490295 0.07705307 0.63032883 0.93082356 0.85938495 1.0038338
0.68042004 0.53000844 0.81081164 0.62960124 0.574482 0.29175308 0.9270205 0.4454687 0.53968054 0.88833755 0.5428995 0.12864149 0.9594964 0.26704788 0.1700082 0.9581848 0.19133201 0.9869617 0.71225065 0.23953773
-0.018092668 0.6071431 -0.012790283 0.6666867 0.57554007 0.2489222 0.6005242 0.58074033 -0.023889057 -0.075892575 -0.09079127 0.5402859 0.5302107 0.23918118 0.5439963 0.66567016 0.5395516 0.4265054 0.1070357 0.71974003
0.082422346 0.38974878 -0.036411222 0.69829804 0.22046171 0.77529114 0.14576843 0.86820114 0.78879 0.8062197 0.78646165 0.6104023 0.7133564 0.6807077 0.36915678 0.5501703 0.8956157 -0.04111555 0.116518185 0.71940416
0.95145464 0.46499333 0.39373156 0.6416292 0.46030137 0.3028293 0.25889355 0.71980864 0.26613435 0.52734584 0.15138492 0.20931289 0.6027875 0.19802266 0.39878285 0.70207906 0.46432754 0.2249658 0.07347139 0.8547193
0.735062 0.38703367 0.18407613 0.35280073 0.4070682 0.5218839 0.99790424 0.13692848 0.26601243 0.16206144 0.7528895 0.44322798 0.27799436 0.5543077 0.5891529 0.38803986 1.0123078 0.36744586 0.8306794 0.54854476
0.46189258 0.11841555 0.7098599 0.25805655 0.87875795 0.9695483 0.7671545 0.30347896 0.46177655 0.65233624 0.5028423 0.5271051 0.08100996 0.28849322 0.273388 0.5668857 0.64602095 0.44583517 0.45626536 0.8866794
0.48234802 0.0788608 0.002339387 0.5092885 0.70306563 0.2874847 -0.004320369 0.75976306 0.26459846 0.72896695 0.32611886 0.07529975 -0.18012193 0.11547151 0.34439817 0.11783471 0.40137988 0.7058139 0.7303896 0.60327584
0.55706716 0.5661364 0.016527772 -0.1255055 0.30729362 0.17729329 0.23151653 0.623057 0.7863593 0.6440424 0.020071844 0.6780745 0.01335264 -0.054991696 0.3199018 0.49151736 0.057007264 -0.053965215 0.25056762 0.5333142
