0.50277334 0.6920943 0.2435297 0.16936536 0.7193496 0.527521 0.50908035 0.4998696 0.028899843 0.542813 0.42238668 0.17666645 0.15430523 0.61131144 0.51234585 0.5032601 0.19781873 0.618587 0.70264184 0.36807418
0.1656371 0.25470883 0.79926586 0.2789461 0.84739554 0.8868643 0.4830876 0.68710285 0.12766421 0.60563713 0.79931754 0.8652015 0.6391198 0.063479096 0.92362934 0.07218037 0.9562886 0.8789872 0.83698905 0.41842487
0.8217775 0.33986986 0.114267506 0.3861145 0.6330926 0.5435173 0.4928379 0.7539135 0.65340906 0.4040767 0.19486606 0.46444362 0.6372355 0.8585749 0.28638402 0.59464294 0.06857188 0.6951985 0.43510973 0.7413418
0.4467027 0.7259107 0.14522998 0.43907842 0.7758245 0.22487381 0.9660529 0.8273927 0.30179283 0.8673578 0.54970795 0.060635824 0.3780639 0.54568696 0.6036361 0.27852717 0.1267008 0.7371763 0.18045376 0.7546252
0.18365426 0.35430127 0.1404029 0.86092716 0.5221894 0.72208077 0.71551883 0.8188283 0.86480653 0.81184196 0.6356035 0.30603522 0.71132994 0.45799685 0.810492 0.92466617 0.15743211 0.5645393 0.7433684 0.12529439
0.3907991 0.52214384 0.4736912 0.5008012 0.40137628 0.8378446 0.17720118 0.048035488 0.48008266 0.5718969 0.5693567 0.35102302 0.8827 0.12293921 0.22554581 0.13754319 0.69061697 0.734213 0.8727274 0.9002496
0.20964761 0.2651973 0.54753596 0.8703974 0.24095179 0.029656533 0.71248937 0.1887574 0.68863827 0.60883194 0.8961781 0.147101 0.42543927 0.7915385 0.27718326 0.2902251 0.1863014 0.1470727 0.20285086 0.845313
-0.001878604 0.52900845 0.76810455 0.20692335 0.7892114 0.72079027 0.74660355 0.4895565 0.82781154 0.3732646 0.14399363 0.79453397 0.92964447 0.2697323 0.8259024 0.30472878 0.42691702 0.55091524 -0.008336222 0.48004046
0.52881104 0.16278486 0.60541666 0.740336 0.07991991 0.50170106 0.11928711 0.8527189 0.36432996 0.45971277 0.60294235 0.48848268 0.6857209 0.41439646 0.7431117 0.46521536 0.8295748 0.7704607 0.11020542 0.5156246
0.35535446 0.7521563 0.33481106 0.26253414 0.42657366 0.28329003 0.26909658 1.0209647 0.48541602 0.3775782 0.2211486 0.3964344 1.1588429 0.27548534 0.6679139 0.8133092 0.74353576 0.8102037 0.8271787 0.80887926
0.48211184 0.46913782 0.5330348 0.25647682 0.2596133 0.11478993 0.37651044 0.757874 0.2200919 0.22785774 0.5397777 0.8858244 0.18443686 0.7566765 0.14859939 0.13196518 0.6187415 0.55917245 0.7897905 0.4696371
0.76901525 0.75530237 0.9788327 0.12272332 0.8166942 0.6539525 0.45505506 0.7630716 0.8833809 0.7678291 0.36502534 0.1407114 0.22801536 0.4092633 0.8684793 0.8668433 0.19323713 0.14710851 0.53786105 0.789291
0.19600958 0.67242515 0.3586584 0.88513124 0.5626983 0.35068917 0.80663127 0.1349293 0.16483478 0.70121604 0.34436813 0.6282288 0.65532535 0.9654749 0.9569827 0.21726342 0.6278304 0.69073296 1.034737 0.33212832
0.7194762 0.9698364 0.15220155 0.07194518 0.47819144 0.8432597 0.2657889 0.5873174 0.050415825 0.34345046 0.31922925 0.7537721 0.37737584 0.73822176 0.9261457 0.9061844 0.06768352 0.23747134 0.21605818 0.88156825
0.60258955 0.4442515 0.45101237 0.24804279 0.2820721 0.45376602 0.1557311 0.37916777 0.3265949 0.16157229 0.5863864 0.580636 0.1644023 0.07816922 0.7629656 0.773146 0.2643827 0.65640706 0.5087167 0.7575834
-0.27830666 0.27613097 0.2402125 0.13846242 0.28952008 -0.31303424 0.18075043 0.49513945 0.06911665 0.2634663 0.279204 0.5566878 -0.1703443 0.46441635 0.5771848 0.292823 -0.05698414 0.4646321 0.34668684 0.5429023
0.55373776 0.4215111 0.18195233 0.41616789 0.1719198 0.82757115 0.6713596 0.5937698 0.44839388 0.27935565 0.08098282 1.0071862 0.7852572 0.54738927 0.9822431 0.532811 0.15677531 0.6952243 0.5920714 0.38122135
0.4419839 0.84334934 0.4420937 0.6743895 -0.116396084 0.48118007 0.35672912 0.49249268 -0.04386589 0.31654733 0.2002637 0.0025275066 0.32468075 0.00036852085 0.76787716 -0.088108085 0.7109523 0.06576882 0.62087923 0.8318305
0.16382317 0.7368058 0.122854285 0.83414084 0.32990864 0.30044973 0.0472301 0.42019817 0.42727697 0.27686292 0.78430164 -0.0030240626 0.12629923 -0.00850592 0.21481456 0.6620839 0.42929116 0.75468653 0.5673404 0.076819934
0.6823625 0.55440855 0.5747809 0.6371426 0.8461186 0.6417226 0.29424968 0.34671727 0.010576891 -0.08833639 -0.0155496225 0.48546812 -0.07440354 0.40405998 0.42145157 0.16055779 -0.028312568 0.5904738 0.5446431 0.27754176
0.71786755 0.4169084 0.1781436 0.9165387 0.3029821 0.88691974 0.71372294 0.22667716 0.8785883 0.66715527 0.11930034 0.88918865 0.41268912 0.15924455 0.5693766 0.3405248 0.7649131 0.31845695 0.25546935 0.19140536
0.649952 0.24458697 0.31734285 0.6346479 0.24904636 0.27161357 0.008714847 0.17140722 0.31078702 0.46348155 0.19170573 0.056789856 0.670496 0.83660394 0.6341876 0.7987765 0.57442284 0.28741744 0.5652734 0.6794811
0.19625485 0.8627166 0.24601044 0.8977449 0.43860915 0.5556767 0.58842224 0.2795413 0.37954187 0.33176848 0.18493585 0.1298374 0.86813784 0.5006125 0.71193624 0.7290676 0.82846326 0.81509125 0.3309208 0.05716869
0.59327036 0.094874635 -0.015701162 0.7969732 0.6466832 0.07726863 0.8773035 0.89364254 0.5531336 0.54978746 0.7369035 0.86333734 0.6975095 0.007317259 0.48029032 0.26598305 0.11346326 0.038545627 0.31870916 0.17740075
0.39022925 0.8068468 0.84939593 0.1501089 0.7530126 0.39196104 1.0451556 0.5314031 0.7854851 0.16122946 0.92610633 0.26047817 0.50171685 0.766718 0.4443344 0.80643034 0.21342176 0.8041359 0.37082675 0.5830866
