0.33838955 0.01708103 0.06047333 0.670064 0.0025444827 0.13811386 0.11492692 0.81578493 -0.060708236 0.41511196 0.036392923 0.8606292 0.70340055 0.76475924 -0.009201413 0.8382505 0.46527395 0.06256619 0.55418557 0.46533367
0.18360636 0.091970935 0.8081709 0.32043222 0.11212003 0.8863317 -0.021750122 0.70673364 0.37311283 0.7571742 -0.058489956 0.70663553 0.26128164 0.6993941 0.32201058 0.11550047 0.59767365 0.20344709 0.8091153 0.8477127
0.7940102 0.9167267 0.2440868 0.5354604 0.9738167 0.36611554 0.45747247 0.5756647 0.15443246 0.40410948 0.15340126 1.0747874 0.30887115 0.8119915 0.14664896 0.97455025 0.91430724 0.29126024 0.22383362 0.91547495
0.36113194 0.44736204 0.82548934 0.236029 0.7502181 0.2037486 0.6711781 0.32543126 0.47406027 0.99272174 0.6434574 0.33777168 0.5428433 0.21006909 1.0451937 0.8151486 0.4754877 0.16882731 1.0293536 0.9861936
0.51193076 0.06528165 0.8818647 0.11192638 0.80258816 0.13958985 0.85656315 0.5450179 0.82788503 0.4515957 0.42122224 0.7868875 0.86521506 0.37677693 0.3129736 0.15297756 0.013977243 0.6207428 0.2234965 0.7979724
0.5195839 0.36529493 0.8275933 0.5598424 0.18327233 0.15170276 0.13428046 0.5670949 0.079880394 0.56745946 0.6045857 0.1904917 0.2568652 0.5848961 0.60290277 0.639578 0.6912015 0.96154433 1.0321065 0.5932402
0.49337295 0.29011786 -0.034158897 0.56367373 0.13335775 0.5837303 0.17132896 0.15584487 0.42740688 0.3267383 0.5329436 0.17274764 0.104500815 0.6963414 0.5521266 0.90341145 0.91182435 0.8993698 0.54380006 0.4780491
0.7864999 0.26705325 0.6848309 0.12443673 0.3591442 0.47799945 0.5861914 0.54338855 -0.011662653 0.34632033 0.8719684 0.42325976 0.62624985 0.7051002 0.12745158 0.28473896 0.4783836 0.8335924 0.8067918 0.7386766
0.52784956 0.48907608 0.9166014 0.7504608 0.20064642 0.47945705 0.7572313 0.7924325 1.0343415 0.12938559 0.36333448 0.37717092 0.30049938 0.40213132 0.7667275 0.9553843 0.72563785 0.7344828 0.737288 0.1943158
0.2281094 0.30190158 0.5733052 0.4137236 0.69316727 0.73875576 0.4793049 0.6936173 0.76991254 0.7394295 0.59127396 0.36009964 0.66179603 0.16112193 0.78582007 0.58386725 0.33813146 0.9065071 0.86680686 0.76625586
0.67075443 0.28890356 0.70661587 0.20242517 0.24472523 0.67084306 0.17767656 0.4553122 1.0964246 1.0716912 0.8270691 0.4325491 0.575082 0.9808459 1.0994387 0.67330915 0.87519675 0.2723204 0.39143315 0.9137416
0.06553911 0.8568898 0.744883 0.74669933 0.6960608 0.682355 0.3061833 0.3464738 0.47897407 0.010606189 0.6881829 0.4809951 0.75349087 0.4667147 0.72225004 0.42376015 0.71744055 0.13303582 0.34526402 0.47274718
0.64586395 0.4154954 0.0030265553 0.23630859 0.3355096 0.40700808 0.5908042 0.6887816 0.6484012 0.7773336 0.46087834 0.22659865 0.27236563 0.47994417 -0.04751376 0.44580764 0.48734695 0.7763296 0.65314853 0.24614082
0.62421054 0.111699395 0.564442 0.43483794 0.27055082 0.18648188 0.72048277 0.21546856 0.2949469 0.17288835 0.36963412 0.5319543 0.39641502 0.80949855 0.12889934 0.63847303 0.24273159 0.68626297 0.70923686 0.7095498
0.7368522 0.53392345 0.638864 0.54364973 0.7316248 0.5076694 0.782447 0.8548272 0.2965059 0.850448 0.54816455 0.25970706 0.7791984 0.010310611 0.09840579 0.41504866 0.75935435 0.86453605 0.5856154 0.52635247
0.4617694 0.76989245 0.74093354 0.5346487 0.9450639 0.619503 0.4653501 0.24872164 0.4371274 0.45444852 0.3714191 0.82557553 0.44192436 0.5911342 0.96552324 0.8145643 0.20333445 0.2559825 1.0432361 0.25733778
0.7790688 0.7040378 0.40994585 -0.003442902 0.045738615 0.28327608 0.588927 0.88444597 0.5847042 0.8704705 0.5617232 0.7441441 0.3503554 0.45105436 0.5908943 0.42587978 0.543386 0.32181454 0.6335731 0.43592712
0.39405072 0.5717298 0.6802802 -0.065638214 -0.07647678 0.24045867 0.6593096 0.6823981 0.05913763 0.29325143 0.8622375 0.317649 0.79633534 0.68607897 0.45702142 0.16744758 0.7935154 0.049422543 0.8314443 0.2985046
0.16268907 0.7186357 0.6097345 0.8121288 0.45868194 0.3091923 0.6024068 0.27054507 0.38570207 0.053001575 0.62577015 0.5733494 0.56826365 0.53395957 0.74467236 0.76953924 0.63815504 0.3881473 0.1435334 0.630282
0.73443174 0.8481463 0.88691545 0.5464482 0.00012001445 0.4845845 -0.05588828 0.23143536 0.71828777 0.19649993 0.3752019 0.64568853 0.8304132 0.5406849 0.40125144 0.16913383 0.045966 0.4085542 -0.06981315 0.64127594
0.89396393 0.8928787 0.552897 0.38840798 0.14293574 0.6843901 0.029188778 0.9105412 0.121566966 0.32228795 0.7887835 0.35783556 0.1873315 0.75844854 0.60795796 0.5191052 0.59701407 -0.004959748 0.689732 0.7127877
0.39082628 0.18946816 0.5314866 1.0618585 0.32832 0.3040245 0.3814305 1.0576758 0.23034841 0.73765767 0.76309395 0.83168614 0.84070426 0.16136415 0.5898754 0.5203435 0.5637149 1.0587974 0.38198596 0.64682126
0.60323644 -0.14922076 0.10272285 0.3541592 0.6446475 0.66941214 0.5024455 0.32294428 0.34161255 0.745242 0.054331567 0.72586036 0.22155952 0.65278643 0.57125956 0.23869772 0.43415406 0.28876412 0.6470317 0.53654486
0.22956952 0.15821455 0.80209696 0.44738176 0.67100304 0.89207387 0.29683322 0.15089433 0.21688631 0.4503411 0.98483646 1.0206685 0.497037 0.7491529 0.57939976 0.37067792 0.97308636 0.9447026 0.17362243 0.6645645
0.80902547 0.5417592 0.52621174 0.51341665 0.8224944 0.12817772 0.117844395 1.0151342 0.3977535 0.5539882 0.78678757 0.16170388 0.25441223 1.0116979 0.6850823 0.6522321 0.34352887 0.5342829 0.6329098 1.0361161
