0.5799054 0.32124123 0.1976109 0.5430352 0.20867145 0.7856147 0.47121546 0.35056445 0.45484826 0.6869978 0.5583356 0.56298023 -0.01860915 0.23753628 0.79244006 0.73393637 -0.078926496 0.0012028458 0.4068129 0.788513
0.5213294 0.6253602 0.5619819 0.33003992 0.3786145 0.27774838 0.5261647 0.554556 0.58961207 0.5810426 0.238929 0.24505378 0.64251226 0.60330117 0.16429271 0.17323093 0.8909443 0.48636118 0.92573416 0.81079495
0.9627643 0.8058253 0.60147643 0.67072713 0.9065591 0.22095829 0.48506513 0.47470483 0.118799984 0.85159826 0.10315524 0.9516716 0.5093705 0.9068408 0.7926558 1.0121989 0.9597362 0.12590916 0.5248085 0.6220445
0.116144754 0.2706105 0.14926139 0.6792361 0.59964216 0.14595911 0.9858103 0.8011523 0.20655596 0.119962096 0.46206114 0.86742556 0.7767891 0.92979884 0.16327223 0.71271294 0.8834795 0.27388218 0.7805286 0.19453254
0.6459176 0.2567103 0.45368838 0.43989745 0.5547243 0.6741347 0.36306614 0.2491505 0.30884817 0.9296075 0.6703908 0.3975519 1.0560739 0.71705234 1.0380392 0.91327244 0.2278311 0.45406988 0.8807517 0.26770183
0.21096852 0.25635567 0.8692507 0.6565487 0.2583314 0.31995273 0.5172687 0.6366517 0.9286416 0.44179112 1.1213018 0.45647055 0.63914174 1.1456635 0.24049872 0.570605 1.0380442 0.19688462 0.4001201 0.69125426
0.6046485 0.29148585 0.74856997 0.6512349 0.9486818 0.66562414 0.34913763 0.96360135 0.7789501 0.25399286 0.65549874 0.3732236 0.5031934 0.66941184 0.3188247 0.9584508 0.5601704 1.0146856 0.16867203 0.19483517
0.18077508 0.51044726 0.4576861 0.2720405 0.8242709 0.7971008 1.0104634 0.42030594 0.59233546 0.6115078 0.70897543 0.66449183 0.40608847 0.6469746 0.59824616 0.58108485 0.91794986 0.5543458 0.55401903 0.18124546
0.9461024 0.8996539 0.34175792 0.5523774 0.2733007 0.30718464 0.96761024 0.5129809 1.0158094 0.21720839 0.51349944 0.33408463 0.27125847 0.6637661 0.813278 0.5983938 0.7042599 0.61733764 0.33188036 0.59468865
0.24825212 0.05312846 0.81925577 0.8276955 0.7927834 0.0020964772 0.6991988 -0.0081045 0.469753 0.30706418 0.56225985 0.6067777 0.65805984 0.64604497 0.38855666 -0.06871033 0.5250006 0.6219182 -0.034982305 0.41985297
0.9538702 0.7596666 0.20993531 0.7074421 0.5804583 0.75761294 0.095504254 0.34277207 0.85997117 0.79227006 0.36787793 0.74728715 0.56542075 0.56121016 0.48788044 0.5372121 0.45714673 0.52849656 0.15003756 0.88287574
0.5824622 0.7503099 0.2198343 0.36703056 0.83523136 0.40587148 0.8452334 0.017119294 0.8178857 0.7592559 0.23307058 0.12609142 0.51422703 0.5238207 0.6274355 0.6705197 0.46249756 0.73914546 0.6945531 0.13560629
0.34073266 0.8741253 0.40059033 0.02056018 0.2070597 0.72250426 0.6820818 0.8899077 0.7689915 0.50033003 0.7607571 0.8171985 0.7983208 0.9526632 0.6746197 0.5386018 0.2642789 0.67216474 0.14383644 0.32100514
0.55692726 0.7816727 -0.03213967 0.6460281 0.45120433 0.75264835 0.7396039 0.7633341 0.57181525 0.24954554 0.12748332 0.4253546 0.5448623 0.7198087 0.7728339 0.53472024 0.56356776 -0.0423189 0.49573728 0.59484243
0.3291587 0.10128045 0.23271812 0.544849 0.66606534 0.38664943 0.025511649 0.6667557 0.85664165 0.33543542 0.21069254 0.31033048 0.6155639 0.6158291 0.7312448 0.6794929 0.62851685 0.19155003 0.24350002 0.35798213
0.36783892 0.64278704 0.67518944 0.29798687 0.87792313 1.0893486 1.0762706 0.26668036 0.7136836 0.604144 0.19162989 0.4342546 0.41413915 0.35864994 0.3238718 0.629427 0.19819602 0.5276325 0.328422 0.23072359
-0.03937391 0.22583616 0.726357 0.6369179 0.7928739 -0.024777764 0.16097714 0.64685494 0.16760126 0.06379865 0.22359292 0.6354749 0.8770867 0.8707241 0.6627679 0.39695284 0.0045701494 0.3642563 0.7737377 0.58793503
0.96393895 0.6615861 0.76258516 0.3323885 0.72056115 0.37783813 0.83020383 0.5799476 0.3528328 0.6684506 0.13574024 0.40272483 0.5716296 0.79551077 1.0246929 0.8657319 0.61125773 0.46154338 1.0680199 0.60643506
0.48456696 0.25259438 0.475554 0.3481018 0.6365895 0.32712328 0.9774439 0.28796476 0.85671204 0.26197866 0.6420783 0.6790197 0.57223576 0.679058 0.7139695 0.77708554 0.83504903 0.41610032 0.64771587 0.7916324
0.6833377 0.3501788 0.63153213 0.77339596 0.64959663 0.24866068 0.20554137 1.0093242 0.7913216 0.10183283 1.0225192 0.45057645 0.22985247 0.36912644 0.60157615 0.18609732 0.16299807 1.0219395 0.5545848 0.08364674
0.33198726 0.49415225 0.48141506 0.6734419 0.6139966 0.21389994 0.31437418 0.314201 0.65921414 0.40420833 0.6684635 0.17028451 0.28938225 0.8036898 0.31427327 0.15326458 0.3922145 0.49661836 0.46568486 0.44058064
0.060914684 -0.032318234 0.33441302 0.001940057 0.86131984 0.88151616 0.59214216 0.7201165 0.29838178 0.051793884 0.1230811 0.8819297 0.55060023 0.37640563 0.024143577 0.015466765 0.1482962 0.65762764 0.57379377 0.037481528
0.31324777 1.0258381 1.0530432 0.7622767 0.34232515 0.2984688 0.64950836 0.64745724 0.19672084 0.4741323 0.8520716 0.5838955 0.9557055 0.44576588 1.0219637 0.19510788 0.34228158 0.6578535 0.43881667 0.1619126
0.5234847 0.37301865 0.40404728 0.37407652 0.70854807 0.16296245 0.95896643 0.6593488 0.91451466 0.3890827 0.2925787 0.80818915 0.63755083 0.79972804 1.0388368 0.676203 0.3797177 0.57953566 1.0273061 1.0369803
0.842303 -0.053721536 0.58803767 0.8252029 0.09736494 0.20454326 0.6941887 0.6689696 0.4839043 0.66530263 -0.013944308 0.67748314 0.17905422 0.477766 0.5793571 0.2588406 0.22173868 0.6714925 0.6334655 0.17152478
