0.388269 0.8007874 0.835575 0.3281606 0.73808765 0.23916839 0.43098453 0.80860823 0.8010146 0.68754935 0.8471983 0.2234772 0.6032216 0.28465307 0.6488208 0.86120975 0.66413814 -0.002932826 -0.048378076 -0.022046776
0.6397335 -0.20280449 0.24467649 0.5811563 0.6501847 0.34978038 0.35300666 -0.1071395 0.4417242 -0.03062464 0.55124635 0.60620916 0.33919516 -0.010269138 0.42929953 0.5816482 0.2192571 0.7276993 0.7233259 0.35868564
0.57530737 0.80021954 0.67033845 0.31399804 0.37512785 0.29820177 0.20841832 0.08035496 0.8966252 0.76000595 0.31712818 0.97315615 0.87083554 0.88406235 0.7286133 0.17734939 0.3134748 0.8963434 0.19936298 0.96038747
0.44566706 0.80935764 0.15903063 0.5072484 0.09796645 0.8626635 0.972112 0.69387954 0.1988716 0.6293912 0.99886787 0.36580148 0.47567073 0.5316656 0.46815 0.3945891 0.72813314 0.6316256 0.7388602 0.75652426
0.26562697 0.8543329 0.23678419 0.38301912 1.0047405 0.33468914 0.9127661 1.0098778 0.19155216 0.7465395 0.8929691 0.8459884 0.90935504 0.17910758 0.74493253 0.08968986 0.7261626 0.5109501 0.3152898 0.35667703
0.13870586 0.6461077 1.0128776 0.6619436 0.49818906 0.44957814 0.306922 1.0062807 0.068478264 0.5946306 0.24829249 0.3570801 0.76951706 0.11443334 0.29127023 0.77299815 0.119998805 0.8808703 0.3413831 0.76070327
0.465662 0.7416309 0.4068245 0.26649255 0.23439772 0.009550602 0.24566995 0.23477714 0.32743767 0.27318966 0.1664687 0.6238851 0.08650831 -0.009304916 0.5532157 0.7890289 0.27316928 0.7368363 0.7341695 0.13121404
0.56747013 0.7108037 0.13347559 0.62612814 0.15077247 0.71326524 0.037051618 0.8081379 0.36204308 0.77327377 0.17005163 0.47553575 0.2149994 0.812657 0.3818053 0.2594065 0.74975693 0.63822496 0.31051683 -0.14558147
0.7021252 0.07007339 0.7849601 0.78408897 0.20232691 0.48504725 1.0036907 0.9771596 1.0080584 0.6098498 0.6158645 0.43883198 0.85424477 0.8712157 0.36550152 0.7530943 0.27291834 0.4761871 0.97728056 0.48278186
0.44768703 0.054943733 0.8822478 0.26718643 0.7372902 0.51160115 0.0030128467 0.06688461 0.25217146 0.18476287 0.51573026 0.713754 0.83603007 0.5992654 0.5601709 0.7044974 0.7434576 0.29965085 0.13829234 0.22455627
0.4625785 0.42071965 0.0011728293 0.5852008 0.62893605 0.25588587 0.28618762 0.48251387 0.8698271 0.56444776 0.8512098 0.29696205 0.36876175 0.52911955 0.37952155 0.15718827 0.9391518 0.35833743 0.22003143 -0.005837951
0.19977494 0.17368971 0.6171069 0.3443177 0.2798136 0.89763606 0.72228736 0.91703135 0.9355191 0.73898107 0.47756928 0.53883785 0.2552152 0.69904137 0.34850568 0.876699 0.24611993 0.06201174 0.19572799 0.7243604
0.4036869 0.5225522 0.77687705 0.08825031 0.22446783 0.7444541 1.0051483 0.41362715 0.423185 0.42144385 0.28797498 0.33056974 0.6794641 0.93639624 1.0039434 0.7518713 0.82422423 0.10104739 0.8297954 0.78153604
0.1234843 0.6516137 0.101119235 0.39602003 0.118672945 0.901922 0.73318785 0.52352995 0.09484663 0.92775756 0.35862806 0.24604459 0.3464651 0.40412503 0.29383022 0.704869 0.28451997 0.006822642 0.5302774 0.8197746
0.9080231 0.61704314 0.3730292 0.14214969 0.8032422 0.010500634 0.28641716 0.7102134 0.005356485 0.24270092 0.3509476 0.79403716 0.8390108 0.8506577 0.5312931 -0.017458517 0.67721206 0.17344537 0.9101306 0.764454
0.1007766 0.86205745 0.17894074 0.18143614 0.6268215 0.29214293 0.8929897 0.89117384 0.10566489 0.5820778 0.70123893 0.6578396 0.21209191 0.912539 0.1605092 1.0134318 0.09135842 0.5912187 0.47506917 0.5353832
0.46428373 0.9328932 0.57569253 0.36208498 0.2414586 0.9464902 0.94317836 0.72154367 1.0539972 1.0680206 0.5257137 0.23919612 1.0755558 0.23929445 0.5897931 0.29513195 0.5116802 0.31205994 0.18658812 0.19041295
0.65251136 0.50756925 0.42004707 0.0599205 0.7126256 0.1682951 0.42918614 0.11582119 0.20047331 0.41189757 0.7083796 -0.07836316 0.8174734 0.6915698 0.41975144 0.05509344 0.8585321 0.24478622 0.6234187 0.80280614
0.5806933 0.447578 0.52984256 0.008115936 0.5708833 0.023511525 0.6191816 0.29065895 0.68878394 0.4062327 0.28323823 0.85874456 0.5859497 0.35116032 0.46355173 0.2887777 0.3372304 0.46322152 0.20636451 0.65997404
0.08743727 0.64606375 0.77969414 0.36598822 0.6201737 0.6813102 0.86809134 0.49015942 0.7310585 0.5619724 0.8348093 0.3394899 0.20386373 0.09232804 0.57562745 0.55052626 0.7183165 0.34369594 0.46395642 0.053848237
0.5405442 0.4418281 0.80701345 0.85483396 0.053460985 0.81637144 0.9054517 0.45083565 0.40857434 0.085314475 0.56052107 0.4453585 0.52052623 0.39633608 0.8693932 0.22701047 0.011479291 0.8229821 0.33570325 0.6007406
0.18041971 0.800822 0.17097001 0.27737105 0.80980265 0.22805405 0.3729131 0.7349932 0.4009978 0.38671625 0.9626611 1.0046397 1.02048 0.5410848 0.6506553 0.57145774 1.0797765 0.46603233 0.50100493 0.31323418
0.51887643 0.1889693 0.52539474 -0.12778892 0.73147875 0.5239887 0.05041513 0.61611366 0.6242117 0.6416369 -0.124207094 0.1925852 0.07704994 0.39548984 0.4075692 0.6912888 -0.01649756 0.592789 0.73207974 -0.16820535
0.10333504 0.16671413 0.859864 0.37566635 0.28480977 0.37368616 0.7940072 0.5163504 0.91773605 0.923139 0.17559993 0.31586796 0.31692117 0.36748222 0.96571654 0.7649948 0.4023589 0.2671372 0.84090966 0.33324528
0.19651458 0.27319643 0.5669817 0.48770472 0.7004809 0.7156217 0.64944124 0.9126881 0.11839644 0.46996439 0.7600827 0.5535107 0.64838153 0.45608032 0.6169326 0.6158117 0.9367608 0.9878383 0.38391444 0.45991662
