0.7906455 0.42790362 0.37201795 0.90595156 0.56005126 0.018988647 0.39806634 0.47127354 0.21889696 0.5215294 0.8984515 0.414147 0.80450016 0.38837653 0.9040014 0.14370069 0.70596725 0.21343063 0.88761586 0.02816773
0.29727936 0.75592506 0.21222991 0.2501278 0.5006468 0.29338616 0.09977699 0.85006845 0.045941323 0.063523 0.4138611 0.15408427 0.54868704 0.96878093 0.50507957 0.2431866 0.7402101 0.35706615 0.29397705 0.9740227
0.7860688 0.17588659 0.42864737 0.55829716 0.55156267 0.6151513 0.431939 0.27161306 0.082600065 0.35582083 -0.021345463 -0.05237062 0.55310816 0.6854401 0.33886248 0.2897951 0.3948458 -0.067988746 0.6574925 -0.005509079
0.21537168 0.6829393 0.88996285 0.44607583 0.49677837 0.8472295 0.9817041 0.3960153 0.5261121 0.75611454 0.3116155 0.91073203 0.155049 0.36312184 0.9046556 1.0275123 1.0412374 0.28877935 0.8925324 0.5222948
0.7989646 -0.09889678 -0.03359713 0.33713907 0.8387214 0.8535792 0.7613222 0.5910481 0.80103976 0.32825726 0.8264039 0.18080068 -0.01288742 0.37152267 0.02150836 0.78938824 0.05916797 0.17991924 0.70295614 0.27651238
0.6358879 -0.11102269 0.75954753 0.72029716 0.18791968 0.6090624 0.45562282 0.45832357 0.6560622 0.05654103 0.70444995 0.06006441 0.68140227 -0.017147735 -0.14589968 0.6031371 0.64099944 -0.07012264 0.51105714 0.02004142
0.76509434 0.8573099 0.97901446 0.41266912 0.56157166 0.6818018 0.16556714 0.5766189 0.14131473 0.46172974 0.7359417 0.31961018 0.15709239 0.24907595 0.9993869 0.73537403 0.36406523 0.43932948 0.81711024 1.0636384
0.6731816 0.663694 0.69145155 0.80594873 0.11930076 0.2409923 0.79260004 0.18175347 0.7842345 0.506454 0.66019315 0.37691417 0.3468054 0.42990965 0.2775962 0.26909402 0.86911386 0.42727968 0.6117478 0.42652485
0.52778965 0.5742984 0.09180731 0.6888562 0.7327409 0.67864347 0.74013716 0.10649678 -0.021697886 0.76786906 0.72511345 0.6110572 0.68021095 0.1565397 0.63779044 0.21746574 0.7878601 0.5617301 0.25297984 0.57199585
0.32015046 0.8769634 0.23932374 0.16986947 0.31244746 0.31798387 0.7602772 1.0400622 0.56746066 0.34011418 1.0652896 0.27146658 0.9879595 0.97955614 0.526913 0.47110808 0.34536615 0.8668918 0.37518686 0.4598575
0.13220237 0.60405 1.0221485 0.3362121 0.6994109 0.79995865 0.29977039 0.24390776 0.88176996 0.7533671 0.7965569 0.16743654 0.7436058 0.90159994 0.8598308 0.20452276 0.41090366 0.12593566 1.0422875 0.27637935
0.5605083 1.0505756 1.1028856 0.42470342 0.46037528 0.84097695 0.38448274 0.29199284 0.63329697 0.8188774 0.4969328 0.6651492 0.53313404 1.0317671 0.4500788 0.29245117 0.6404714 0.528549 1.12623 0.4055245
0.80799717 0.65515316 0.18640554 0.4779715 0.97585124 0.18898521 0.21873061 0.75245476 0.35506263 0.9348672 0.71263444 0.36251628 0.28588745 0.83865803 0.15214057 0.9206542 0.80611 0.29169723 0.6008679 1.0010803
0.662629 1.0058612 0.25944284 0.3763336 0.11507056 0.71518105 0.20825303 0.49314925 0.12358844 0.5816479 0.30059326 0.478789 0.7461558 0.92004895 0.6687087 0.6315511 0.90446067 0.6168801 0.50848633 1.0600846
0.82484406 1.0704504 0.44186017 0.2196772 0.23564015 1.0040159 0.5557742 0.26592436 0.7707615 0.4065785 0.5464284 0.25010204 0.99205834 0.27872893 0.71732026 0.7578052 0.78067833 0.1779391 0.7518631 0.25451922
0.672985 0.9253181 0.6431274 0.6807542 0.11206954 0.8971581 0.7706043 0.09880099 0.2632509 0.932864 0.9434249 0.6737975 0.86457866 -0.01631281 0.8619105 0.046414573 0.5496801 0.512039 0.31427953 0.5338239
1.0261712 0.66267806 0.7148015 0.96691674 0.33691657 0.06883465 0.6098597 0.3163023 0.35022128 0.4614093 0.39091596 0.41157985 0.7368701 0.50866157 0.15978816 0.6487311 0.61727977 0.6150194 0.4020959 0.1213267
0.95997554 0.65621966 0.19131775 0.28303134 0.952108 0.76098514 0.31835064 0.98719805 0.8824015 0.5244597 0.31715235 0.28161287 0.25435144 0.63712645 0.93267125 0.29462868 0.53260726 0.6333599 0.12119522 0.9783569
0.8119919 0.14071971 0.8108409 0.24206118 0.7563354 0.9702513 0.5600456 0.99194753 1.0037628 1.0116391 0.25251222 0.65751463 0.5896629 0.6981013 0.8298598 0.3935958 0.75962317 0.44621113 0.5821839 0.17605326
0.024139334 0.7591842 0.19430263 0.7859371 0.50865465 0.5905763 0.2244615 0.34488487 0.4062038 0.21268667 0.7266111 0.12553169 0.1619101 0.57088 0.46223077 0.00023331988 0.18950148 0.72892165 0.42436102 0.012189437
0.8402455 1.000605 0.52468 0.06802858 0.106332295 0.8749794 0.83821905 0.9853626 0.48188007 0.7925798 0.2979161 0.07429941 0.24664703 0.9820011 0.4507933 0.88946724 0.6709609 0.23541643 0.36415547 0.8773972
0.38960278 0.7493126 0.8613025 0.9885968 0.23508102 0.13430348 0.467099 0.74827254 0.33092812 0.8630809 0.4773665 0.052462455 0.5630372 0.6152193 0.50659925 0.050779756 0.33617246 0.5588665 0.6035182 0.57224065
0.5357693 0.93860275 0.53195935 0.41588405 0.58272636 0.29398724 0.34580997 0.12031634 0.28214607 0.8051045 0.8366196 0.32560602 0.80823195 0.22035834 0.32202232 0.9404045 0.7335881 0.8806605 0.87748647 0.59203845
0.34971744 0.34867653 0.44868392 0.9401007 0.57775795 0.55349 0.5897606 0.38696665 0.22789381 0.5144036 0.4916708 0.2999128 0.16574144 0.21746504 1.0302255 0.19481505 0.6435416 0.56660223 0.91057414 0.7289692
0.28473037 0.54857314 0.74407864 0.122745365 0.49755296 0.47466347 0.31444603 0.24105716 0.79777044 0.09144312 0.22874597 0.43009198 0.11719816 0.8814486 0.5274367 0.4338365 0.77291113 0.784357 0.73192996 0.8519741
