0.66082364 0.13120425 0.68557906 0.49666914 0.39423764 0.3028016 0.9416934 0.38486746 0.22376445 1.0188692 0.31227913 1.0193162 0.37671047 0.1303336 1.0113283 0.99060434 0.67442495 0.49089006 0.96301055 0.2536429
0.37041098 0.9672774 0.17920753 0.6183024 0.7795749 0.59626865 0.34511933 0.72548157 0.17886719 0.44677326 0.965954 0.73928785 0.8435408 0.099852815 0.7794219 0.52193207 0.93343765 0.42156842 0.7033591 0.2503758
0.35025418 0.6842137 0.87066054 0.22214602 0.5525633 0.90481967 0.102524795 0.8256712 0.46992424 0.19283973 0.459122 0.13529433 0.29985738 0.38234338 0.6702884 0.040742103 0.7487569 0.9479497 0.6562397 0.71066
0.43542674 0.35638973 0.45021045 0.2656 0.5950693 0.92271876 0.8533983 0.8023287 0.15526968 1.0055712 0.12084293 0.8667805 0.31015474 0.74590766 1.0227909 0.46303678 0.88411134 0.7601194 0.16510963 0.35205626
1.0662048 0.3540887 0.4822658 0.16067399 0.37566435 0.18532075 0.18891063 0.5006986 0.43590194 0.8250623 0.22975421 0.16265641 0.81743664 0.24663575 0.8774911 0.3368882 1.03706 0.7633399 0.590554 0.5954681
0.68183964 0.09847927 0.89799386 0.39254564 0.2721591 0.16845778 0.8580099 0.3665561 0.9168937 0.47558594 0.5375534 0.9390856 0.3948134 0.23826207 0.99295866 0.99224716 0.60811317 0.3245594 0.50640666 0.84962845
0.35132194 0.6097506 0.63634646 0.52014244 0.34787002 0.7978463 0.31429788 0.697354 -0.009351633 0.3909727 0.8158361 0.36642858 0.48742205 0.8541709 0.79034394 0.1426227 -0.062682584 0.5194658 0.892555 0.53408974
0.6740654 0.89186937 0.019261792 0.13285367 0.40385544 0.29303598 0.26976407 0.630497 0.20908095 0.21632959 0.27030694 0.08559854 0.23735008 0.0023875486 0.56647474 -0.017424393 0.010464066 0.6554031 0.88615495 0.8482231
0.53684515 0.35515133 0.717962 0.19782208 0.71258885 0.73471135 0.7614109 0.46258727 0.70187587 0.9297671 0.3969704 0.9435251 0.21383996 0.77506536 0.09641201 0.092873976 0.96999943 0.18931818 0.7346225 0.83855337
0.36424932 0.30287662 0.519522 0.48066482 0.121539086 0.46795502 0.31223732 0.83427125 0.17246933 0.56357557 0.3259771 0.3411491 0.6337674 0.2563473 0.6229626 0.7989622 0.6152382 0.2397815 0.096674725 0.5729812
0.6882814 0.71719503 0.07213221 0.49196216 0.40380353 0.69973975 0.32778996 0.81482565 0.26358032 0.4330914 0.3439382 0.9532076 0.02942561 0.6068635 0.7812923 0.5428574 0.68012184 0.7900056 0.15399596 0.27086025
0.7441987 0.14776951 0.8366231 0.9269159 0.694087 0.52805364 0.81046677 0.80587393 0.04026026 0.9296452 0.7332601 0.6321646 0.3034895 0.67377144 0.6946241 0.03240901 0.8378771 0.32302383 0.19527957 0.7020613
0.4990316 1.1946383 0.5388993 1.0620941 0.6180193 0.49404874 0.34664285 1.1282309 0.23593152 0.3073666 0.81736547 0.36322707 0.4157753 1.0780722 0.7540994 0.4021768 0.6967565 0.30757573 1.0599318 0.4240438
0.67582214 0.99324024 0.9714785 0.3267195 0.24499004 0.35664743 0.70904136 0.52365524 0.8522744 0.98227674 0.12921973 0.28996208 0.5756306 0.29896078 0.32105744 0.9422776 0.36744484 0.9043513 0.36190984 0.49844283
0.4900394 0.9552394 0.54206693 0.3186816 0.613137 0.8188237 0.5289425 0.5033055 0.27211526 0.5159458 0.84577584 0.17540252 0.47840255 0.9131521 0.5311132 0.2996756 0.5182563 0.8698066 0.9797242 0.37369874
1.0663555 0.13594897 1.0369979 0.7939203 0.98380095 0.6952064 0.39529985 0.71489984 0.7681627 0.21963161 0.3090907 0.854806 0.28277656 0.9121857 0.48757532 0.24749859 0.7639139 0.29448992 0.2034337 0.41653726
0.14526904 0.63344043 0.2688072 0.03917136 0.9365862 0.12737884 0.58922195 0.7015137 0.1574568 0.052787896 0.82252 0.84676945 0.14244029 0.009140466 0.0049092686 0.817063 0.7945387 0.07830401 0.07348197 0.14837629
0.57567495 0.8109604 0.8652542 0.75869614 0.558815 0.003124717 0.6746193 0.6514489 0.8681455 -0.025443614 0.29376945 0.77239865 0.2776433 0.5295163 0.61033225 0.015091017 0.701249 0.01944659 0.5562837 0.477627
0.8750692 0.43781883 0.41021886 0.5388292 0.6552997 0.6966199 0.41383138 0.91283387 0.685729 0.29674643 0.4577104 0.3278937 0.7850078 1.0458521 0.1583806 0.57763577 0.25339392 0.382508 0.13238433 0.16033217
0.23178743 0.11016258 0.8600569 0.8790889 0.09027045 0.3368686 0.37041286 0.9568171 0.95621395 0.5136082 0.7443705 0.6872172 0.57848525 0.028220415 0.122334905 0.09802507 0.21053964 0.11086621 0.18242177 0.7203487
0.1751791 0.51087844 0.17678003 0.4742847 0.9137519 0.9442632 0.44505477 0.17449793 0.7674388 1.0008612 0.49647456 0.42735055 0.74125856 0.11358912 0.17823356 0.4769062 0.42853788 0.672057 0.6288453 0.3565266
0.9659311 0.8335819 0.84920853 0.73905 0.14118682 0.59363025 0.5083634 1.0097944 0.327235 0.8945442 0.14866361 0.25034767 0.9851871 0.34917822 0.10996183 0.40302455 0.68625265 0.3126667 0.49508113 0.78884226
0.9992207 0.22751088 0.8314818 0.2874877 0.06201219 0.87327516 0.113778554 0.65792954 0.5407699 0.4314761 0.99600005 0.35203564 0.51588106 0.06479153 0.8525527 0.3380597 0.26889727 0.67281246 0.6309668 0.33995524
0.29769033 0.56693465 0.49152642 -0.08284805 0.40902343 0.12186828 0.675628 0.061868917 0.3497731 0.3647475 -0.22323236 0.36035618 0.46325997 0.67595714 0.6852031 0.6254537 0.63288987 0.053698972 0.4590421 0.43918702
0.17505476 0.66967756 0.7541522 0.5679373 0.88648134 -0.019412974 0.00207274 0.5452154 0.5165481 0.16310498 0.51349646 0.15555021 0.3839744 0.8363665 0.9265005 0.8738225 0.4226263 0.48071846 0.44961405 0.81286305
