0.6097511 0.40612364 0.12744427 0.60950464 0.34701556 0.3410911 0.7273802 0.040149607 0.8551142 0.51589346 0.2876255 0.40322924 0.2644799 0.70941335 0.7446523 0.82376176 0.304489 0.64175934 0.46026537 0.85804623
0.9490232 0.83164334 0.32126394 0.11064326 0.5994248 0.24887626 0.63264483 0.44383395 0.72439635 0.3906532 0.31814766 0.9626568 0.4555039 0.2904884 0.43724135 0.19587304 0.8930436 0.7869809 0.4492268 0.17075616
0.46234357 0.28761262 0.4590861 0.79355854 0.8255827 1.0619569 0.9013713 0.5628319 0.9653572 0.68795913 0.2081241 0.32138327 0.98428494 0.5713119 0.6667451 0.2258671 0.35276663 1.0359292 0.41657004 0.93502706
0.40233392 0.7092949 0.81395286 0.5721475 0.64847547 0.6725409 0.62193435 0.5608273 0.91386586 0.7971156 0.5860458 0.7080088 0.8272782 0.092979826 0.5718806 0.9850337 0.67185926 0.7472782 0.83838516 0.20735613
1.0299901 0.9513649 0.52493197 0.12952513 0.5583331 0.6068173 0.43312758 0.5379069 0.4726375 0.83230793 0.71670866 1.0249066 0.98992956 0.9671455 0.45351282 0.9811915 0.6695924 0.100524865 0.17664655 0.5771925
0.1689346 0.50669795 0.6571062 0.5329832 0.26104772 0.36995664 0.65074944 0.93094885 0.9028295 0.6844491 0.34440136 0.6145772 0.69756067 0.7741685 0.6543039 0.9559062 0.25892937 0.8417773 1.0010227 1.040518
0.8963121 0.27512592 0.09599618 0.05775132 0.60317975 0.7300397 0.28778106 0.78866047 -0.009349219 0.8335098 0.15908383 0.3892657 0.013880448 0.88115096 0.7882939 0.31115282 0.8786239 -0.004698077 0.7045866 -0.020213496
0.59769714 0.4878303 0.6911457 -0.1906936 -0.074010864 0.7350651 0.56288964 0.6163961 -0.13745923 0.2235547 0.604156 0.40522903 0.15887691 -0.020257978 0.62916386 -0.15769081 -0.14050455 0.5210756 -0.0105624115 0.43361285
0.9587151 0.5373051 0.9350321 1.0201079 0.96157193 0.45112276 0.44030568 0.9271179 0.7600813 0.49678957 0.15210976 0.883106 0.25271687 0.8623081 0.9483863 0.09865277 0.8543116 0.7057879 0.11902768 0.3779609
0.34627205 0.5221531 0.6596043 0.14678065 0.50241244 0.17322399 0.42269152 0.37619308 -0.066538416 0.6160868 0.47091267 0.32218695 0.3787685 -0.048831288 0.16770639 0.31207737 0.26784483 0.61343586 0.7305932 0.44263616
0.4631049 1.0859581 1.0336996 0.24721101 0.18534355 0.9367373 0.8816873 0.73418236 0.78794837 0.30420274 0.561589 0.28151992 0.50483793 0.4897925 0.666176 0.5008969 0.21580096 0.56694406 0.42577848 0.47752082
0.85038173 0.490325 0.56399494 1.0325695 0.8126652 0.17404501 0.92657995 0.39064404 0.27948308 0.5276206 0.9294212 0.17019181 0.6803016 0.2894601 0.7830444 0.8647374 0.6758639 0.31931344 0.60008806 0.25052848
1.0161197 0.43927628 0.34106937 0.5784949 0.29944283 0.1782742 0.51544005 0.7680317 0.39424717 0.115559235 0.6188897 0.77051437 0.45534974 0.23717716 0.3063458 0.6777246 0.26169068 0.39128265 0.9986221 0.7913437
0.3923254 0.47959214 0.8273811 0.9629399 0.34585387 0.9478064 0.12307291 0.104846686 0.3501752 0.85117453 0.69302535 0.8723788 0.6691767 0.40772143 0.6743282 0.47696698 0.6647327 0.8544857 0.6669723 0.1126764
0.15347321 0.42439616 0.950032 0.8451143 0.4831846 0.60343504 0.84018236 0.45261717 1.042126 0.43469897 0.6116178 0.2210298 0.73702604 0.6794446 0.17250262 0.27228552 0.34268802 1.0428206 0.82953 0.4983989
0.7375934 0.9644947 0.57473546 0.58874184 0.78955567 0.942049 0.3381596 0.24310827 0.73549813 0.96993136 0.85822034 0.5793408 0.13616464 0.33550593 0.76826805 0.79915553 0.3006157 0.17829284 0.6001117 0.15874569
0.6198448 0.47736177 0.5356724 0.85905457 0.19051841 0.3230176 1.023754 1.1042943 0.7614132 0.69491166 0.18765418 0.4767407 0.6004299 0.22800636 0.9876334 0.4728794 0.56418777 0.40304065 0.6538028 0.506531
-0.033190522 0.034211744 0.28976664 0.5263908 0.7718116 0.38321972 0.553314 0.8374429 0.078017935 0.21414259 0.66001785 -0.029725453 0.44040713 0.725509 0.44739348 -0.0797519 0.6987952 0.45117846 0.56965446 -0.12302741
0.926839 0.794411 0.6736542 0.613785 0.569029 0.26940355 0.60797477 0.9547003 0.28921154 0.29801372 0.68460846 0.4807613 0.024521949 0.6220028 0.9264169 0.8684602 0.9003223 0.011050285 0.32358113 0.6307045
0.6414864 0.678267 0.41474938 0.5998415 0.4198103 0.5696275 0.12766965 0.39227906 0.2164288 0.7642386 0.887726 0.20045947 0.37842777 0.2726047 0.078304335 0.3921156 0.14023422 0.7690757 0.48970288 0.26625618
0.6931131 0.3202704 0.75229967 0.20920502 0.7711811 0.6892071 0.9871532 0.17409296 1.0176595 0.538947 0.64636964 0.95435107 0.6744403 0.37391135 0.98712325 0.37672898 0.20680726 0.16843985 0.5121309 0.34462994
1.1120495 0.28624415 0.17990647 0.6695724 0.20708594 1.0654641 1.0857157 0.7200021 0.8282619 0.7605372 0.73425275 0.9743718 0.803943 0.39122173 1.083038 0.5300116 0.17514336 0.35383514 0.18685488 0.5549769
0.8224119 0.6188503 0.724422 0.7680028 0.85421264 0.9509634 0.044778816 0.58966535 0.54776603 0.24307583 0.38520333 0.98110956 0.5131296 0.26535642 0.5091797 0.5878013 0.5136722 0.764829 0.44172558 0.4012095
0.24130191 0.16267475 0.7015794 0.070684895 0.8356611 0.83497965 0.13621052 0.8916997 0.032407526 0.4162833 0.58277863 0.170804 0.5081574 0.66833186 0.4473916 0.83709997 0.28538728 0.8640759 0.61066246 0.739132
0.76432085 0.30751008 1.1753559 0.34750792 0.644768 0.6689715 0.72275734 0.30090147 0.5024429 0.77877706 0.40274933 0.64656687 0.34474266 0.4223348 1.0150651 0.62832063 0.7812443 0.73916644 0.77875304 0.7270525
