0.65665054 0.289035 0.2880073 0.9446294 0.37789157 0.25013873 0.2394765 0.27324426 0.14919029 0.6139014 0.3537295 0.9731824 0.84554106 0.8005558 0.5892201 0.45964533 0.23491883 0.74536884 0.80933535 0.15965979
0.35945964 0.7031703 0.34342062 0.9730819 0.08496292 0.9668498 0.63588125 0.44540387 0.14766037 0.93421227 0.95732814 0.4553251 0.8406455 0.9941668 0.34341103 0.21945769 0.5500336 0.18845741 0.28654274 0.84728485
0.2908292 0.04682697 0.19898659 0.8788528 0.48058498 0.22647563 0.77036315 0.8978988 0.30650565 0.15746397 0.5245586 0.15680982 0.14492476 0.4417082 0.55676085 0.29073974 0.4577258 0.7219541 0.26290572 0.9286648
0.75210047 0.9479111 0.27282578 0.9699232 0.25279027 0.26107445 0.18803051 0.4699674 0.42553172 0.4900356 0.92561257 0.67397577 0.7621215 0.79811233 0.14707887 0.95441216 0.70154494 0.21977116 0.64165837 0.6613587
0.7802212 0.551509 0.9723762 0.15679234 0.31235707 0.42974758 0.22343373 0.18715924 0.97043955 1.0994864 0.42273697 1.0920172 0.3314354 0.22055009 0.93952465 0.30338463 0.9141021 0.74647963 0.5121599 0.45543155
0.40035456 0.2211352 0.8108672 0.9286501 0.7191609 0.5471052 0.2989663 0.10940355 0.39690393 0.5375437 0.18405634 0.52542704 0.2550322 0.21362343 0.54915106 0.40922064 0.14872347 0.10308694 0.5517072 0.6661351
0.54256254 0.58116496 0.11588622 0.2739133 0.24923266 0.5495745 0.21934049 0.25648057 0.7569742 0.7205633 0.050362155 0.7782933 0.46348578 0.87841916 0.31816718 0.09537358 0.3067817 0.8657093 0.045867126 0.62376976
0.36538512 0.23774828 0.83381355 0.8440727 0.6885522 0.71816695 0.48862687 0.2282665 0.4230705 0.0035670067 0.35675734 0.56685174 0.7390401 -0.014781729 0.79616606 0.54282767 0.186568 0.22807804 0.22624429 0.27334917
0.5684843 0.82068104 0.18868174 0.004430131 0.4735989 -0.14805621 0.038177207 0.15636091 0.727489 0.7034337 0.2429 0.6738677 0.29434288 0.33033842 0.5161198 0.4307009 0.08291363 0.19551337 0.012317578 0.76577544
0.93341386 0.7482038 0.43544915 0.26185498 0.69580513 0.2519201 0.7877721 0.3977461 0.9238224 0.3622096 0.41161716 0.4101478 0.33210966 0.19381663 0.22376074 0.51331055 0.753727 0.34839132 0.72366405 0.1777412
0.21821626 0.839505 0.6546494 0.46337175 0.7659421 0.50532037 0.892105 0.18835665 0.4589293 0.44560003 0.88995564 0.8281453 0.23421487 0.13571736 0.4397406 0.30124873 0.91254246 0.2725626 0.62269473 0.15560657
0.834661 0.8564222 0.068202235 0.120562874 0.039346345 0.24777447 0.50180215 0.8834702 0.96175134 0.105495304 0.25517833 0.6277753 1.0134603 0.8567185 0.35484564 0.6008353 0.24783374 0.40499213 0.6949516 0.24052776
0.31274486 0.15269402 0.5990499 0.79933524 0.3796859 0.73290884 0.9046532 0.004897917 0.7050241 0.65671766 0.6265486 0.10411663 0.7142902 0.52281344 0.8580365 0.4491078 0.296787 0.06047816 0.66048944 0.3905034
1.0342455 1.053947 0.7209212 0.73360777 0.47203988 0.25133434 0.3138399 0.37287822 0.47059757 0.45160642 1.0333222 0.7389353 0.73783135 0.2547107 0.31611103 0.28488463 0.63394547 0.52979755 0.6526729 0.23883358
0.40257692 -0.042957075 0.53828746 0.53846097 0.6998905 0.05363191 0.6966637 0.8284453 0.41975594 0.52318877 0.46133038 -0.015499475 0.31632894 0.5920481 0.15183339 0.71846604 0.36427328 0.7563243 0.365749 0.32439545
0.55745447 0.9262072 0.78599924 0.87974167 0.48866257 0.5658925 0.5622846 0.23268324 0.94361365 0.17291108 0.017428176 0.49722826 0.6229917 0.05623237 0.63605 0.8843119 0.120114796 0.26657152 0.8409649 0.119750306
0.45471612 0.51837677 0.46312916 0.9502375 0.58541566 0.28078017 0.67139256 0.60108435 0.38178512 0.5391031 0.4921337 0.98619825 0.66471946 0.9822373 0.08687138 0.084068656 0.15875362 0.096397616 0.1785659 0.90229595
0.6984204 0.44809407 0.8050165 0.38261127 0.29272783 0.6572776 0.8251854 0.531278 0.8822578 0.30557775 0.47635752 0.6048175 0.587527 0.22215527 0.6364135 0.23090336 0.9859261 0.35557133 0.7192355 1.0029137
1.0956361 0.85005677 0.23184095 0.57762706 0.92657864 0.36605898 0.49149466 0.29149026 0.5754305 0.9325476 0.5753796 0.41658163 0.5123882 1.0923723 0.6015621 1.1250052 0.92290646 0.19434735 0.2408896 0.69386995
0.2427234 0.6337104 0.1881851 0.676195 0.47583076 0.59834385 0.6329253 0.5980748 0.6252998 0.1568765 0.85555017 0.9182387 0.20307647 0.46850914 0.28762153 0.36178315 0.37560314 0.6509151 0.24521564 0.91952616
0.85772634 0.3593559 0.43040788 0.3362142 0.56900144 0.8537209 0.6655544 0.9083357 0.66728306 0.21671075 0.25362748 0.35885683 0.97238725 0.3792128 0.14584547 0.8638577 0.08470733 0.1361412 0.5278335 0.40847096
0.20222117 0.75677955 0.70375574 0.35748792 0.31326887 0.56941867 0.07461665 0.27618754 0.8771937 0.4841277 0.18690574 0.7626703 0.8112717 0.42145234 0.3188442 0.1284985 0.31381205 0.62284577 0.3074323 0.07279747
0.47856453 0.014759846 -0.017958242 0.6371119 0.22940384 0.54653317 0.109856345 0.70668817 0.87389773 0.39375544 0.31043845 0.18955208 0.1352346 0.647178 0.87991726 0.48964804 0.62315375 0.7888741 0.53184944 0.019368047
0.49111146 0.58411014 0.7154286 0.7707016 0.23868233 0.5288083 0.7659779 -0.1269719 0.06200113 0.52275765 0.39222303 0.26473644 0.6062481 0.4195946 0.7427956 0.1421612 0.15005288 0.39610317 0.4529816 0.5213847
0.35793728 0.27845007 0.20889106 0.17992866 0.18312506 0.648186 0.72873783 0.5707801 0.5715093 0.8013058 0.7829167 -0.06512352 0.089665145 0.38440642 0.68062204 0.57045555 0.13134779 0.43777794 0.45729402 0.6355514
